time (ms), velocity (mm/s)
1598.400000,0.425918
1598.401000,0.239894
1598.402000,0.190010
1598.403000,0.212615
1598.404000,0.140202
1598.405000,-0.021868
1598.406000,-0.065622
1598.407000,-0.206284
1598.408000,-0.118157
1598.409000,-0.152708
1598.410000,-0.151860
1598.411000,-0.199152
1598.412000,-0.158177
1598.413000,-0.284850
1598.414000,-0.458444
1598.415000,-0.304492
1598.416000,-0.309927
1598.417000,-0.396752
1598.418000,-0.579705
1598.419000,-0.474185
1598.420000,-0.420793
1598.421000,-0.523402
1598.422000,-0.493582
1598.423000,-0.622300
1598.424000,-0.506325
1598.425000,-0.338667
1598.426000,-0.343764
1598.427000,-0.418457
1598.428000,-0.449859
1598.429000,-0.462923
1598.430000,-0.470641
1598.431000,-0.397353
1598.432000,-0.387307
1598.433000,-0.429396
1598.434000,-0.347361
1598.435000,-0.424706
1598.436000,-0.436702
1598.437000,-0.411087
1598.438000,-0.386105
1598.439000,-0.305423
1598.440000,-0.393263
1598.441000,-0.335030
1598.442000,-0.407069
1598.443000,-0.435831
1598.444000,-0.506278
1598.445000,-0.565470
1598.446000,-0.628109
1598.447000,-0.427234
1598.448000,-0.312773
1598.449000,-0.174727
1598.450000,-0.179917
1598.451000,-0.114388
1598.452000,-0.039533
1598.453000,-0.001607
1598.454000,0.083363
1598.455000,0.084263
1598.456000,0.153528
1598.457000,0.209629
1598.458000,0.252418
1598.459000,0.132988
1598.460000,-0.037712
1598.461000,0.033878
1598.462000,0.004236
1598.463000,0.021129
1598.464000,-0.010823
1598.465000,-0.171426
1598.466000,-0.142454
1598.467000,-0.020023
1598.468000,0.093853
1598.469000,0.197484
1598.470000,-0.041657
1598.471000,-0.043363
1598.472000,0.073462
1598.473000,0.007761
1598.474000,-0.058497
1598.475000,0.091547
1598.476000,0.159566
1598.477000,0.156250
1598.478000,0.026583
1598.479000,-0.022329
1598.480000,0.025471
1598.481000,-0.018837
1598.482000,0.082072
1598.483000,0.089116
1598.484000,0.138268
1598.485000,0.148052
1598.486000,0.139768
1598.487000,0.225630
1598.488000,0.147013
1598.489000,-0.017247
1598.490000,0.063398
1598.491000,0.219927
1598.492000,0.321368
1598.493000,0.285667
1598.494000,0.105660
1598.495000,0.214962
1598.496000,0.266902
1598.497000,0.319432
1598.498000,0.439147
1598.499000,0.525792
1598.500000,0.738230
1598.501000,0.728737
1598.502000,0.599986
1598.503000,0.766036
1598.504000,0.940076
1598.505000,0.757753
1598.506000,0.778593
1598.507000,0.712862
1598.508000,0.650394
1598.509000,0.595416
1598.510000,0.607353
1598.511000,0.780164
1598.512000,0.878988
1598.513000,0.872107
1598.514000,0.721176
1598.515000,0.713266
1598.516000,0.418985
1598.517000,0.273049
1598.518000,0.089424
1598.519000,0.037971
1598.520000,0.059806
1598.521000,-0.063737
1598.522000,-0.140646
1598.523000,-0.292623
1598.524000,-0.240593
1598.525000,-0.152362
1598.526000,-0.303816
1598.527000,-0.351688
1598.528000,-0.454747
1598.529000,-0.521577
1598.530000,-0.537922
1598.531000,-0.530249
1598.532000,-0.564215
1598.533000,-0.485022
1598.534000,-0.465216
1598.535000,-0.571014
1598.536000,-0.576315
1598.537000,-0.622461
1598.538000,-0.728750
1598.539000,-0.758426
1598.540000,-0.867308
1598.541000,-1.037314
1598.542000,-0.990789
1598.543000,-0.919714
1598.544000,-0.838503
1598.545000,-0.759287
1598.546000,-0.894829
1598.547000,-0.883375
1598.548000,-0.703416
1598.549000,-0.662636
1598.550000,-0.758158
1598.551000,-0.764342
1598.552000,-0.784613
1598.553000,-0.721995
1598.554000,-0.696874
1598.555000,-0.729624
1598.556000,-0.824671
1598.557000,-0.850860
1598.558000,-0.702612
1598.559000,-0.614401
1598.560000,-0.531292
1598.561000,-0.349203
1598.562000,-0.375962
1598.563000,-0.522269
1598.564000,-0.682305
1598.565000,-0.919407
1598.566000,-0.885443
1598.567000,-0.931035
1598.568000,-0.782873
1598.569000,-0.693980
1598.570000,-0.594117
1598.571000,-0.569303
1598.572000,-0.475290
1598.573000,-0.507692
1598.574000,-0.608274
1598.575000,-0.465542
1598.576000,-0.404062
1598.577000,-0.167647
1598.578000,-0.180124
1598.579000,-0.231009
1598.580000,-0.189106
1598.581000,-0.143571
1598.582000,-0.335209
1598.583000,-0.218734
1598.584000,-0.169552
1598.585000,-0.219452
1598.586000,-0.286308
1598.587000,-0.114858
1598.588000,-0.095563
1598.589000,-0.246779
1598.590000,-0.213582
1598.591000,0.076970
1598.592000,0.068663
1598.593000,0.086339
1598.594000,0.046006
1598.595000,0.125098
1598.596000,0.109375
1598.597000,0.138052
1598.598000,0.218862
1598.599000,0.098353
1598.600000,-0.085632
1598.601000,-0.133486
1598.602000,-0.127596
1598.603000,-0.154281
1598.604000,-0.035246
1598.605000,-0.061846
1598.606000,0.018808
1598.607000,-0.072943
1598.608000,-0.186431
1598.609000,-0.193215
1598.610000,-0.211604
1598.611000,-0.199851
1598.612000,-0.295995
1598.613000,-0.329254
1598.614000,-0.343500
1598.615000,-0.084203
1598.616000,0.029539
1598.617000,-0.201154
1598.618000,-0.250578
1598.619000,-0.225431
1598.620000,-0.288443
1598.621000,-0.286899
1598.622000,-0.332891
1598.623000,-0.223495
1598.624000,-0.101763
1598.625000,-0.018581
1598.626000,-0.052589
1598.627000,-0.163776
1598.628000,-0.081056
1598.629000,-0.045041
1598.630000,0.226938
1598.631000,0.393317
1598.632000,0.439419
1598.633000,0.413940
1598.634000,0.288852
1598.635000,0.299243
1598.636000,0.140777
1598.637000,0.176185
1598.638000,0.218439
1598.639000,0.085375
1598.640000,0.178264
1598.641000,0.071266
1598.642000,0.162289
1598.643000,0.116256
1598.644000,0.179553
1598.645000,0.179790
1598.646000,0.163150
1598.647000,0.020235
1598.648000,0.066756
1598.649000,0.118583
1598.650000,0.292379
1598.651000,0.301931
1598.652000,0.223989
1598.653000,0.475004
1598.654000,0.538007
1598.655000,0.577692
1598.656000,0.506799
1598.657000,0.418894
1598.658000,0.517933
1598.659000,0.597839
1598.660000,0.660972
1598.661000,0.599425
1598.662000,0.549704
1598.663000,0.632854
1598.664000,0.576423
1598.665000,0.366938
1598.666000,0.415291
1598.667000,0.442619
1598.668000,0.330169
1598.669000,0.519920
1598.670000,0.545138
1598.671000,0.518260
1598.672000,0.412289
1598.673000,0.403531
1598.674000,0.369684
1598.675000,0.385931
1598.676000,0.588583
1598.677000,0.519045
1598.678000,0.476198
1598.679000,0.435588
1598.680000,0.602185
1598.681000,0.600915
1598.682000,0.745699
1598.683000,0.725144
1598.684000,0.516865
1598.685000,0.508390
1598.686000,0.466242
1598.687000,0.504346
1598.688000,0.641898
1598.689000,0.726037
1598.690000,0.652278
1598.691000,0.533806
1598.692000,0.694636
1598.693000,0.861230
1598.694000,0.697176
1598.695000,0.838785
1598.696000,0.745773
1598.697000,0.816724
1598.698000,0.913722
1598.699000,0.992522
1598.700000,0.985744
1598.701000,1.042127
1598.702000,0.927722
1598.703000,0.962359
1598.704000,0.962301
1598.705000,0.968749
1598.706000,1.102280
1598.707000,0.984033
1598.708000,0.679003
1598.709000,0.635995
1598.710000,0.693904
1598.711000,0.799563
1598.712000,0.803966
1598.713000,0.601501
1598.714000,0.415692
1598.715000,0.559947
1598.716000,0.523408
1598.717000,0.537160
1598.718000,0.406235
1598.719000,0.434071
1598.720000,0.308776
1598.721000,0.328873
1598.722000,0.437704
1598.723000,0.302150
1598.724000,0.271111
1598.725000,0.145868
1598.726000,0.011104
1598.727000,0.094476
1598.728000,0.147968
1598.729000,0.160829
1598.730000,0.094576
1598.731000,0.064130
1598.732000,-0.057649
1598.733000,0.008900
1598.734000,-0.162439
1598.735000,-0.245852
1598.736000,-0.178929
1598.737000,-0.157382
1598.738000,-0.237360
1598.739000,-0.418976
1598.740000,-0.344567
1598.741000,-0.447136
1598.742000,-0.597574
1598.743000,-0.348381
1598.744000,-0.412048
1598.745000,-0.342738
1598.746000,-0.435884
1598.747000,-0.709815
1598.748000,-0.757933
1598.749000,-0.756636
1598.750000,-0.726577
1598.751000,-0.833368
1598.752000,-0.842737
1598.753000,-0.825000
1598.754000,-0.867799
1598.755000,-0.634311
1598.756000,-0.571494
1598.757000,-0.551995
1598.758000,-0.609551
1598.759000,-0.597122
1598.760000,-0.570554
1598.761000,-0.426497
1598.762000,-0.378083
1598.763000,-0.439090
1598.764000,-0.617794
1598.765000,-0.679238
1598.766000,-0.505680
1598.767000,-0.516208
1598.768000,-0.452210
1598.769000,-0.530841
1598.770000,-0.404593
1598.771000,-0.417721
1598.772000,-0.288065
1598.773000,-0.053622
1598.774000,-0.078863
1598.775000,0.160063
1598.776000,0.300308
1598.777000,0.284136
1598.778000,0.404453
1598.779000,0.387598
1598.780000,0.510403
1598.781000,0.476016
1598.782000,0.358737
1598.783000,0.261919
1598.784000,0.408902
1598.785000,0.523157
1598.786000,0.623102
1598.787000,0.430280
1598.788000,0.315441
1598.789000,0.262522
1598.790000,0.147399
1598.791000,0.296503
1598.792000,0.186291
1598.793000,0.341853
1598.794000,0.434919
1598.795000,0.381776
1598.796000,0.562456
1598.797000,0.581231
1598.798000,0.559922
1598.799000,0.639711
1598.800000,0.481628
1598.801000,0.552794
1598.802000,0.604427
1598.803000,0.730903
1598.804000,0.577274
1598.805000,0.732415
1598.806000,0.641633
1598.807000,0.594833
1598.808000,0.521453
1598.809000,0.591446
1598.810000,0.679074
1598.811000,0.612563
1598.812000,0.506592
1598.813000,0.479525
1598.814000,0.403390
1598.815000,0.438321
1598.816000,0.548432
1598.817000,0.680541
1598.818000,0.558496
1598.819000,0.632644
1598.820000,0.607780
1598.821000,0.560367
1598.822000,0.491496
1598.823000,0.446645
1598.824000,0.491164
1598.825000,0.482585
1598.826000,0.499873
1598.827000,0.520562
1598.828000,0.586472
1598.829000,0.596317
1598.830000,0.669947
1598.831000,0.565428
1598.832000,0.534991
1598.833000,0.544379
1598.834000,0.504795
1598.835000,0.416004
1598.836000,0.470762
1598.837000,0.588960
1598.838000,0.613608
1598.839000,0.541014
1598.840000,0.524050
1598.841000,0.359612
1598.842000,0.452228
1598.843000,0.468252
1598.844000,0.357332
1598.845000,0.459023
1598.846000,0.344165
1598.847000,0.394823
1598.848000,0.271954
1598.849000,0.354458
1598.850000,0.307410
1598.851000,0.091462
1598.852000,0.177673
1598.853000,0.088216
1598.854000,0.042141
1598.855000,-0.017948
1598.856000,-0.076916
1598.857000,-0.169300
1598.858000,-0.190470
1598.859000,-0.194562
1598.860000,-0.250540
1598.861000,-0.303243
1598.862000,-0.297589
1598.863000,-0.289263
1598.864000,-0.426750
1598.865000,-0.307728
1598.866000,-0.200356
1598.867000,-0.246843
1598.868000,-0.263794
1598.869000,-0.103153
1598.870000,-0.042878
1598.871000,-0.087160
1598.872000,-0.044063
1598.873000,-0.190735
1598.874000,-0.262255
1598.875000,-0.204113
1598.876000,-0.200725
1598.877000,-0.355794
1598.878000,-0.397708
1598.879000,-0.430168
1598.880000,-0.450017
1598.881000,-0.330366
1598.882000,-0.378240
1598.883000,-0.150720
1598.884000,-0.074049
1598.885000,-0.148676
1598.886000,-0.170998
1598.887000,-0.062867
1598.888000,0.048541
1598.889000,0.159227
1598.890000,0.231129
1598.891000,0.224081
1598.892000,0.280345
1598.893000,0.104848
1598.894000,0.072799
1598.895000,-0.073906
1598.896000,-0.224786
1598.897000,-0.123721
1598.898000,-0.169323
1598.899000,-0.072373
1598.900000,-0.193118
1598.901000,-0.307936
1598.902000,-0.326835
1598.903000,-0.293142
1598.904000,-0.379855
1598.905000,-0.457858
1598.906000,-0.438862
1598.907000,-0.483946
1598.908000,-0.540612
1598.909000,-0.595938
1598.910000,-0.650348
1598.911000,-0.842822
1598.912000,-0.870857
1598.913000,-0.761585
1598.914000,-0.772987
1598.915000,-0.668366
1598.916000,-0.686335
1598.917000,-0.608282
1598.918000,-0.724534
1598.919000,-0.569207
1598.920000,-0.553302
1598.921000,-0.584857
1598.922000,-0.638476
1598.923000,-0.612178
1598.924000,-0.459764
1598.925000,-0.310979
1598.926000,-0.102634
1598.927000,-0.051951
1598.928000,-0.049743
1598.929000,0.129502
1598.930000,0.159903
1598.931000,0.066131
1598.932000,0.027795
1598.933000,-0.020835
1598.934000,-0.005077
1598.935000,0.087660
1598.936000,0.176919
1598.937000,0.285503
1598.938000,0.318649
1598.939000,0.114692
1598.940000,0.246554
1598.941000,0.183449
1598.942000,0.379684
1598.943000,0.393262
1598.944000,0.398297
1598.945000,0.334585
1598.946000,0.478948
1598.947000,0.356998
1598.948000,0.329882
1598.949000,0.295776
1598.950000,0.205777
1598.951000,0.029174
1598.952000,-0.026828
1598.953000,-0.083904
1598.954000,-0.103369
1598.955000,0.110204
1598.956000,0.042593
1598.957000,0.039601
1598.958000,-0.095779
1598.959000,-0.227597
1598.960000,-0.350337
1598.961000,-0.215276
1598.962000,-0.275690
1598.963000,-0.129016
1598.964000,-0.206208
1598.965000,-0.115785
1598.966000,-0.207879
1598.967000,-0.224297
1598.968000,-0.256530
1598.969000,-0.166594
1598.970000,-0.573424
1598.971000,-0.491763
1598.972000,-0.516541
1598.973000,-0.559631
1598.974000,-0.489235
1598.975000,-0.387409
1598.976000,-0.318646
1598.977000,-0.322184
1598.978000,-0.422886
1598.979000,-0.388084
1598.980000,-0.436758
1598.981000,-0.377821
1598.982000,-0.500763
1598.983000,-0.494853
1598.984000,-0.685760
1598.985000,-0.789926
1598.986000,-0.728396
1598.987000,-0.611766
1598.988000,-0.556453
1598.989000,-0.472409
1598.990000,-0.506179
1598.991000,-0.434183
1598.992000,-0.453763
1598.993000,-0.367536
1598.994000,-0.435841
1598.995000,-0.255676
1598.996000,-0.329302
1598.997000,-0.221027
1598.998000,-0.232370
1598.999000,-0.264874
1599.000000,-0.170895
1599.001000,-0.243685
1599.002000,-0.178732
1599.003000,-0.205695
1599.004000,-0.285229
1599.005000,-0.283625
1599.006000,-0.168868
1599.007000,-0.131000
1599.008000,-0.018193
1599.009000,0.026980
1599.010000,0.244638
1599.011000,0.382139
1599.012000,0.522515
1599.013000,0.604833
1599.014000,0.594329
1599.015000,0.755383
1599.016000,0.601524
1599.017000,0.376311
1599.018000,0.380414
1599.019000,0.282289
1599.020000,0.270100
1599.021000,0.281386
1599.022000,0.137012
1599.023000,0.210234
1599.024000,0.180470
1599.025000,-0.049991
1599.026000,-0.105509
1599.027000,0.052135
1599.028000,0.061653
1599.029000,0.176545
1599.030000,0.157314
1599.031000,0.186059
1599.032000,0.360019
1599.033000,0.401765
1599.034000,0.483664
1599.035000,0.434292
1599.036000,0.425328
1599.037000,0.348370
1599.038000,0.502184
1599.039000,0.285842
1599.040000,0.256334
1599.041000,0.486059
1599.042000,0.424042
1599.043000,0.336955
1599.044000,0.561326
1599.045000,0.351910
1599.046000,0.515777
1599.047000,0.422822
1599.048000,0.361685
1599.049000,0.322751
1599.050000,0.347879
1599.051000,0.243061
1599.052000,0.195690
1599.053000,0.302597
1599.054000,0.303193
1599.055000,0.264831
1599.056000,0.223092
1599.057000,0.389610
1599.058000,0.217442
1599.059000,0.271325
1599.060000,0.357055
1599.061000,0.276753
1599.062000,0.450775
1599.063000,0.393845
1599.064000,0.321341
1599.065000,0.302415
1599.066000,0.158562
1599.067000,-0.121231
1599.068000,-0.088078
1599.069000,-0.240888
1599.070000,-0.073189
1599.071000,-0.144380
1599.072000,-0.196428
1599.073000,-0.300627
1599.074000,-0.388432
1599.075000,-0.542095
1599.076000,-0.620955
1599.077000,-0.578130
1599.078000,-0.555002
1599.079000,-0.400620
1599.080000,-0.437995
1599.081000,-0.436184
1599.082000,-0.449498
1599.083000,-0.419998
1599.084000,-0.344874
1599.085000,-0.241964
1599.086000,-0.269986
1599.087000,-0.238638
1599.088000,-0.129440
1599.089000,-0.379996
1599.090000,-0.444275
1599.091000,-0.430539
1599.092000,-0.391501
1599.093000,-0.510605
1599.094000,-0.586070
1599.095000,-0.657647
1599.096000,-0.698386
1599.097000,-0.576355
1599.098000,-0.555636
1599.099000,-0.437394
1599.100000,-0.410072
1599.101000,-0.600077
1599.102000,-0.543711
1599.103000,-0.683717
1599.104000,-0.800210
1599.105000,-0.778794
1599.106000,-0.837546
1599.107000,-0.891542
1599.108000,-0.806301
1599.109000,-0.698516
1599.110000,-0.480810
1599.111000,-0.588781
1599.112000,-0.696321
1599.113000,-0.752652
1599.114000,-0.902824
1599.115000,-0.746053
1599.116000,-0.621419
1599.117000,-0.453104
1599.118000,-0.233826
1599.119000,-0.175477
1599.120000,-0.112154
1599.121000,-0.221102
1599.122000,-0.113330
1599.123000,-0.127633
1599.124000,-0.032740
1599.125000,-0.010168
1599.126000,-0.056132
1599.127000,0.269582
1599.128000,0.385616
1599.129000,0.383220
1599.130000,0.345475
1599.131000,0.242487
1599.132000,0.174108
1599.133000,0.270295
1599.134000,0.229603
1599.135000,0.038277
1599.136000,0.093170
1599.137000,0.182993
1599.138000,0.344838
1599.139000,0.295755
1599.140000,0.243990
1599.141000,0.244859
1599.142000,0.057453
1599.143000,-0.136916
1599.144000,0.078399
1599.145000,0.029399
1599.146000,0.066664
1599.147000,-0.047856
1599.148000,0.072253
1599.149000,-0.028773
1599.150000,0.037454
1599.151000,0.088550
1599.152000,-0.148117
1599.153000,-0.058408
1599.154000,-0.225484
1599.155000,-0.255888
1599.156000,-0.039394
1599.157000,0.087816
1599.158000,0.184727
1599.159000,0.304131
1599.160000,0.212414
1599.161000,0.225091
1599.162000,0.207856
1599.163000,0.255909
1599.164000,0.445375
1599.165000,0.446466
1599.166000,0.414056
1599.167000,0.531830
1599.168000,0.587895
1599.169000,0.706414
1599.170000,0.789831
1599.171000,0.860094
1599.172000,0.707297
1599.173000,0.600126
1599.174000,0.513690
1599.175000,0.562665
1599.176000,0.639712
1599.177000,0.715787
1599.178000,0.549780
1599.179000,0.495693
1599.180000,0.521160
1599.181000,0.613588
1599.182000,0.619750
1599.183000,0.539093
1599.184000,0.586716
1599.185000,0.571694
1599.186000,0.617177
1599.187000,0.618013
1599.188000,0.571565
1599.189000,0.381574
1599.190000,0.438894
1599.191000,0.344446
1599.192000,0.258569
1599.193000,0.354893
1599.194000,0.404230
1599.195000,0.341607
1599.196000,0.236875
1599.197000,0.199481
1599.198000,0.143930
1599.199000,0.161161
1599.200000,0.059909
1599.201000,-0.044993
1599.202000,-0.004199
1599.203000,-0.204415
1599.204000,-0.011333
1599.205000,-0.011049
1599.206000,0.115992
1599.207000,-0.091345
1599.208000,-0.012038
1599.209000,-0.310477
1599.210000,-0.407172
1599.211000,-0.515639
1599.212000,-0.599331
1599.213000,-0.584618
1599.214000,-0.643847
1599.215000,-0.719189
1599.216000,-0.699124
1599.217000,-0.711801
1599.218000,-0.671188
1599.219000,-0.829383
1599.220000,-0.917905
1599.221000,-0.764957
1599.222000,-0.792508
1599.223000,-0.785851
1599.224000,-0.844664
1599.225000,-0.918227
1599.226000,-0.781967
1599.227000,-0.726472
1599.228000,-0.629602
1599.229000,-0.729731
1599.230000,-0.791233
1599.231000,-0.908204
1599.232000,-0.902052
1599.233000,-0.786624
1599.234000,-0.702868
1599.235000,-0.595537
1599.236000,-0.717702
1599.237000,-0.738715
1599.238000,-0.608003
1599.239000,-0.447602
1599.240000,-0.565332
1599.241000,-0.564008
1599.242000,-0.625344
1599.243000,-0.556519
1599.244000,-0.408944
1599.245000,-0.593321
1599.246000,-0.543729
1599.247000,-0.258830
1599.248000,-0.166343
1599.249000,-0.048544
1599.250000,-0.044880
1599.251000,-0.063098
1599.252000,-0.174868
1599.253000,-0.105565
1599.254000,-0.002333
1599.255000,0.057081
1599.256000,-0.071110
1599.257000,0.042751
1599.258000,0.144929
1599.259000,0.069703
1599.260000,0.129678
1599.261000,0.314750
1599.262000,0.231056
1599.263000,0.438081
1599.264000,0.507668
1599.265000,0.548515
1599.266000,0.567985
1599.267000,0.665259
1599.268000,0.611216
1599.269000,0.709471
1599.270000,0.675155
1599.271000,0.714223
1599.272000,0.777642
1599.273000,0.805763
1599.274000,0.890703
1599.275000,0.873313
1599.276000,0.780704
1599.277000,0.805313
1599.278000,0.776060
1599.279000,0.810833
1599.280000,0.805543
1599.281000,0.837319
1599.282000,0.721585
1599.283000,0.737482
1599.284000,0.741694
1599.285000,0.866056
1599.286000,1.056696
1599.287000,1.000663
1599.288000,0.848507
1599.289000,0.862509
1599.290000,0.751705
1599.291000,0.819819
1599.292000,0.618181
1599.293000,0.430000
1599.294000,0.359809
1599.295000,0.325599
1599.296000,0.480105
1599.297000,0.482633
1599.298000,0.436039
1599.299000,0.286000
1599.300000,0.276957
1599.301000,0.333434
1599.302000,0.133758
1599.303000,0.084159
1599.304000,0.305115
1599.305000,0.148417
1599.306000,0.147293
1599.307000,0.197159
1599.308000,0.097911
1599.309000,0.030298
1599.310000,-0.009746
1599.311000,-0.085128
1599.312000,-0.226114
1599.313000,-0.348353
1599.314000,-0.506813
1599.315000,-0.485091
1599.316000,-0.609346
1599.317000,-0.568079
1599.318000,-0.568487
1599.319000,-0.576319
1599.320000,-0.662672
1599.321000,-0.722299
1599.322000,-1.032075
1599.323000,-0.962146
1599.324000,-0.824138
1599.325000,-0.635499
1599.326000,-0.592815
1599.327000,-0.514757
1599.328000,-0.429615
1599.329000,-0.293843
1599.330000,-0.334811
1599.331000,-0.329438
1599.332000,-0.398352
1599.333000,-0.428584
1599.334000,-0.511993
1599.335000,-0.618801
1599.336000,-0.597237
1599.337000,-0.592663
1599.338000,-0.523907
1599.339000,-0.571496
1599.340000,-0.522580
1599.341000,-0.663025
1599.342000,-0.597071
1599.343000,-0.659878
1599.344000,-0.672375
1599.345000,-0.867774
1599.346000,-0.672816
1599.347000,-0.520934
1599.348000,-0.554492
1599.349000,-0.647546
1599.350000,-0.538034
1599.351000,-0.466776
1599.352000,-0.596033
1599.353000,-0.470672
1599.354000,-0.376011
1599.355000,-0.231756
1599.356000,-0.387484
1599.357000,-0.273976
1599.358000,-0.117028
1599.359000,-0.197802
1599.360000,-0.143499
1599.361000,-0.166261
1599.362000,0.040939
1599.363000,0.063617
1599.364000,0.269884
1599.365000,0.245398
1599.366000,0.136418
1599.367000,0.194286
1599.368000,0.355898
1599.369000,0.306841
1599.370000,0.296115
1599.371000,0.322202
1599.372000,0.336361
1599.373000,0.372924
1599.374000,0.111061
1599.375000,0.078197
1599.376000,0.081069
1599.377000,0.120961
1599.378000,0.142283
1599.379000,-0.000891
1599.380000,0.156163
1599.381000,-0.014469
1599.382000,-0.126995
1599.383000,-0.152298
1599.384000,-0.347352
1599.385000,-0.388974
1599.386000,-0.385823
1599.387000,-0.625412
1599.388000,-0.478688
1599.389000,-0.358827
1599.390000,-0.304066
1599.391000,-0.300106
1599.392000,-0.261068
1599.393000,-0.121344
1599.394000,-0.046096
1599.395000,-0.050912
1599.396000,0.209694
1599.397000,0.297217
1599.398000,0.306552
1599.399000,0.327827
1599.400000,0.214716
1599.401000,0.181258
1599.402000,0.308173
1599.403000,0.295950
1599.404000,0.231037
1599.405000,0.097623
1599.406000,0.013698
1599.407000,-0.060117
1599.408000,-0.156307
1599.409000,0.021673
1599.410000,0.088635
1599.411000,0.154516
1599.412000,0.146270
1599.413000,0.284874
1599.414000,0.364340
1599.415000,0.380310
1599.416000,0.170300
1599.417000,0.252963
1599.418000,0.315040
1599.419000,0.431080
1599.420000,0.365331
1599.421000,0.406181
1599.422000,0.472234
1599.423000,0.381598
1599.424000,0.418050
1599.425000,0.336222
1599.426000,0.275387
1599.427000,0.214491
1599.428000,0.332437
1599.429000,0.307108
1599.430000,0.409660
1599.431000,0.359919
1599.432000,0.401433
1599.433000,0.482295
1599.434000,0.535776
1599.435000,0.600214
1599.436000,0.664176
1599.437000,0.518303
1599.438000,0.498608
1599.439000,0.432831
1599.440000,0.494418
1599.441000,0.480055
1599.442000,0.510636
1599.443000,0.401906
1599.444000,0.193175
1599.445000,0.082757
1599.446000,0.130376
1599.447000,0.175366
1599.448000,0.140600
1599.449000,0.038377
1599.450000,-0.064545
1599.451000,-0.087654
1599.452000,0.029744
1599.453000,0.044779
1599.454000,0.074017
1599.455000,0.006557
1599.456000,-0.004484
1599.457000,0.153744
1599.458000,0.238555
1599.459000,0.137666
1599.460000,0.002379
1599.461000,-0.006604
1599.462000,0.014440
1599.463000,0.025697
1599.464000,0.121068
1599.465000,-0.093636
1599.466000,-0.122923
1599.467000,-0.219232
1599.468000,-0.230030
1599.469000,-0.344149
1599.470000,-0.279805
1599.471000,-0.282566
1599.472000,-0.123561
1599.473000,-0.066151
1599.474000,-0.063338
1599.475000,0.051440
1599.476000,-0.166416
1599.477000,-0.158119
1599.478000,-0.048352
1599.479000,0.040586
1599.480000,0.190510
1599.481000,0.089115
1599.482000,0.102354
1599.483000,0.136471
1599.484000,0.326743
1599.485000,0.318155
1599.486000,0.277033
1599.487000,0.409225
1599.488000,0.400638
1599.489000,0.380608
1599.490000,0.443172
1599.491000,0.406514
1599.492000,0.196109
1599.493000,0.335037
1599.494000,0.269087
1599.495000,0.471176
1599.496000,0.437663
1599.497000,0.358751
1599.498000,0.445045
1599.499000,0.409276
1599.500000,0.382647
1599.501000,0.401160
1599.502000,0.192985
1599.503000,0.075310
1599.504000,0.061129
1599.505000,0.135077
1599.506000,0.075597
1599.507000,0.018328
1599.508000,-0.033286
1599.509000,0.228581
1599.510000,0.117445
1599.511000,0.099907
1599.512000,0.017885
1599.513000,-0.018714
1599.514000,-0.047709
1599.515000,-0.038703
1599.516000,-0.083682
1599.517000,-0.155167
1599.518000,-0.246056
1599.519000,-0.181779
1599.520000,-0.159942
1599.521000,-0.116016
1599.522000,-0.254043
1599.523000,-0.325838
1599.524000,-0.325036
1599.525000,-0.424109
1599.526000,-0.174600
1599.527000,-0.273430
1599.528000,-0.308425
1599.529000,-0.595147
1599.530000,-0.663304
1599.531000,-0.749243
1599.532000,-0.746119
1599.533000,-0.742525
1599.534000,-0.641063
1599.535000,-0.640620
1599.536000,-0.493156
1599.537000,-0.426457
1599.538000,-0.443632
1599.539000,-0.200922
1599.540000,-0.292667
1599.541000,-0.357047
1599.542000,-0.425947
1599.543000,-0.535018
1599.544000,-0.554610
1599.545000,-0.541628
1599.546000,-0.304682
1599.547000,-0.416059
1599.548000,-0.454981
1599.549000,-0.279211
1599.550000,-0.197192
1599.551000,-0.050256
1599.552000,-0.201330
1599.553000,-0.132423
1599.554000,0.021607
1599.555000,-0.053985
1599.556000,-0.247965
1599.557000,-0.337458
1599.558000,-0.221500
1599.559000,-0.141996
1599.560000,-0.051372
1599.561000,0.016909
1599.562000,0.084332
1599.563000,0.105160
1599.564000,0.161784
1599.565000,0.048176
1599.566000,-0.001388
1599.567000,-0.050806
1599.568000,-0.041067
1599.569000,-0.015264
1599.570000,-0.058711
1599.571000,0.027510
1599.572000,-0.089526
1599.573000,-0.120358
1599.574000,-0.288823
1599.575000,-0.194868
1599.576000,-0.311322
1599.577000,-0.186039
1599.578000,-0.110635
1599.579000,-0.127613
1599.580000,-0.137083
1599.581000,-0.141612
1599.582000,-0.017774
1599.583000,0.079558
1599.584000,-0.061569
1599.585000,-0.047487
1599.586000,0.001928
1599.587000,-0.096093
1599.588000,-0.084973
1599.589000,-0.087172
1599.590000,-0.038880
1599.591000,-0.013803
1599.592000,0.108504
1599.593000,0.301217
1599.594000,0.563841
1599.595000,0.590466
1599.596000,0.603066
1599.597000,0.477734
1599.598000,0.602608
1599.599000,0.609450
1599.600000,0.626763
1599.601000,0.611692
1599.602000,0.633304
1599.603000,0.531217
1599.604000,0.486035
1599.605000,0.528125
1599.606000,0.326089
1599.607000,0.312573
1599.608000,0.401162
1599.609000,0.168567
1599.610000,0.068840
1599.611000,-0.140752
1599.612000,-0.125708
1599.613000,-0.140690
1599.614000,-0.086399
1599.615000,0.139915
1599.616000,0.062192
1599.617000,-0.088823
1599.618000,-0.128102
1599.619000,-0.126658
1599.620000,-0.289156
1599.621000,-0.142944
1599.622000,-0.130883
1599.623000,-0.101641
1599.624000,0.011203
1599.625000,0.132659
1599.626000,-0.011667
1599.627000,0.049378
1599.628000,0.129635
1599.629000,0.119488
1599.630000,0.172808
1599.631000,0.241843
1599.632000,0.266436
1599.633000,0.129755
1599.634000,0.194211
1599.635000,0.350166
1599.636000,0.375706
1599.637000,0.235719
1599.638000,0.240526
1599.639000,0.326531
1599.640000,0.454552
1599.641000,0.284290
1599.642000,0.325176
1599.643000,0.237699
1599.644000,0.383091
1599.645000,0.421594
1599.646000,0.387259
1599.647000,0.325998
1599.648000,0.378864
1599.649000,0.429843
1599.650000,0.237054
1599.651000,0.303834
1599.652000,0.322517
1599.653000,0.369396
1599.654000,0.478970
1599.655000,0.397545
1599.656000,0.242529
1599.657000,0.301946
1599.658000,0.329605
1599.659000,0.455534
1599.660000,0.487234
1599.661000,0.564745
1599.662000,0.482074
1599.663000,0.467962
1599.664000,0.333663
1599.665000,0.367721
1599.666000,0.382132
1599.667000,0.344976
1599.668000,0.516274
1599.669000,0.405773
1599.670000,0.479630
1599.671000,0.467118
1599.672000,0.478591
1599.673000,0.516737
1599.674000,0.556413
1599.675000,0.475381
1599.676000,0.354564
1599.677000,0.235296
1599.678000,-0.026068
1599.679000,0.231968
1599.680000,0.356339
1599.681000,0.511287
1599.682000,0.602220
1599.683000,0.620622
1599.684000,0.477836
1599.685000,0.346948
1599.686000,0.302471
1599.687000,0.292418
1599.688000,0.160340
1599.689000,0.179129
1599.690000,0.177744
1599.691000,0.129813
1599.692000,0.153319
1599.693000,0.186343
1599.694000,0.069209
1599.695000,0.113191
1599.696000,0.323608
1599.697000,0.349639
1599.698000,0.363283
1599.699000,0.292331
1599.700000,0.373359
1599.701000,0.324395
1599.702000,0.251728
1599.703000,0.255447
1599.704000,0.298801
1599.705000,0.406164
1599.706000,0.421705
1599.707000,0.489444
1599.708000,0.533719
1599.709000,0.616260
1599.710000,0.566555
1599.711000,0.587677
1599.712000,0.472765
1599.713000,0.558398
1599.714000,0.534530
1599.715000,0.683143
1599.716000,0.572178
1599.717000,0.538498
1599.718000,0.483750
1599.719000,0.354658
1599.720000,0.267837
1599.721000,0.167033
1599.722000,-0.038692
1599.723000,-0.096308
1599.724000,-0.044008
1599.725000,-0.232299
1599.726000,-0.279822
1599.727000,-0.108282
1599.728000,-0.117757
1599.729000,-0.175726
1599.730000,-0.240421
1599.731000,-0.422756
1599.732000,-0.184475
1599.733000,-0.276934
1599.734000,-0.292750
1599.735000,-0.391386
1599.736000,-0.329890
1599.737000,-0.390540
1599.738000,-0.396513
1599.739000,-0.319626
1599.740000,-0.365083
1599.741000,-0.397304
1599.742000,-0.466228
1599.743000,-0.498145
1599.744000,-0.384942
1599.745000,-0.394847
1599.746000,-0.358356
1599.747000,-0.376356
1599.748000,-0.315259
1599.749000,-0.215829
1599.750000,-0.205001
1599.751000,-0.154271
1599.752000,-0.212726
1599.753000,-0.188090
1599.754000,-0.306512
1599.755000,-0.199511
1599.756000,-0.496278
1599.757000,-0.546056
1599.758000,-0.633988
1599.759000,-0.697558
1599.760000,-0.622368
1599.761000,-0.747313
1599.762000,-0.700887
1599.763000,-0.643194
1599.764000,-0.585047
1599.765000,-0.461783
1599.766000,-0.487078
1599.767000,-0.389358
1599.768000,-0.380867
1599.769000,-0.438255
1599.770000,-0.522013
1599.771000,-0.716061
1599.772000,-0.610263
1599.773000,-0.701140
1599.774000,-0.605312
1599.775000,-0.519692
1599.776000,-0.404076
1599.777000,-0.388389
1599.778000,-0.213750
1599.779000,-0.255121
1599.780000,-0.216975
1599.781000,-0.153418
1599.782000,-0.169124
1599.783000,-0.259922
1599.784000,-0.108764
1599.785000,0.041138
1599.786000,0.018991
1599.787000,0.028379
1599.788000,0.039579
1599.789000,0.004476
1599.790000,-0.055094
1599.791000,0.118457
1599.792000,0.199584
1599.793000,0.316898
1599.794000,0.321185
1599.795000,0.568240
1599.796000,0.448336
1599.797000,0.370645
1599.798000,0.131770
1599.799000,0.101436
1599.800000,0.109036
1599.801000,0.101997
1599.802000,0.241660
1599.803000,0.287893
1599.804000,0.385968
1599.805000,0.317065
1599.806000,0.380792
1599.807000,0.263572
1599.808000,0.228363
1599.809000,0.148329
1599.810000,0.056441
1599.811000,0.229939
1599.812000,0.228068
1599.813000,0.162663
1599.814000,0.024833
1599.815000,-0.073955
1599.816000,-0.187807
1599.817000,-0.120616
1599.818000,-0.251237
1599.819000,-0.242904
1599.820000,-0.130897
1599.821000,-0.210387
1599.822000,-0.560623
1599.823000,-0.671170
1599.824000,-0.742104
1599.825000,-0.860964
1599.826000,-0.893404
1599.827000,-0.889599
1599.828000,-0.917467
1599.829000,-0.959653
1599.830000,-0.878793
1599.831000,-0.658729
1599.832000,-0.696594
1599.833000,-0.731727
1599.834000,-0.788256
1599.835000,-0.661008
1599.836000,-0.669256
1599.837000,-0.547901
1599.838000,-0.546822
1599.839000,-0.508346
1599.840000,-0.726420
1599.841000,-0.761869
1599.842000,-0.702194
1599.843000,-0.707980
1599.844000,-0.689125
1599.845000,-0.606300
1599.846000,-0.715129
1599.847000,-0.834909
1599.848000,-0.691217
1599.849000,-0.704811
1599.850000,-0.588812
1599.851000,-0.532863
1599.852000,-0.320752
1599.853000,-0.341709
1599.854000,-0.505122
1599.855000,-0.543799
1599.856000,-0.834716
1599.857000,-0.754693
1599.858000,-0.796853
1599.859000,-0.747056
1599.860000,-0.943507
1599.861000,-0.965083
1599.862000,-0.829835
1599.863000,-0.845479
1599.864000,-0.701996
1599.865000,-0.492911
1599.866000,-0.610150
1599.867000,-0.605847
1599.868000,-0.729438
1599.869000,-0.724825
1599.870000,-0.741657
1599.871000,-0.640938
1599.872000,-0.585468
1599.873000,-0.504440
1599.874000,-0.404024
1599.875000,-0.205368
1599.876000,-0.387610
1599.877000,-0.402795
1599.878000,-0.213318
1599.879000,-0.137533
1599.880000,-0.080742
1599.881000,0.047166
1599.882000,-0.061371
1599.883000,0.056213
1599.884000,0.081588
1599.885000,0.128083
1599.886000,0.262515
1599.887000,0.546834
1599.888000,0.478147
1599.889000,0.488548
1599.890000,0.527280
1599.891000,0.528448
1599.892000,0.591371
1599.893000,0.511001
1599.894000,0.591730
1599.895000,0.588650
1599.896000,0.560489
1599.897000,0.611598
1599.898000,0.583465
1599.899000,0.720923
1599.900000,0.897905
1599.901000,0.737733
1599.902000,0.773697
1599.903000,0.644890
1599.904000,0.565150
1599.905000,0.471748
1599.906000,0.462738
1599.907000,0.339670
1599.908000,0.199343
1599.909000,0.121371
1599.910000,0.068988
1599.911000,0.256986
1599.912000,0.150927
1599.913000,0.246103
1599.914000,0.241955
1599.915000,0.182560
1599.916000,0.311100
1599.917000,0.431064
1599.918000,0.231462
1599.919000,0.272420
1599.920000,0.344724
1599.921000,0.407211
1599.922000,0.461271
1599.923000,0.515938
1599.924000,0.511782
1599.925000,0.589134
1599.926000,0.567390
1599.927000,0.330478
1599.928000,0.307724
1599.929000,0.304499
1599.930000,0.392770
1599.931000,0.533780
1599.932000,0.478069
1599.933000,0.492714
1599.934000,0.506296
1599.935000,0.545940
1599.936000,0.611298
1599.937000,0.612855
1599.938000,0.615444
1599.939000,0.700905
1599.940000,0.746794
1599.941000,0.670811
1599.942000,0.791995
1599.943000,0.855225
1599.944000,0.959914
1599.945000,0.886853
1599.946000,0.739731
1599.947000,0.807415
1599.948000,0.702399
1599.949000,0.701338
1599.950000,0.819708
1599.951000,0.836814
1599.952000,0.954576
1599.953000,0.948396
1599.954000,1.107062
1599.955000,1.122816
1599.956000,1.215215
1599.957000,1.348404
1599.958000,1.437331
1599.959000,1.459080
1599.960000,1.361916
1599.961000,1.314742
1599.962000,1.283042
1599.963000,1.132402
1599.964000,1.177405
1599.965000,1.375008
1599.966000,1.396733
1599.967000,1.310164
1599.968000,1.307973
1599.969000,1.094979
1599.970000,1.024230
1599.971000,0.905737
1599.972000,0.869216
1599.973000,0.832345
1599.974000,0.950287
1599.975000,0.833788
1599.976000,0.823517
1599.977000,0.852901
1599.978000,0.947734
1599.979000,0.984977
1599.980000,1.062363
1599.981000,0.955981
1599.982000,0.945276
1599.983000,1.122893
1599.984000,1.072201
1599.985000,1.116279
1599.986000,1.114073
1599.987000,0.877897
1599.988000,0.845308
1599.989000,0.918134
1599.990000,1.179428
1599.991000,1.221207
1599.992000,1.265211
1599.993000,1.198534
1599.994000,1.175005
1599.995000,1.070284
1599.996000,1.183631
1599.997000,1.281927
1599.998000,1.424389
1599.999000,1.479852
1600.000000,1.422697
1600.001000,1.243575
1600.002000,1.249289
1600.003000,1.258209
1600.004000,1.270342
1600.005000,1.135683
1600.006000,0.927485
1600.007000,0.775678
1600.008000,0.689469
1600.009000,0.662314
1600.010000,0.680152
1600.011000,0.696660
1600.012000,0.616618
1600.013000,0.461093
1600.014000,0.229667
1600.015000,0.070057
1600.016000,-0.052279
1600.017000,-0.093237
1600.018000,-0.080623
1600.019000,-0.093869
1600.020000,-0.195993
1600.021000,-0.199878
1600.022000,-0.373526
1600.023000,-0.342851
1600.024000,-0.320976
1600.025000,-0.478614
1600.026000,-0.586282
1600.027000,-0.535808
1600.028000,-0.546965
1600.029000,-0.544627
1600.030000,-0.575885
1600.031000,-0.570757
1600.032000,-0.312543
1600.033000,-0.487589
1600.034000,-0.509244
1600.035000,-0.418415
1600.036000,-0.348816
1600.037000,-0.388253
1600.038000,-0.322184
1600.039000,-0.543063
1600.040000,-0.689157
1600.041000,-0.706138
1600.042000,-0.540345
1600.043000,-0.520498
1600.044000,-0.525132
1600.045000,-0.481691
1600.046000,-0.476939
1600.047000,-0.363210
1600.048000,-0.197152
1600.049000,-0.083939
1600.050000,-0.116957
1600.051000,-0.067783
1600.052000,0.099348
1600.053000,0.145350
1600.054000,0.265683
1600.055000,0.398842
1600.056000,0.437829
1600.057000,0.367892
1600.058000,0.398688
1600.059000,0.516524
1600.060000,0.545548
1600.061000,0.225508
1600.062000,0.148403
1600.063000,0.164305
1600.064000,0.237257
1600.065000,0.118598
1600.066000,0.238299
1600.067000,0.207647
1600.068000,0.220060
1600.069000,0.258499
1600.070000,0.234485
1600.071000,0.280583
1600.072000,0.451611
1600.073000,0.509539
1600.074000,0.557563
1600.075000,0.560463
1600.076000,0.336053
1600.077000,0.138466
1600.078000,0.131575
1600.079000,0.136569
1600.080000,0.028649
1600.081000,-0.078282
1600.082000,-0.023693
1600.083000,0.013634
1600.084000,-0.178319
1600.085000,-0.379107
1600.086000,-0.278270
1600.087000,-0.298149
1600.088000,-0.149631
1600.089000,-0.182643
1600.090000,-0.185567
1600.091000,-0.213701
1600.092000,-0.190942
1600.093000,-0.194673
1600.094000,-0.299601
1600.095000,-0.132047
1600.096000,-0.114419
1600.097000,-0.263903
1600.098000,-0.292688
1600.099000,-0.354105
1600.100000,-0.488486
1600.101000,-0.484833
1600.102000,-0.499098
1600.103000,-0.552452
1600.104000,-0.556872
1600.105000,-0.575058
1600.106000,-0.621525
1600.107000,-0.640956
1600.108000,-0.490770
1600.109000,-0.497150
1600.110000,-0.510141
1600.111000,-0.627318
1600.112000,-0.620721
1600.113000,-0.622258
1600.114000,-0.808439
1600.115000,-0.855630
1600.116000,-0.886262
1600.117000,-0.918395
1600.118000,-0.899747
1600.119000,-1.056994
1600.120000,-1.110976
1600.121000,-1.013158
1600.122000,-1.026874
1600.123000,-0.988036
1600.124000,-1.044751
1600.125000,-0.960914
1600.126000,-0.708087
1600.127000,-0.826834
1600.128000,-0.920511
1600.129000,-0.859999
1600.130000,-1.019903
1600.131000,-0.922607
1600.132000,-0.945023
1600.133000,-0.883083
1600.134000,-0.783640
1600.135000,-0.760857
1600.136000,-0.677907
1600.137000,-0.699014
1600.138000,-0.717111
1600.139000,-0.842446
1600.140000,-0.720991
1600.141000,-0.629332
1600.142000,-0.629790
1600.143000,-0.648234
1600.144000,-0.818545
1600.145000,-0.922683
1600.146000,-0.990469
1600.147000,-0.885922
1600.148000,-1.030724
1600.149000,-0.969530
1600.150000,-1.000192
1600.151000,-0.948709
1600.152000,-0.831265
1600.153000,-0.913688
1600.154000,-1.021221
1600.155000,-1.084899
1600.156000,-1.134192
1600.157000,-1.155814
1600.158000,-1.404736
1600.159000,-1.381419
1600.160000,-1.446526
1600.161000,-1.440147
1600.162000,-1.346080
1600.163000,-1.109272
1600.164000,-1.039616
1600.165000,-0.986104
1600.166000,-1.145211
1600.167000,-1.190526
1600.168000,-1.117881
1600.169000,-1.031047
1600.170000,-1.160936
1600.171000,-1.273197
1600.172000,-1.351139
1600.173000,-1.363305
1600.174000,-1.248310
1600.175000,-1.211243
1600.176000,-1.102471
1600.177000,-1.008915
1600.178000,-0.948869
1600.179000,-0.772700
1600.180000,-0.849079
1600.181000,-0.785530
1600.182000,-0.788996
1600.183000,-0.750210
1600.184000,-0.657028
1600.185000,-0.686066
1600.186000,-0.805137
1600.187000,-0.924833
1600.188000,-0.938833
1600.189000,-0.919989
1600.190000,-0.859837
1600.191000,-0.902599
1600.192000,-0.939190
1600.193000,-1.056608
1600.194000,-1.096043
1600.195000,-1.009347
1600.196000,-0.864980
1600.197000,-0.770278
1600.198000,-0.603393
1600.199000,-0.531708
1600.200000,-0.683478
1600.201000,-0.656646
1600.202000,-0.702630
1600.203000,-0.573300
1600.204000,-0.451694
1600.205000,-0.425198
1600.206000,-0.268926
1600.207000,0.040743
1600.208000,-0.020431
1600.209000,-0.123257
1600.210000,-0.212360
1600.211000,-0.222558
1600.212000,-0.423177
1600.213000,-0.361254
1600.214000,-0.378790
1600.215000,-0.191717
1600.216000,-0.248898
1600.217000,-0.398752
1600.218000,-0.514445
1600.219000,-0.542015
1600.220000,-0.593493
1600.221000,-0.576284
1600.222000,-0.635098
1600.223000,-0.501214
1600.224000,-0.440554
1600.225000,-0.425462
1600.226000,-0.430845
1600.227000,-0.495046
1600.228000,-0.614300
1600.229000,-0.498148
1600.230000,-0.467642
1600.231000,-0.419413
1600.232000,-0.395459
1600.233000,-0.427408
1600.234000,-0.462809
1600.235000,-0.424362
1600.236000,-0.289268
1600.237000,-0.338905
1600.238000,-0.449314
1600.239000,-0.424553
1600.240000,-0.288930
1600.241000,-0.029905
1600.242000,0.072742
1600.243000,0.044473
1600.244000,0.069622
1600.245000,0.172902
1600.246000,0.381239
1600.247000,0.202060
1600.248000,0.228843
1600.249000,0.203228
1600.250000,0.266036
1600.251000,-0.008416
1600.252000,-0.046745
1600.253000,-0.108437
1600.254000,-0.007348
1600.255000,0.003080
1600.256000,0.152818
1600.257000,0.140278
1600.258000,0.022178
1600.259000,-0.281533
1600.260000,-0.172826
1600.261000,-0.092538
1600.262000,-0.042327
1600.263000,0.064745
1600.264000,0.096219
1600.265000,0.158657
1600.266000,0.139249
1600.267000,0.108465
1600.268000,-0.131729
1600.269000,-0.118157
1600.270000,-0.070961
1600.271000,-0.268394
1600.272000,-0.187707
1600.273000,-0.334708
1600.274000,-0.183595
1600.275000,-0.076170
1600.276000,0.069653
1600.277000,0.120674
1600.278000,0.294613
1600.279000,0.176761
1600.280000,0.242401
1600.281000,0.083392
1600.282000,0.250685
1600.283000,0.241436
1600.284000,0.261378
1600.285000,0.260185
1600.286000,0.272546
1600.287000,0.365135
1600.288000,0.511713
1600.289000,0.553383
1600.290000,0.481298
1600.291000,0.342623
1600.292000,0.265339
1600.293000,0.391447
1600.294000,0.363317
1600.295000,0.188542
1600.296000,0.079694
1600.297000,-0.002621
1600.298000,-0.064378
1600.299000,-0.131479
1600.300000,-0.147666
1600.301000,-0.102513
1600.302000,0.025315
1600.303000,-0.020122
1600.304000,-0.185446
1600.305000,-0.414183
1600.306000,-0.332009
1600.307000,-0.284970
1600.308000,-0.239984
1600.309000,-0.165383
1600.310000,-0.110478
1600.311000,-0.088093
1600.312000,-0.139339
1600.313000,-0.013098
1600.314000,0.100203
1600.315000,0.224225
1600.316000,0.345244
1600.317000,0.529202
1600.318000,0.562284
1600.319000,0.586197
1600.320000,0.553716
1600.321000,0.551160
1600.322000,0.691570
1600.323000,0.676482
1600.324000,0.784552
1600.325000,0.835130
1600.326000,0.830847
1600.327000,0.754151
1600.328000,0.691446
1600.329000,0.772818
1600.330000,0.855468
1600.331000,0.731477
1600.332000,0.765955
1600.333000,0.910915
1600.334000,0.744558
1600.335000,0.737762
1600.336000,0.584486
1600.337000,0.523054
1600.338000,0.623053
1600.339000,0.393364
1600.340000,0.224742
1600.341000,0.354312
1600.342000,0.190885
1600.343000,0.161487
1600.344000,0.327008
1600.345000,0.438884
1600.346000,0.690884
1600.347000,0.692399
1600.348000,0.449103
1600.349000,0.506649
1600.350000,0.414158
1600.351000,0.444923
1600.352000,0.337076
1600.353000,0.326115
1600.354000,0.448986
1600.355000,0.701337
1600.356000,0.865101
1600.357000,0.798231
1600.358000,0.659852
1600.359000,0.816112
1600.360000,0.802729
1600.361000,0.732972
1600.362000,0.779400
1600.363000,0.782401
1600.364000,0.841510
1600.365000,0.744261
1600.366000,0.797652
1600.367000,0.816285
1600.368000,0.847236
1600.369000,0.834091
1600.370000,0.832131
1600.371000,0.783849
1600.372000,0.634801
1600.373000,0.779733
1600.374000,0.878947
1600.375000,0.816098
1600.376000,0.725255
1600.377000,0.636216
1600.378000,0.562792
1600.379000,0.698043
1600.380000,0.600186
1600.381000,0.573977
1600.382000,0.537249
1600.383000,0.523096
1600.384000,0.559471
1600.385000,0.518371
1600.386000,0.577862
1600.387000,0.949528
1600.388000,0.941986
1600.389000,0.835064
1600.390000,0.874658
1600.391000,1.023726
1600.392000,0.870640
1600.393000,1.011751
1600.394000,0.821901
1600.395000,0.805343
1600.396000,0.721697
1600.397000,0.666386
1600.398000,0.698758
1600.399000,0.618769
1600.400000,0.648068
1600.401000,0.672374
1600.402000,0.732182
1600.403000,0.623227
1600.404000,0.735958
1600.405000,0.758363
1600.406000,0.838080
1600.407000,0.829255
1600.408000,0.843700
1600.409000,0.584434
1600.410000,0.360432
1600.411000,0.306623
1600.412000,0.222883
1600.413000,-0.000761
1600.414000,-0.048403
1600.415000,-0.072616
1600.416000,-0.056864
1600.417000,-0.067033
1600.418000,-0.106212
1600.419000,-0.198958
1600.420000,-0.162883
1600.421000,-0.216806
1600.422000,-0.135902
1600.423000,-0.250903
1600.424000,-0.303570
1600.425000,-0.247352
1600.426000,-0.500701
1600.427000,-0.439689
1600.428000,-0.523637
1600.429000,-0.456187
1600.430000,-0.419332
1600.431000,-0.270916
1600.432000,-0.372280
1600.433000,-0.572889
1600.434000,-0.570220
1600.435000,-0.567684
1600.436000,-0.657742
1600.437000,-0.825158
1600.438000,-0.673367
1600.439000,-0.565123
1600.440000,-0.380743
1600.441000,-0.247980
1600.442000,-0.318596
1600.443000,-0.460429
1600.444000,-0.589935
1600.445000,-0.558774
1600.446000,-0.729652
1600.447000,-0.916535
1600.448000,-1.106158
1600.449000,-1.064301
1600.450000,-1.092623
1600.451000,-1.294409
1600.452000,-1.386248
1600.453000,-1.399125
1600.454000,-1.426425
1600.455000,-1.335023
1600.456000,-1.350937
1600.457000,-1.217725
1600.458000,-1.180674
1600.459000,-1.192983
1600.460000,-1.134150
1600.461000,-1.039368
1600.462000,-0.921997
1600.463000,-0.948980
1600.464000,-0.798256
1600.465000,-0.726702
1600.466000,-0.584206
1600.467000,-0.470309
1600.468000,-0.280867
1600.469000,-0.242746
1600.470000,-0.041287
1600.471000,-0.120687
1600.472000,-0.199997
1600.473000,-0.207166
1600.474000,-0.042127
1600.475000,-0.138547
1600.476000,0.088163
1600.477000,0.069835
1600.478000,0.137002
1600.479000,0.153772
1600.480000,0.172784
1600.481000,0.276458
1600.482000,0.232848
1600.483000,0.284044
1600.484000,0.292907
1600.485000,0.516058
1600.486000,0.529289
1600.487000,0.550189
1600.488000,0.440793
1600.489000,0.197188
1600.490000,0.137064
1600.491000,0.018133
1600.492000,0.057998
1600.493000,-0.024088
1600.494000,0.008490
1600.495000,-0.026348
1600.496000,-0.009291
1600.497000,-0.082944
1600.498000,0.038035
1600.499000,0.012161
1600.500000,-0.118599
1600.501000,-0.059936
1600.502000,-0.134840
1600.503000,0.044516
1600.504000,0.014792
1600.505000,0.094862
1600.506000,0.173045
1600.507000,0.115318
1600.508000,0.106033
1600.509000,0.138247
1600.510000,0.137137
1600.511000,0.157369
1600.512000,0.176339
1600.513000,0.213029
1600.514000,0.209184
1600.515000,0.112697
1600.516000,0.055855
1600.517000,-0.103761
1600.518000,-0.140554
1600.519000,-0.297837
1600.520000,-0.306890
1600.521000,-0.472089
1600.522000,-0.414584
1600.523000,-0.392242
1600.524000,-0.456666
1600.525000,-0.474899
1600.526000,-0.345026
1600.527000,-0.290753
1600.528000,-0.160900
1600.529000,-0.144335
1600.530000,-0.140219
1600.531000,-0.116341
1600.532000,0.034992
1600.533000,0.051348
1600.534000,0.134660
1600.535000,0.025353
1600.536000,-0.018657
1600.537000,0.210860
1600.538000,0.260572
1600.539000,0.177080
1600.540000,0.242019
1600.541000,0.263729
1600.542000,0.184115
1600.543000,0.249294
1600.544000,0.199638
1600.545000,0.158275
1600.546000,0.107788
1600.547000,0.019093
1600.548000,-0.045293
1600.549000,-0.069486
1600.550000,-0.029058
1600.551000,-0.182634
1600.552000,-0.207662
1600.553000,-0.086237
1600.554000,-0.200988
1600.555000,-0.017467
1600.556000,0.170661
1600.557000,0.068759
1600.558000,-0.000676
1600.559000,-0.087525
1600.560000,-0.102829
1600.561000,-0.229824
1600.562000,-0.076698
1600.563000,-0.006156
1600.564000,-0.018271
1600.565000,0.031096
1600.566000,0.212647
1600.567000,0.177143
1600.568000,0.247101
1600.569000,0.266977
1600.570000,0.287595
1600.571000,0.140932
1600.572000,0.035382
1600.573000,-0.043194
1600.574000,-0.134987
1600.575000,-0.133213
1600.576000,-0.128312
1600.577000,-0.144144
1600.578000,-0.045212
1600.579000,-0.208658
1600.580000,-0.241577
1600.581000,-0.294569
1600.582000,-0.206035
1600.583000,-0.233470
1600.584000,-0.019306
1600.585000,0.036775
1600.586000,-0.016981
1600.587000,-0.032581
1600.588000,-0.045980
1600.589000,-0.071556
1600.590000,0.023620
1600.591000,-0.011833
1600.592000,0.124714
1600.593000,0.038936
1600.594000,0.279765
1600.595000,-0.049305
1600.596000,-0.089942
1600.597000,-0.054081
1600.598000,-0.172767
1600.599000,-0.483987
1600.600000,-0.465368
1600.601000,-0.567542
1600.602000,-0.355064
1600.603000,-0.180035
1600.604000,-0.009222
1600.605000,0.103146
1600.606000,0.053723
1600.607000,0.043992
1600.608000,-0.004743
1600.609000,0.084745
1600.610000,0.040451
1600.611000,-0.051810
1600.612000,-0.064113
1600.613000,-0.171525
1600.614000,-0.045675
1600.615000,-0.021331
1600.616000,-0.054102
1600.617000,0.064750
1600.618000,0.088305
1600.619000,0.164282
1600.620000,0.231465
1600.621000,0.239901
1600.622000,0.225720
1600.623000,0.282951
1600.624000,0.336485
1600.625000,0.354420
1600.626000,0.362788
1600.627000,0.383820
1600.628000,0.366932
1600.629000,0.158468
1600.630000,0.233800
1600.631000,0.150252
1600.632000,0.235241
1600.633000,0.188852
1600.634000,0.196840
1600.635000,0.246179
1600.636000,0.236054
1600.637000,0.260519
1600.638000,0.140029
1600.639000,0.046224
1600.640000,-0.243289
1600.641000,-0.196131
1600.642000,-0.083355
1600.643000,0.002184
1600.644000,-0.213442
1600.645000,-0.317378
1600.646000,-0.283717
1600.647000,-0.376789
1600.648000,-0.381020
1600.649000,-0.497609
1600.650000,-0.620986
1600.651000,-0.586089
1600.652000,-0.496095
1600.653000,-0.506455
1600.654000,-0.383565
1600.655000,-0.413401
1600.656000,-0.502930
1600.657000,-0.482655
1600.658000,-0.544624
1600.659000,-0.570932
1600.660000,-0.447804
1600.661000,-0.467158
1600.662000,-0.391310
1600.663000,-0.163887
1600.664000,-0.096375
1600.665000,-0.108195
1600.666000,-0.074243
1600.667000,-0.116495
1600.668000,-0.137728
1600.669000,-0.240202
1600.670000,0.127372
1600.671000,0.283523
1600.672000,0.297492
1600.673000,0.245355
1600.674000,0.240744
1600.675000,0.229139
1600.676000,0.403905
1600.677000,0.404111
1600.678000,0.248464
1600.679000,0.352630
1600.680000,0.496082
1600.681000,0.323220
1600.682000,0.492969
1600.683000,0.576186
1600.684000,0.670233
1600.685000,0.672253
1600.686000,0.603617
1600.687000,0.429367
1600.688000,0.576618
1600.689000,0.629905
1600.690000,0.625925
1600.691000,0.311043
1600.692000,0.294354
1600.693000,0.299823
1600.694000,0.319796
1600.695000,0.277774
1600.696000,0.321473
1600.697000,0.229833
1600.698000,0.097773
1600.699000,0.162612
1600.700000,0.252808
1600.701000,0.100300
1600.702000,0.039454
1600.703000,0.008097
1600.704000,-0.033852
1600.705000,0.047143
1600.706000,0.052825
1600.707000,-0.180523
1600.708000,-0.140666
1600.709000,-0.110689
1600.710000,-0.104474
1600.711000,-0.145994
1600.712000,-0.278408
1600.713000,-0.347807
1600.714000,-0.231580
1600.715000,-0.176648
1600.716000,-0.224782
1600.717000,-0.145373
1600.718000,0.014995
1600.719000,0.051538
1600.720000,0.008276
1600.721000,0.097395
1600.722000,0.097450
1600.723000,0.182406
1600.724000,0.105152
1600.725000,-0.044313
1600.726000,0.105257
1600.727000,0.052267
1600.728000,-0.070962
1600.729000,-0.171548
1600.730000,-0.156894
1600.731000,-0.124164
1600.732000,-0.210373
1600.733000,-0.221084
1600.734000,-0.268087
1600.735000,-0.211098
1600.736000,-0.334973
1600.737000,-0.523879
1600.738000,-0.508809
1600.739000,-0.401249
1600.740000,-0.331014
1600.741000,-0.420159
1600.742000,-0.427622
1600.743000,-0.329826
1600.744000,-0.270643
1600.745000,-0.315584
1600.746000,-0.265994
1600.747000,-0.419762
1600.748000,-0.425318
1600.749000,-0.465535
1600.750000,-0.445364
1600.751000,-0.422829
1600.752000,-0.432083
1600.753000,-0.306188
1600.754000,-0.214726
1600.755000,-0.060781
1600.756000,-0.116799
1600.757000,-0.086569
1600.758000,0.009941
1600.759000,-0.085881
1600.760000,0.069464
1600.761000,0.079030
1600.762000,0.176301
1600.763000,0.191002
1600.764000,0.144453
1600.765000,0.162198
1600.766000,0.134984
1600.767000,0.101937
1600.768000,-0.045797
1600.769000,-0.065708
1600.770000,-0.209202
1600.771000,-0.254418
1600.772000,-0.401307
1600.773000,-0.302701
1600.774000,-0.303675
1600.775000,-0.155912
1600.776000,-0.160546
1600.777000,0.004081
1600.778000,0.149426
1600.779000,0.196175
1600.780000,0.114113
1600.781000,0.114973
1600.782000,0.163316
1600.783000,0.058149
1600.784000,-0.074180
1600.785000,0.135805
1600.786000,0.027065
1600.787000,0.192884
1600.788000,0.239411
1600.789000,0.125174
1600.790000,0.138557
1600.791000,0.192875
1600.792000,0.248856
1600.793000,0.479187
1600.794000,0.437032
1600.795000,0.619653
1600.796000,0.577203
1600.797000,0.759113
1600.798000,0.808684
1600.799000,0.836659
1600.800000,0.775029
1600.801000,0.713373
1600.802000,0.589349
1600.803000,0.642821
1600.804000,0.584378
1600.805000,0.431331
1600.806000,0.424068
1600.807000,0.611503
1600.808000,0.702122
1600.809000,0.712079
1600.810000,0.625235
1600.811000,0.677337
1600.812000,0.814218
1600.813000,0.786930
1600.814000,0.720068
1600.815000,0.601844
1600.816000,0.550361
1600.817000,0.548419
1600.818000,0.558590
1600.819000,0.714456
1600.820000,0.767202
1600.821000,0.618031
1600.822000,0.767506
1600.823000,0.782131
1600.824000,0.691808
1600.825000,0.450441
1600.826000,0.477504
1600.827000,0.575524
1600.828000,0.895140
1600.829000,0.781186
1600.830000,0.692909
1600.831000,0.709406
1600.832000,0.632426
1600.833000,0.474450
1600.834000,0.456340
1600.835000,0.412784
1600.836000,0.507311
1600.837000,0.588853
1600.838000,0.480722
1600.839000,0.429173
1600.840000,0.399662
1600.841000,0.279851
1600.842000,0.256259
1600.843000,0.187289
1600.844000,0.091317
1600.845000,0.223011
1600.846000,0.240982
1600.847000,0.109319
1600.848000,0.010248
1600.849000,-0.095522
1600.850000,-0.038518
1600.851000,-0.031493
1600.852000,-0.012912
1600.853000,-0.079061
1600.854000,-0.068395
1600.855000,-0.164986
1600.856000,-0.263761
1600.857000,-0.225329
1600.858000,-0.180742
1600.859000,-0.293423
1600.860000,-0.278093
1600.861000,-0.411407
1600.862000,-0.486560
1600.863000,-0.426760
1600.864000,-0.438185
1600.865000,-0.414495
1600.866000,-0.437423
1600.867000,-0.510851
1600.868000,-0.484077
1600.869000,-0.308908
1600.870000,-0.150010
1600.871000,-0.132597
1600.872000,-0.186144
1600.873000,-0.155382
1600.874000,-0.302280
1600.875000,-0.329358
1600.876000,-0.268776
1600.877000,-0.328110
1600.878000,-0.223667
1600.879000,-0.197227
1600.880000,-0.208396
1600.881000,-0.028166
1600.882000,0.040197
1600.883000,0.097077
1600.884000,0.050787
1600.885000,-0.133835
1600.886000,-0.127936
1600.887000,-0.295475
1600.888000,-0.526967
1600.889000,-0.772770
1600.890000,-0.654782
1600.891000,-0.466726
1600.892000,-0.612003
1600.893000,-0.628660
1600.894000,-0.666577
1600.895000,-0.753497
1600.896000,-0.798478
1600.897000,-0.833506
1600.898000,-0.896488
1600.899000,-0.816755
1600.900000,-0.937227
1600.901000,-0.898289
1600.902000,-0.935081
1600.903000,-1.072508
1600.904000,-1.133089
1600.905000,-1.117065
1600.906000,-1.025194
1600.907000,-1.009260
1600.908000,-1.249428
1600.909000,-1.212372
1600.910000,-1.344787
1600.911000,-1.414188
1600.912000,-1.358835
1600.913000,-1.309764
1600.914000,-1.317025
1600.915000,-1.328628
1600.916000,-1.205454
1600.917000,-1.054033
1600.918000,-0.889280
1600.919000,-0.874299
1600.920000,-0.801294
1600.921000,-0.822447
1600.922000,-0.865556
1600.923000,-0.855912
1600.924000,-0.947068
1600.925000,-0.835278
1600.926000,-0.675590
1600.927000,-0.692308
1600.928000,-0.455663
1600.929000,-0.607556
1600.930000,-0.634001
1600.931000,-0.780938
1600.932000,-0.867396
1600.933000,-0.795568
1600.934000,-0.737064
1600.935000,-0.731598
1600.936000,-0.615139
1600.937000,-0.688332
1600.938000,-0.727629
1600.939000,-0.738942
1600.940000,-0.718813
1600.941000,-0.663405
1600.942000,-0.462636
1600.943000,-0.331755
1600.944000,-0.238936
1600.945000,-0.312747
1600.946000,-0.186547
1600.947000,-0.205459
1600.948000,-0.384121
1600.949000,-0.384496
1600.950000,-0.476578
1600.951000,-0.511569
1600.952000,-0.477885
1600.953000,-0.467345
1600.954000,-0.330545
1600.955000,-0.296961
1600.956000,-0.327139
1600.957000,-0.246377
1600.958000,-0.068308
1600.959000,-0.131987
1600.960000,-0.211702
1600.961000,-0.197157
1600.962000,-0.068927
1600.963000,-0.116320
1600.964000,-0.406169
1600.965000,-0.463092
1600.966000,-0.457249
1600.967000,-0.359150
1600.968000,-0.210444
1600.969000,-0.230578
1600.970000,-0.300885
1600.971000,-0.252241
1600.972000,-0.209593
1600.973000,-0.409346
1600.974000,-0.259252
1600.975000,-0.107851
1600.976000,0.050451
1600.977000,-0.095753
1600.978000,-0.160913
1600.979000,0.049892
1600.980000,0.063364
1600.981000,0.108567
1600.982000,0.087200
1600.983000,-0.109420
1600.984000,0.146220
1600.985000,0.189491
1600.986000,0.032469
1600.987000,-0.012653
1600.988000,-0.004032
1600.989000,0.114423
1600.990000,0.157051
1600.991000,0.087904
1600.992000,0.185905
1600.993000,0.247699
1600.994000,0.408597
1600.995000,0.547783
1600.996000,0.624770
1600.997000,0.511397
1600.998000,0.611172
1600.999000,0.486790
1601.000000,0.571472
1601.001000,0.821131
1601.002000,0.776236
1601.003000,0.990127
1601.004000,1.026864
1601.005000,1.192386
1601.006000,1.335180
1601.007000,1.322859
1601.008000,1.209746
1601.009000,1.107535
1601.010000,1.309864
1601.011000,1.187170
1601.012000,1.037847
1601.013000,1.070556
1601.014000,0.981256
1601.015000,1.006588
1601.016000,0.971584
1601.017000,0.980180
1601.018000,1.223708
1601.019000,1.189307
1601.020000,1.015793
1601.021000,0.920091
1601.022000,0.930647
1601.023000,1.097346
1601.024000,1.051020
1601.025000,1.241726
1601.026000,1.394178
1601.027000,1.374962
1601.028000,1.267933
1601.029000,1.131320
1601.030000,1.040199
1601.031000,0.961698
1601.032000,0.872204
1601.033000,0.942141
1601.034000,0.960306
1601.035000,0.940946
1601.036000,0.824309
1601.037000,0.638895
1601.038000,0.597703
1601.039000,0.486335
1601.040000,0.475678
1601.041000,0.376226
1601.042000,0.243384
1601.043000,0.331860
1601.044000,0.210632
1601.045000,0.342479
1601.046000,0.373250
1601.047000,0.428146
1601.048000,0.429833
1601.049000,0.444756
1601.050000,0.462165
1601.051000,0.398779
1601.052000,0.427955
1601.053000,0.538923
1601.054000,0.667753
1601.055000,0.487237
1601.056000,0.448550
1601.057000,0.349062
1601.058000,0.379640
1601.059000,0.390886
1601.060000,0.327350
1601.061000,0.343489
1601.062000,0.335361
1601.063000,0.225178
1601.064000,0.375438
1601.065000,0.385858
1601.066000,0.334836
1601.067000,0.342280
1601.068000,0.232882
1601.069000,0.200998
1601.070000,0.266031
1601.071000,0.052210
1601.072000,0.053979
1601.073000,0.053337
1601.074000,0.120891
1601.075000,0.099485
1601.076000,0.199480
1601.077000,0.171344
1601.078000,0.369222
1601.079000,0.288858
1601.080000,0.150346
1601.081000,0.094942
1601.082000,0.002484
1601.083000,-0.160972
1601.084000,-0.222997
1601.085000,-0.223536
1601.086000,-0.207206
1601.087000,-0.169554
1601.088000,-0.183720
1601.089000,-0.360568
1601.090000,-0.171258
1601.091000,-0.119420
1601.092000,-0.068067
1601.093000,0.211156
1601.094000,0.317354
1601.095000,0.095892
1601.096000,-0.084859
1601.097000,-0.063958
1601.098000,-0.228106
1601.099000,-0.187481
1601.100000,-0.069295
1601.101000,-0.138883
1601.102000,-0.157318
1601.103000,-0.198842
1601.104000,-0.184678
1601.105000,-0.423020
1601.106000,-0.447755
1601.107000,-0.552161
1601.108000,-0.261218
1601.109000,-0.198456
1601.110000,-0.143462
1601.111000,-0.124684
1601.112000,-0.052245
1601.113000,-0.170186
1601.114000,-0.107486
1601.115000,0.009384
1601.116000,0.038779
1601.117000,0.084671
1601.118000,0.231068
1601.119000,0.228172
1601.120000,0.142633
1601.121000,0.054857
1601.122000,0.217678
1601.123000,0.159932
1601.124000,0.264618
1601.125000,0.316789
1601.126000,0.281201
1601.127000,0.217349
1601.128000,0.356222
1601.129000,0.372994
1601.130000,0.556499
1601.131000,0.427461
1601.132000,0.364594
1601.133000,0.372861
1601.134000,0.402424
1601.135000,0.533542
1601.136000,0.517543
1601.137000,0.368697
1601.138000,0.452449
1601.139000,0.695095
1601.140000,0.596592
1601.141000,0.767867
1601.142000,0.613716
1601.143000,0.645426
1601.144000,0.619965
1601.145000,0.768166
1601.146000,0.722876
1601.147000,0.678588
1601.148000,0.676759
1601.149000,0.597671
1601.150000,0.415765
1601.151000,0.477140
1601.152000,0.440516
1601.153000,0.476997
1601.154000,0.403249
1601.155000,0.568450
1601.156000,0.286546
1601.157000,0.459537
1601.158000,0.432467
1601.159000,0.257507
1601.160000,0.447401
1601.161000,0.289278
1601.162000,0.436718
1601.163000,0.422396
1601.164000,0.482859
1601.165000,0.524181
1601.166000,0.357469
1601.167000,0.325459
1601.168000,0.270767
1601.169000,0.236746
1601.170000,0.270026
1601.171000,0.323397
1601.172000,0.115625
1601.173000,0.311498
1601.174000,0.435483
1601.175000,0.380297
1601.176000,0.348255
1601.177000,0.531967
1601.178000,0.439955
1601.179000,0.423845
1601.180000,0.467276
1601.181000,0.509909
1601.182000,0.554736
1601.183000,0.572317
1601.184000,0.715127
1601.185000,0.759144
1601.186000,0.608300
1601.187000,0.631640
1601.188000,0.546727
1601.189000,0.438455
1601.190000,0.292820
1601.191000,0.295816
1601.192000,0.267738
1601.193000,0.244475
1601.194000,0.213216
1601.195000,0.332458
1601.196000,0.095749
1601.197000,0.239416
1601.198000,0.051445
1601.199000,0.233081
1601.200000,0.000635
1601.201000,-0.042269
1601.202000,-0.075481
1601.203000,-0.282467
1601.204000,-0.369131
1601.205000,-0.220915
1601.206000,-0.140890
1601.207000,-0.283970
1601.208000,-0.127282
1601.209000,-0.168546
1601.210000,-0.349981
1601.211000,-0.366882
1601.212000,-0.326814
1601.213000,-0.335168
1601.214000,-0.313973
1601.215000,-0.334991
1601.216000,-0.441621
1601.217000,-0.366716
1601.218000,-0.259759
1601.219000,-0.286222
1601.220000,-0.223154
1601.221000,-0.243077
1601.222000,-0.171333
1601.223000,-0.171676
1601.224000,-0.275958
1601.225000,-0.351370
1601.226000,-0.284691
1601.227000,-0.215361
1601.228000,-0.161758
1601.229000,-0.127313
1601.230000,-0.140406
1601.231000,-0.285596
1601.232000,-0.153247
1601.233000,-0.104424
1601.234000,-0.115054
1601.235000,-0.126760
1601.236000,-0.000284
1601.237000,0.140180
1601.238000,0.117958
1601.239000,0.204890
1601.240000,0.326016
1601.241000,0.278078
1601.242000,0.123931
1601.243000,-0.081260
1601.244000,-0.243783
1601.245000,-0.131702
1601.246000,-0.274758
1601.247000,-0.048947
1601.248000,0.090122
1601.249000,0.115536
1601.250000,0.193808
1601.251000,0.291364
1601.252000,0.319428
1601.253000,0.298275
1601.254000,0.260767
1601.255000,0.368483
1601.256000,0.288874
1601.257000,0.283675
1601.258000,0.421585
1601.259000,0.350537
1601.260000,0.216557
1601.261000,0.266603
1601.262000,0.292366
1601.263000,0.341170
1601.264000,0.290958
1601.265000,0.402504
1601.266000,0.454876
1601.267000,0.237359
1601.268000,0.252048
1601.269000,0.240777
1601.270000,0.282640
1601.271000,0.245697
1601.272000,0.212172
1601.273000,0.237590
1601.274000,0.136222
1601.275000,0.185434
1601.276000,-0.024259
1601.277000,0.200323
1601.278000,0.068224
1601.279000,0.210019
1601.280000,0.224845
1601.281000,0.210910
1601.282000,0.063409
1601.283000,-0.047951
1601.284000,-0.039450
1601.285000,0.164840
1601.286000,0.218506
1601.287000,0.186277
1601.288000,0.207559
1601.289000,0.207772
1601.290000,0.102956
1601.291000,0.220677
1601.292000,0.110745
1601.293000,0.106796
1601.294000,0.082094
1601.295000,-0.001506
1601.296000,0.081072
1601.297000,0.020150
1601.298000,0.078804
1601.299000,0.021593
1601.300000,0.070673
1601.301000,0.011554
1601.302000,0.077491
1601.303000,-0.095971
1601.304000,-0.157935
1601.305000,-0.124216
1601.306000,-0.105909
1601.307000,-0.047166
1601.308000,-0.049821
1601.309000,-0.320320
1601.310000,-0.440623
1601.311000,-0.439317
1601.312000,-0.400477
1601.313000,-0.301713
1601.314000,-0.335392
1601.315000,-0.396231
1601.316000,-0.353366
1601.317000,-0.457150
1601.318000,-0.348272
1601.319000,-0.230750
1601.320000,-0.183245
1601.321000,-0.234304
1601.322000,-0.171467
1601.323000,-0.146547
1601.324000,-0.121205
1601.325000,-0.020378
1601.326000,-0.064883
1601.327000,-0.030867
1601.328000,0.015133
1601.329000,-0.109931
1601.330000,-0.406448
1601.331000,-0.405573
1601.332000,-0.169530
1601.333000,-0.140380
1601.334000,-0.120792
1601.335000,-0.158094
1601.336000,-0.097855
1601.337000,0.017266
1601.338000,-0.164040
1601.339000,0.054609
1601.340000,-0.056954
1601.341000,-0.011099
1601.342000,0.012151
1601.343000,-0.045771
1601.344000,-0.096437
1601.345000,-0.258898
1601.346000,-0.192516
1601.347000,-0.189490
1601.348000,0.041750
1601.349000,0.086484
1601.350000,0.104189
1601.351000,0.000633
1601.352000,0.045969
1601.353000,-0.076824
1601.354000,-0.015466
1601.355000,-0.090852
1601.356000,-0.234596
1601.357000,-0.208575
1601.358000,-0.150793
1601.359000,-0.260419
1601.360000,-0.066773
1601.361000,-0.173483
1601.362000,-0.008230
1601.363000,0.029772
1601.364000,0.094966
1601.365000,0.009871
1601.366000,0.117558
1601.367000,0.232362
1601.368000,0.313507
1601.369000,0.310877
1601.370000,0.499444
1601.371000,0.683692
1601.372000,0.632197
1601.373000,0.763688
1601.374000,0.627748
1601.375000,0.522121
1601.376000,0.388045
1601.377000,0.188808
1601.378000,0.144076
1601.379000,0.111275
1601.380000,0.045447
1601.381000,0.017418
1601.382000,-0.067401
1601.383000,0.017813
1601.384000,-0.016741
1601.385000,-0.192592
1601.386000,-0.266836
1601.387000,-0.121672
1601.388000,-0.207981
1601.389000,-0.140770
1601.390000,-0.323080
1601.391000,-0.291139
1601.392000,-0.452905
1601.393000,-0.399560
1601.394000,-0.401402
1601.395000,-0.398101
1601.396000,-0.386664
1601.397000,-0.546191
1601.398000,-0.432886
1601.399000,-0.445051
1601.400000,-0.493338
1601.401000,-0.374523
1601.402000,-0.418926
1601.403000,-0.536329
1601.404000,-0.517522
1601.405000,-0.555636
1601.406000,-0.591621
1601.407000,-0.701738
1601.408000,-0.874159
1601.409000,-0.930991
1601.410000,-0.838998
1601.411000,-0.882405
1601.412000,-1.009881
1601.413000,-1.263843
1601.414000,-1.281821
1601.415000,-1.573558
1601.416000,-1.726820
1601.417000,-1.604043
1601.418000,-1.469043
1601.419000,-1.670977
1601.420000,-1.571787
1601.421000,-1.548342
1601.422000,-1.717984
1601.423000,-1.651933
1601.424000,-1.599607
1601.425000,-1.650414
1601.426000,-1.398697
1601.427000,-1.524301
1601.428000,-1.392573
1601.429000,-1.339724
1601.430000,-1.379443
1601.431000,-1.377762
1601.432000,-1.404489
1601.433000,-1.415167
1601.434000,-1.222226
1601.435000,-1.144075
1601.436000,-1.203602
1601.437000,-1.207544
1601.438000,-1.254893
1601.439000,-1.147555
1601.440000,-1.342454
1601.441000,-1.398787
1601.442000,-1.481131
1601.443000,-1.462987
1601.444000,-1.536399
1601.445000,-1.584960
1601.446000,-1.660852
1601.447000,-1.542539
1601.448000,-1.531272
1601.449000,-1.530927
1601.450000,-1.449914
1601.451000,-1.278781
1601.452000,-1.030406
1601.453000,-0.925066
1601.454000,-1.031961
1601.455000,-0.791157
1601.456000,-0.794226
1601.457000,-0.756681
1601.458000,-0.740002
1601.459000,-0.675749
1601.460000,-0.535987
1601.461000,-0.612127
1601.462000,-0.639874
1601.463000,-0.622450
1601.464000,-0.533917
1601.465000,-0.459854
1601.466000,-0.394747
1601.467000,-0.222387
1601.468000,-0.154042
1601.469000,-0.067498
1601.470000,-0.028853
1601.471000,-0.033422
1601.472000,0.055171
1601.473000,0.101401
1601.474000,0.103007
1601.475000,0.152298
1601.476000,0.189494
1601.477000,0.135975
1601.478000,0.220886
1601.479000,-0.084164
1601.480000,0.141163
1601.481000,0.191108
1601.482000,0.282450
1601.483000,0.389699
1601.484000,0.251687
1601.485000,0.369154
1601.486000,0.485028
1601.487000,0.503503
1601.488000,0.584348
1601.489000,0.556699
1601.490000,0.673944
1601.491000,0.698525
1601.492000,0.613523
1601.493000,0.382402
1601.494000,0.351497
1601.495000,0.262693
1601.496000,0.372485
1601.497000,0.387529
1601.498000,0.403921
1601.499000,0.470996
1601.500000,0.329241
1601.501000,0.400270
1601.502000,0.539331
1601.503000,0.667779
1601.504000,0.940429
1601.505000,0.877660
1601.506000,0.995618
1601.507000,1.086622
1601.508000,0.926599
1601.509000,0.893896
1601.510000,0.679282
1601.511000,0.642749
1601.512000,0.503630
1601.513000,0.428951
1601.514000,0.587079
1601.515000,0.640285
1601.516000,0.553256
1601.517000,0.481157
1601.518000,0.461270
1601.519000,0.342619
1601.520000,0.205596
1601.521000,0.349081
1601.522000,0.385017
1601.523000,0.407357
1601.524000,0.426936
1601.525000,0.400260
1601.526000,0.350537
1601.527000,0.365912
1601.528000,0.254955
1601.529000,0.273738
1601.530000,0.486337
1601.531000,0.464195
1601.532000,0.534223
1601.533000,0.699150
1601.534000,0.828423
1601.535000,0.822247
1601.536000,0.689066
1601.537000,0.475768
1601.538000,0.288968
1601.539000,0.250413
1601.540000,0.273470
1601.541000,0.183252
1601.542000,0.161168
1601.543000,0.090026
1601.544000,0.136367
1601.545000,0.300183
1601.546000,0.307131
1601.547000,0.407544
1601.548000,0.388806
1601.549000,0.335630
1601.550000,0.257819
1601.551000,0.403840
1601.552000,0.381480
1601.553000,0.368078
1601.554000,0.513764
1601.555000,0.607210
1601.556000,0.641298
1601.557000,0.568037
1601.558000,0.486164
1601.559000,0.304748
1601.560000,0.468334
1601.561000,0.328136
1601.562000,0.201838
1601.563000,0.424961
1601.564000,0.343456
1601.565000,0.663438
1601.566000,0.782675
1601.567000,0.723406
1601.568000,0.644287
1601.569000,0.755745
1601.570000,0.674818
1601.571000,0.700141
1601.572000,0.775749
1601.573000,0.758797
1601.574000,0.770178
1601.575000,0.709696
1601.576000,0.670392
1601.577000,0.551651
1601.578000,0.475785
1601.579000,0.631800
1601.580000,0.658006
1601.581000,0.667692
1601.582000,0.593449
1601.583000,0.758256
1601.584000,0.766363
1601.585000,0.529743
1601.586000,0.456578
1601.587000,0.452506
1601.588000,0.350845
1601.589000,0.333312
1601.590000,0.178378
1601.591000,0.289430
1601.592000,0.301891
1601.593000,0.463390
1601.594000,0.308526
1601.595000,0.310379
1601.596000,0.357261
1601.597000,0.251633
1601.598000,0.221232
1601.599000,0.214951
1601.600000,0.203138
1601.601000,0.314175
1601.602000,0.215572
1601.603000,0.258853
1601.604000,0.196163
1601.605000,0.149747
1601.606000,0.128781
1601.607000,-0.006311
1601.608000,-0.178847
1601.609000,-0.200869
1601.610000,-0.126531
1601.611000,-0.149492
1601.612000,-0.056845
1601.613000,0.020936
1601.614000,-0.194009
1601.615000,-0.170148
1601.616000,-0.083879
1601.617000,-0.117300
1601.618000,-0.166284
1601.619000,-0.264850
1601.620000,-0.323583
1601.621000,-0.431652
1601.622000,-0.418495
1601.623000,-0.455701
1601.624000,-0.486477
1601.625000,-0.561366
1601.626000,-0.475369
1601.627000,-0.543835
1601.628000,-0.422626
1601.629000,-0.408088
1601.630000,-0.567318
1601.631000,-0.724666
1601.632000,-0.743593
1601.633000,-0.632797
1601.634000,-0.666361
1601.635000,-0.682553
1601.636000,-0.907857
1601.637000,-0.798461
1601.638000,-0.817328
1601.639000,-0.835664
1601.640000,-0.800335
1601.641000,-0.846444
1601.642000,-0.816515
1601.643000,-0.960537
1601.644000,-0.938543
1601.645000,-1.011166
1601.646000,-1.133045
1601.647000,-1.249924
1601.648000,-1.100449
1601.649000,-0.894925
1601.650000,-0.922435
1601.651000,-0.976913
1601.652000,-0.974224
1601.653000,-0.956744
1601.654000,-1.113243
1601.655000,-1.157897
1601.656000,-1.161552
1601.657000,-1.055821
1601.658000,-1.045148
1601.659000,-1.028020
1601.660000,-1.082125
1601.661000,-1.144792
1601.662000,-1.091364
1601.663000,-0.959406
1601.664000,-0.857742
1601.665000,-0.942372
1601.666000,-1.032350
1601.667000,-0.890736
1601.668000,-0.851265
1601.669000,-0.831298
1601.670000,-0.823817
1601.671000,-0.960685
1601.672000,-1.008909
1601.673000,-0.927241
1601.674000,-0.943734
1601.675000,-0.984365
1601.676000,-0.599500
1601.677000,-0.665953
1601.678000,-0.686178
1601.679000,-0.659114
1601.680000,-0.789545
1601.681000,-0.664421
1601.682000,-0.581654
1601.683000,-0.393457
1601.684000,-0.389181
1601.685000,-0.426547
1601.686000,-0.316463
1601.687000,-0.163624
1601.688000,-0.221425
1601.689000,-0.110415
1601.690000,-0.072314
1601.691000,-0.041608
1601.692000,0.065353
1601.693000,-0.039824
1601.694000,-0.075204
1601.695000,-0.311584
1601.696000,-0.257005
1601.697000,-0.301664
1601.698000,-0.164215
1601.699000,-0.198942
1601.700000,-0.198928
1601.701000,-0.086102
1601.702000,-0.132708
1601.703000,-0.255090
1601.704000,-0.208060
1601.705000,-0.403240
1601.706000,-0.359184
1601.707000,-0.200220
1601.708000,-0.301289
1601.709000,-0.433205
1601.710000,-0.509967
1601.711000,-0.564066
1601.712000,-0.565693
1601.713000,-0.505651
1601.714000,-0.539099
1601.715000,-0.514678
1601.716000,-0.400456
1601.717000,-0.346764
1601.718000,-0.287936
1601.719000,-0.309951
1601.720000,-0.245712
1601.721000,-0.220140
1601.722000,-0.213631
1601.723000,-0.083056
1601.724000,0.087816
1601.725000,0.184080
1601.726000,0.272587
1601.727000,0.289113
1601.728000,0.207193
1601.729000,0.085550
1601.730000,0.189191
1601.731000,0.089742
1601.732000,0.159925
1601.733000,0.106965
1601.734000,0.296448
1601.735000,0.346938
1601.736000,0.395850
1601.737000,0.393720
1601.738000,0.329679
1601.739000,0.354067
1601.740000,0.149442
1601.741000,0.208187
1601.742000,0.306389
1601.743000,0.386939
1601.744000,0.525204
1601.745000,0.477555
1601.746000,0.585620
1601.747000,0.586010
1601.748000,0.729570
1601.749000,0.756936
1601.750000,0.663571
1601.751000,0.541104
1601.752000,0.339562
1601.753000,0.493200
1601.754000,0.438185
1601.755000,0.354073
1601.756000,0.538454
1601.757000,0.519669
1601.758000,0.560999
1601.759000,0.542487
1601.760000,0.536185
1601.761000,0.667062
1601.762000,0.758281
1601.763000,0.928847
1601.764000,1.018464
1601.765000,0.855877
1601.766000,0.856180
1601.767000,0.779328
1601.768000,0.894524
1601.769000,0.946924
1601.770000,1.107696
1601.771000,1.027086
1601.772000,0.795913
1601.773000,0.562802
1601.774000,0.668915
1601.775000,0.602415
1601.776000,0.608867
1601.777000,0.606625
1601.778000,0.714487
1601.779000,0.886325
1601.780000,0.928342
1601.781000,0.908927
1601.782000,0.858626
1601.783000,1.026116
1601.784000,0.894789
1601.785000,0.715957
1601.786000,0.680108
1601.787000,0.559332
1601.788000,0.387588
1601.789000,0.387799
1601.790000,0.412701
1601.791000,0.560183
1601.792000,0.601669
1601.793000,0.616737
1601.794000,0.738630
1601.795000,0.780933
1601.796000,0.614766
1601.797000,0.731190
1601.798000,0.702576
1601.799000,0.747592
1601.800000,0.589450
1601.801000,0.652397
1601.802000,0.442326
1601.803000,0.449918
1601.804000,0.459353
1601.805000,0.467890
1601.806000,0.469472
1601.807000,0.442005
1601.808000,0.339908
1601.809000,0.552145
1601.810000,0.561777
1601.811000,0.805493
1601.812000,0.878599
1601.813000,0.818870
1601.814000,0.810234
1601.815000,0.857538
1601.816000,0.999652
1601.817000,0.893995
1601.818000,0.854648
1601.819000,0.964032
1601.820000,0.907680
1601.821000,0.704933
1601.822000,0.652323
1601.823000,0.697000
1601.824000,0.587348
1601.825000,0.538526
1601.826000,0.573557
1601.827000,0.627802
1601.828000,0.669025
1601.829000,0.702454
1601.830000,0.897921
1601.831000,0.865811
1601.832000,0.735647
1601.833000,0.763244
1601.834000,0.854561
1601.835000,0.871623
1601.836000,0.750921
1601.837000,0.792328
1601.838000,0.696390
1601.839000,0.551562
1601.840000,0.511730
1601.841000,0.341783
1601.842000,0.209568
1601.843000,0.175622
1601.844000,0.202270
1601.845000,-0.070311
1601.846000,-0.088219
1601.847000,-0.166631
1601.848000,-0.116665
1601.849000,-0.087646
1601.850000,-0.001996
1601.851000,0.031042
1601.852000,0.066657
1601.853000,0.183449
1601.854000,0.002056
1601.855000,-0.179192
1601.856000,-0.322665
1601.857000,-0.371134
1601.858000,-0.311949
1601.859000,-0.377321
1601.860000,-0.389901
1601.861000,-0.392562
1601.862000,-0.453425
1601.863000,-0.425002
1601.864000,-0.418630
1601.865000,-0.447744
1601.866000,-0.405765
1601.867000,-0.431081
1601.868000,-0.353145
1601.869000,-0.359543
1601.870000,-0.432003
1601.871000,-0.362268
1601.872000,-0.100224
1601.873000,-0.311715
1601.874000,-0.368251
1601.875000,-0.581368
1601.876000,-0.620626
1601.877000,-0.589165
1601.878000,-0.567669
1601.879000,-0.637673
1601.880000,-0.564901
1601.881000,-0.482868
1601.882000,-0.659553
1601.883000,-0.768141
1601.884000,-0.682044
1601.885000,-0.454640
1601.886000,-0.616996
1601.887000,-0.669612
1601.888000,-0.612094
1601.889000,-0.664408
1601.890000,-0.852286
1601.891000,-0.850690
1601.892000,-0.739572
1601.893000,-0.747031
1601.894000,-0.642600
1601.895000,-0.731983
1601.896000,-0.742611
1601.897000,-0.782112
1601.898000,-0.740596
1601.899000,-0.722781
1601.900000,-0.809596
1601.901000,-0.927457
1601.902000,-0.941126
1601.903000,-0.902044
1601.904000,-0.970457
1601.905000,-0.878055
1601.906000,-0.930858
1601.907000,-0.759239
1601.908000,-0.747496
1601.909000,-0.755536
1601.910000,-0.790583
1601.911000,-0.667848
1601.912000,-0.742139
1601.913000,-0.813151
1601.914000,-0.712871
1601.915000,-0.923700
1601.916000,-0.850993
1601.917000,-0.668900
1601.918000,-0.689939
1601.919000,-0.819180
1601.920000,-0.627688
1601.921000,-0.638358
1601.922000,-0.691048
1601.923000,-0.688751
1601.924000,-0.678912
1601.925000,-0.591171
1601.926000,-0.471998
1601.927000,-0.461713
1601.928000,-0.430238
1601.929000,-0.282758
1601.930000,-0.243092
1601.931000,-0.392092
1601.932000,-0.272482
1601.933000,-0.036938
1601.934000,-0.072709
1601.935000,-0.067432
1601.936000,0.043756
1601.937000,0.259744
1601.938000,0.180636
1601.939000,0.286984
1601.940000,0.409183
1601.941000,0.401198
1601.942000,0.366104
1601.943000,0.421188
1601.944000,0.227561
1601.945000,0.235964
1601.946000,0.150702
1601.947000,0.476411
1601.948000,0.496896
1601.949000,0.544341
1601.950000,0.612493
1601.951000,0.593297
1601.952000,0.492794
1601.953000,0.535432
1601.954000,0.507430
1601.955000,0.519538
1601.956000,0.465225
1601.957000,0.442057
1601.958000,0.477803
1601.959000,0.509684
1601.960000,0.428153
1601.961000,0.372453
1601.962000,0.464008
1601.963000,0.586550
1601.964000,0.675591
1601.965000,0.728941
1601.966000,0.711463
1601.967000,0.729129
1601.968000,0.652860
1601.969000,0.619072
1601.970000,0.545596
1601.971000,0.397825
1601.972000,0.365050
1601.973000,0.315917
1601.974000,0.282863
1601.975000,0.089771
1601.976000,0.021998
1601.977000,0.049609
1601.978000,0.099212
1601.979000,0.169008
1601.980000,0.217601
1601.981000,-0.005150
1601.982000,-0.098435
1601.983000,-0.086331
1601.984000,-0.133515
1601.985000,-0.129103
1601.986000,-0.227881
1601.987000,-0.268372
1601.988000,-0.255659
1601.989000,-0.236581
1601.990000,-0.385774
1601.991000,-0.341674
1601.992000,-0.444065
1601.993000,-0.412635
1601.994000,-0.366343
1601.995000,-0.518209
1601.996000,-0.419751
1601.997000,-0.293051
1601.998000,-0.348948
1601.999000,-0.139489
1602.000000,0.119835
1602.001000,-0.165281
1602.002000,-0.174711
1602.003000,-0.245123
1602.004000,-0.283256
1602.005000,-0.252844
1602.006000,-0.338974
1602.007000,-0.118470
1602.008000,-0.118127
1602.009000,-0.093054
1602.010000,-0.178711
1602.011000,-0.240145
1602.012000,-0.177100
1602.013000,-0.188177
1602.014000,-0.347929
1602.015000,-0.492853
1602.016000,-0.243668
1602.017000,-0.396006
1602.018000,-0.406659
1602.019000,-0.472586
1602.020000,-0.431213
1602.021000,-0.371606
1602.022000,-0.450650
1602.023000,-0.335811
1602.024000,-0.353521
1602.025000,-0.412582
1602.026000,-0.451974
1602.027000,-0.419085
1602.028000,-0.290565
1602.029000,-0.270483
1602.030000,-0.313389
1602.031000,-0.356906
1602.032000,-0.284466
1602.033000,-0.327646
1602.034000,-0.299070
1602.035000,-0.151370
1602.036000,-0.400052
1602.037000,-0.360657
1602.038000,-0.300895
1602.039000,-0.259404
1602.040000,-0.244897
1602.041000,-0.093606
1602.042000,-0.207694
1602.043000,-0.127802
1602.044000,-0.052562
1602.045000,0.044838
1602.046000,0.128455
1602.047000,0.055566
1602.048000,-0.088709
1602.049000,0.073409
1602.050000,0.034026
1602.051000,0.068710
1602.052000,-0.009597
1602.053000,0.034368
1602.054000,0.210855
1602.055000,0.212076
1602.056000,0.256104
1602.057000,0.474690
1602.058000,0.474601
1602.059000,0.382881
1602.060000,0.275861
1602.061000,0.243638
1602.062000,0.305898
1602.063000,-0.039874
1602.064000,-0.099603
1602.065000,-0.054472
1602.066000,0.201787
1602.067000,0.063101
1602.068000,-0.083179
1602.069000,-0.002514
1602.070000,-0.091972
1602.071000,-0.149206
1602.072000,-0.158923
1602.073000,-0.397666
1602.074000,-0.490174
1602.075000,-0.588131
1602.076000,-0.635208
1602.077000,-0.551569
1602.078000,-0.456944
1602.079000,-0.487464
1602.080000,-0.567660
1602.081000,-0.541360
1602.082000,-0.568616
1602.083000,-0.375055
1602.084000,-0.133417
1602.085000,-0.221673
1602.086000,-0.196327
1602.087000,-0.275366
1602.088000,-0.165001
1602.089000,-0.304729
1602.090000,-0.427232
1602.091000,-0.433270
1602.092000,-0.370202
1602.093000,-0.276563
1602.094000,-0.213016
1602.095000,-0.185918
1602.096000,-0.167969
1602.097000,-0.181676
1602.098000,-0.264555
1602.099000,-0.161380
1602.100000,-0.216552
1602.101000,-0.123237
1602.102000,-0.038298
1602.103000,-0.038296
1602.104000,-0.013096
1602.105000,0.082908
1602.106000,0.122116
1602.107000,0.251219
1602.108000,0.333334
1602.109000,0.277159
1602.110000,0.268594
1602.111000,0.230967
1602.112000,0.308874
1602.113000,0.286424
1602.114000,0.316445
1602.115000,0.356985
1602.116000,0.412964
1602.117000,0.359125
1602.118000,0.484363
1602.119000,0.570742
1602.120000,0.395224
1602.121000,0.578408
1602.122000,0.556770
1602.123000,0.538594
1602.124000,0.559132
1602.125000,0.669584
1602.126000,0.727769
1602.127000,0.761201
1602.128000,0.763811
1602.129000,0.876553
1602.130000,0.754763
1602.131000,0.598728
1602.132000,0.569306
1602.133000,0.589940
1602.134000,0.551207
1602.135000,0.373740
1602.136000,0.401468
1602.137000,0.599546
1602.138000,0.517936
1602.139000,0.472140
1602.140000,0.436699
1602.141000,0.359638
1602.142000,0.477404
1602.143000,0.779892
1602.144000,0.799088
1602.145000,0.865889
1602.146000,0.961916
1602.147000,0.824233
1602.148000,0.782336
1602.149000,0.796738
1602.150000,0.683817
1602.151000,0.745865
1602.152000,0.810531
1602.153000,0.793999
1602.154000,0.797014
1602.155000,0.627832
1602.156000,0.577794
1602.157000,0.460918
1602.158000,0.564984
1602.159000,0.641125
1602.160000,0.518001
1602.161000,0.475635
1602.162000,0.496508
1602.163000,0.454702
1602.164000,0.536867
1602.165000,0.278039
1602.166000,0.137917
1602.167000,0.229466
1602.168000,0.204325
1602.169000,0.067074
1602.170000,0.044595
1602.171000,0.071009
1602.172000,-0.038529
1602.173000,0.038205
1602.174000,0.191943
1602.175000,0.003579
1602.176000,0.115140
1602.177000,0.202287
1602.178000,0.171096
1602.179000,-0.009281
1602.180000,-0.129113
1602.181000,-0.271515
1602.182000,-0.362747
1602.183000,-0.242939
1602.184000,-0.115252
1602.185000,-0.239305
1602.186000,-0.364147
1602.187000,-0.227793
1602.188000,-0.332659
1602.189000,-0.443952
1602.190000,-0.596478
1602.191000,-0.494298
1602.192000,-0.598826
1602.193000,-0.713992
1602.194000,-0.539742
1602.195000,-0.580488
1602.196000,-0.540815
1602.197000,-0.631250
1602.198000,-0.649119
1602.199000,-0.654891
1602.200000,-0.695200
1602.201000,-0.773929
1602.202000,-0.979637
1602.203000,-1.006874
1602.204000,-0.988845
1602.205000,-1.010188
1602.206000,-0.996351
1602.207000,-0.909070
1602.208000,-1.108777
1602.209000,-1.043938
1602.210000,-0.994627
1602.211000,-0.983287
1602.212000,-0.797893
1602.213000,-0.779492
1602.214000,-0.739213
1602.215000,-0.686180
1602.216000,-0.585376
1602.217000,-0.482854
1602.218000,-0.496819
1602.219000,-0.351674
1602.220000,-0.167331
1602.221000,-0.285533
1602.222000,-0.310137
1602.223000,-0.379716
1602.224000,-0.310732
1602.225000,-0.351406
1602.226000,-0.242956
1602.227000,-0.305055
1602.228000,-0.389963
1602.229000,-0.305900
1602.230000,-0.268115
1602.231000,-0.229176
1602.232000,-0.125851
1602.233000,-0.187845
1602.234000,-0.193700
1602.235000,-0.301296
1602.236000,-0.559245
1602.237000,-0.474857
1602.238000,-0.340127
1602.239000,-0.333546
1602.240000,-0.320226
1602.241000,-0.260585
1602.242000,-0.250616
1602.243000,-0.209384
1602.244000,-0.363523
1602.245000,-0.362022
1602.246000,-0.524243
1602.247000,-0.518359
1602.248000,-0.395902
1602.249000,-0.508344
1602.250000,-0.513965
1602.251000,-0.528026
1602.252000,-0.506042
1602.253000,-0.584632
1602.254000,-0.622291
1602.255000,-0.627710
1602.256000,-0.483841
1602.257000,-0.293557
1602.258000,-0.228080
1602.259000,-0.102446
1602.260000,0.149846
1602.261000,0.005461
1602.262000,0.055744
1602.263000,0.148299
1602.264000,0.045486
1602.265000,-0.199524
1602.266000,-0.355661
1602.267000,-0.296642
1602.268000,-0.255894
1602.269000,-0.217739
1602.270000,0.051112
1602.271000,0.080623
1602.272000,0.154169
1602.273000,0.270443
1602.274000,0.251741
1602.275000,0.229955
1602.276000,-0.062183
1602.277000,0.003531
1602.278000,-0.018467
1602.279000,-0.115506
1602.280000,-0.172854
1602.281000,-0.081362
1602.282000,-0.216613
1602.283000,-0.042996
1602.284000,0.038740
1602.285000,0.022467
1602.286000,-0.047640
1602.287000,-0.060728
1602.288000,-0.060748
1602.289000,-0.025582
1602.290000,-0.142144
1602.291000,-0.325984
1602.292000,-0.422959
1602.293000,-0.467285
1602.294000,-0.578178
1602.295000,-0.326127
1602.296000,-0.334613
1602.297000,-0.259644
1602.298000,-0.189590
1602.299000,-0.358170
1602.300000,-0.251578
1602.301000,-0.202640
1602.302000,-0.060657
1602.303000,-0.191242
1602.304000,-0.242450
1602.305000,-0.327894
1602.306000,-0.231733
1602.307000,-0.307534
1602.308000,-0.148666
1602.309000,-0.165857
1602.310000,-0.198131
1602.311000,-0.121221
1602.312000,-0.205426
1602.313000,-0.164680
1602.314000,-0.098541
1602.315000,-0.241799
1602.316000,-0.440097
1602.317000,-0.443293
1602.318000,-0.524493
1602.319000,-0.589969
1602.320000,-0.307878
1602.321000,-0.227658
1602.322000,-0.299870
1602.323000,-0.178949
1602.324000,-0.146847
1602.325000,-0.204423
1602.326000,-0.165270
1602.327000,-0.073769
1602.328000,-0.075706
1602.329000,-0.160054
1602.330000,-0.237010
1602.331000,-0.293817
1602.332000,-0.336413
1602.333000,-0.330449
1602.334000,-0.309740
1602.335000,-0.279972
1602.336000,-0.189766
1602.337000,-0.129253
1602.338000,-0.083403
1602.339000,0.054215
1602.340000,-0.043811
1602.341000,-0.013295
1602.342000,0.029765
1602.343000,-0.131507
1602.344000,-0.087380
1602.345000,-0.143841
1602.346000,-0.089111
1602.347000,-0.150371
1602.348000,-0.133090
1602.349000,-0.042430
1602.350000,-0.189557
1602.351000,-0.052924
1602.352000,0.018924
1602.353000,0.118654
1602.354000,0.142187
1602.355000,0.186666
1602.356000,0.322972
1602.357000,0.524375
1602.358000,0.580463
1602.359000,0.690850
1602.360000,0.691643
1602.361000,0.925133
1602.362000,1.064911
1602.363000,1.074338
1602.364000,1.074445
1602.365000,1.109411
1602.366000,1.033128
1602.367000,0.968086
1602.368000,0.887870
1602.369000,0.804448
1602.370000,0.825803
1602.371000,0.913292
1602.372000,0.803762
1602.373000,0.831415
1602.374000,0.782277
1602.375000,0.691475
1602.376000,0.576262
1602.377000,0.433193
1602.378000,0.409508
1602.379000,0.313506
1602.380000,0.206830
1602.381000,0.309089
1602.382000,0.466334
1602.383000,0.599162
1602.384000,0.759047
1602.385000,0.644823
1602.386000,0.516445
1602.387000,0.518291
1602.388000,0.529869
1602.389000,0.393770
1602.390000,0.494938
1602.391000,0.567254
1602.392000,0.292697
1602.393000,0.446531
1602.394000,0.485818
1602.395000,0.567641
1602.396000,0.603045
1602.397000,0.650209
1602.398000,0.728458
1602.399000,0.760550
1602.400000,0.670467
1602.401000,0.601678
1602.402000,0.637649
1602.403000,0.771646
1602.404000,0.812049
1602.405000,0.587925
1602.406000,0.400110
1602.407000,0.103638
1602.408000,-0.145296
1602.409000,-0.209362
1602.410000,-0.260644
1602.411000,-0.198334
1602.412000,-0.174759
1602.413000,-0.188509
1602.414000,-0.297616
1602.415000,-0.201454
1602.416000,-0.071770
1602.417000,-0.143586
1602.418000,-0.186356
1602.419000,-0.134228
1602.420000,-0.267679
1602.421000,-0.318478
1602.422000,-0.248155
1602.423000,-0.444297
1602.424000,-0.434129
1602.425000,-0.384757
1602.426000,-0.549646
1602.427000,-0.783294
1602.428000,-0.809289
1602.429000,-0.808905
1602.430000,-0.741355
1602.431000,-0.823095
1602.432000,-0.823961
1602.433000,-0.704505
1602.434000,-0.771140
1602.435000,-0.559891
1602.436000,-0.516223
1602.437000,-0.530431
1602.438000,-0.595768
1602.439000,-0.440776
1602.440000,-0.367505
1602.441000,-0.433783
1602.442000,-0.333165
1602.443000,-0.291761
1602.444000,-0.199935
1602.445000,-0.264737
1602.446000,-0.312601
1602.447000,-0.120600
1602.448000,-0.073701
1602.449000,0.116536
1602.450000,0.192947
1602.451000,0.147315
1602.452000,-0.059916
1602.453000,-0.064560
1602.454000,-0.070613
1602.455000,0.004134
1602.456000,0.011768
1602.457000,0.104795
1602.458000,-0.114418
1602.459000,-0.067843
1602.460000,-0.160931
1602.461000,0.032754
1602.462000,0.023305
1602.463000,-0.042024
1602.464000,-0.021459
1602.465000,-0.143479
1602.466000,0.113321
1602.467000,0.204323
1602.468000,0.093045
1602.469000,-0.167150
1602.470000,-0.286845
1602.471000,-0.476749
1602.472000,-0.465092
1602.473000,-0.428170
1602.474000,-0.633124
1602.475000,-0.523607
1602.476000,-0.483420
1602.477000,-0.585073
1602.478000,-0.500708
1602.479000,-0.314294
1602.480000,-0.295928
1602.481000,-0.441053
1602.482000,-0.300904
1602.483000,-0.155729
1602.484000,-0.225772
1602.485000,-0.223609
1602.486000,-0.105634
1602.487000,0.053689
1602.488000,-0.042581
1602.489000,0.113723
1602.490000,0.127878
1602.491000,0.197259
1602.492000,0.234576
1602.493000,0.352845
1602.494000,0.330660
1602.495000,0.438334
1602.496000,0.496380
1602.497000,0.434937
1602.498000,0.284463
1602.499000,0.202018
1602.500000,0.236697
1602.501000,0.170413
1602.502000,0.187198
1602.503000,0.328426
1602.504000,0.350085
1602.505000,0.437999
1602.506000,0.379683
1602.507000,0.276114
1602.508000,0.398064
1602.509000,0.419092
1602.510000,0.342986
1602.511000,0.356534
1602.512000,0.275402
1602.513000,0.376641
1602.514000,0.349770
1602.515000,0.249671
1602.516000,0.232805
1602.517000,0.338054
1602.518000,0.224994
1602.519000,0.431124
1602.520000,0.525300
1602.521000,0.495502
1602.522000,0.496017
1602.523000,0.462676
1602.524000,0.241834
1602.525000,0.197378
1602.526000,0.309316
1602.527000,0.268320
1602.528000,0.421133
1602.529000,0.506572
1602.530000,0.646281
1602.531000,0.451155
1602.532000,0.414814
1602.533000,0.403151
1602.534000,0.547464
1602.535000,0.579707
1602.536000,0.618840
1602.537000,0.572205
1602.538000,0.499825
1602.539000,0.452386
1602.540000,0.541583
1602.541000,0.537013
1602.542000,0.486292
1602.543000,0.392755
1602.544000,0.456166
1602.545000,0.557313
1602.546000,0.521154
1602.547000,0.554216
1602.548000,0.599421
1602.549000,0.647378
1602.550000,0.749440
1602.551000,0.805125
1602.552000,0.897032
1602.553000,0.713364
1602.554000,0.696544
1602.555000,0.598916
1602.556000,0.552685
1602.557000,0.552063
1602.558000,0.585269
1602.559000,0.577886
1602.560000,0.772602
1602.561000,0.606480
1602.562000,0.856092
1602.563000,0.914068
1602.564000,0.960819
1602.565000,1.117248
1602.566000,1.031336
1602.567000,0.967747
1602.568000,0.873194
1602.569000,0.841445
1602.570000,0.960990
1602.571000,1.027728
1602.572000,1.073694
1602.573000,0.970464
1602.574000,0.954158
1602.575000,0.811051
1602.576000,0.599222
1602.577000,0.419870
1602.578000,0.288587
1602.579000,0.361647
1602.580000,0.553689
1602.581000,0.525272
1602.582000,0.468425
1602.583000,0.338795
1602.584000,0.435489
1602.585000,0.573304
1602.586000,0.538231
1602.587000,0.524534
1602.588000,0.543886
1602.589000,0.477174
1602.590000,0.431810
1602.591000,0.480906
1602.592000,0.488774
1602.593000,0.520845
1602.594000,0.314103
1602.595000,0.265020
1602.596000,0.210336
1602.597000,0.234058
1602.598000,0.024935
1602.599000,0.127884
1602.600000,-0.077636
1602.601000,-0.322411
1602.602000,-0.287563
1602.603000,-0.293342
1602.604000,-0.196532
1602.605000,-0.141605
1602.606000,-0.068472
1602.607000,-0.062216
1602.608000,-0.213206
1602.609000,-0.199176
1602.610000,-0.084802
1602.611000,0.021295
1602.612000,0.059702
1602.613000,0.076971
1602.614000,0.058702
1602.615000,0.034380
1602.616000,-0.184486
1602.617000,-0.183261
1602.618000,-0.056369
1602.619000,-0.088316
1602.620000,-0.088576
1602.621000,-0.153288
1602.622000,-0.195319
1602.623000,-0.261261
1602.624000,-0.107874
1602.625000,-0.216937
1602.626000,-0.157416
1602.627000,0.032681
1602.628000,-0.026427
1602.629000,-0.158255
1602.630000,-0.361155
1602.631000,-0.321901
1602.632000,-0.454300
1602.633000,-0.507470
1602.634000,-0.520873
1602.635000,-0.509588
1602.636000,-0.376338
1602.637000,-0.253032
1602.638000,-0.260818
1602.639000,-0.403888
1602.640000,-0.331896
1602.641000,-0.421543
1602.642000,-0.509318
1602.643000,-0.739413
1602.644000,-0.748961
1602.645000,-0.681634
1602.646000,-0.536933
1602.647000,-0.531600
1602.648000,-0.423775
1602.649000,-0.363642
1602.650000,-0.302836
1602.651000,-0.472421
1602.652000,-0.503464
1602.653000,-0.621881
1602.654000,-0.586237
1602.655000,-0.502909
1602.656000,-0.521173
1602.657000,-0.554779
1602.658000,-0.419679
1602.659000,-0.153489
1602.660000,-0.100515
1602.661000,-0.158446
1602.662000,-0.265343
1602.663000,-0.114469
1602.664000,-0.253487
1602.665000,-0.091230
1602.666000,-0.274594
1602.667000,-0.236439
1602.668000,-0.277034
1602.669000,-0.191328
1602.670000,-0.189974
1602.671000,-0.341659
1602.672000,-0.312058
1602.673000,-0.366098
1602.674000,-0.447491
1602.675000,-0.287110
1602.676000,-0.170212
1602.677000,-0.174887
1602.678000,-0.196909
1602.679000,-0.290630
1602.680000,-0.308274
1602.681000,-0.469184
1602.682000,-0.583641
1602.683000,-0.679342
1602.684000,-0.726758
1602.685000,-0.789030
1602.686000,-0.636568
1602.687000,-0.657646
1602.688000,-0.591221
1602.689000,-0.478010
1602.690000,-0.518936
1602.691000,-0.535025
1602.692000,-0.511468
1602.693000,-0.397693
1602.694000,-0.206231
1602.695000,-0.340389
1602.696000,-0.296618
1602.697000,-0.229499
1602.698000,-0.133178
1602.699000,-0.232894
1602.700000,-0.093373
1602.701000,-0.020099
1602.702000,0.144232
1602.703000,0.065205
1602.704000,0.144280
1602.705000,0.125199
1602.706000,0.301000
1602.707000,0.435628
1602.708000,0.308120
1602.709000,0.288985
1602.710000,0.303968
1602.711000,0.362487
1602.712000,0.239503
1602.713000,0.245778
1602.714000,0.308360
1602.715000,0.253298
1602.716000,0.318580
1602.717000,0.077713
1602.718000,0.310892
1602.719000,0.108687
1602.720000,0.087347
1602.721000,0.099219
1602.722000,0.163939
1602.723000,0.179305
1602.724000,0.286437
1602.725000,0.370186
1602.726000,0.321823
1602.727000,0.486371
1602.728000,0.307956
1602.729000,0.288455
1602.730000,0.458635
1602.731000,0.643642
1602.732000,0.657670
1602.733000,0.449893
1602.734000,0.411371
1602.735000,0.531108
1602.736000,0.595839
1602.737000,0.514902
1602.738000,0.543078
1602.739000,0.566740
1602.740000,0.529832
1602.741000,0.656222
1602.742000,0.733905
1602.743000,0.769056
1602.744000,0.660316
1602.745000,0.800070
1602.746000,0.776111
1602.747000,0.640302
1602.748000,0.554033
1602.749000,0.629613
1602.750000,0.567532
1602.751000,0.435217
1602.752000,0.480696
1602.753000,0.449117
1602.754000,0.422890
1602.755000,0.387673
1602.756000,0.432972
1602.757000,0.454745
1602.758000,0.326628
1602.759000,0.332341
1602.760000,0.496917
1602.761000,0.456044
1602.762000,0.414575
1602.763000,0.490243
1602.764000,0.272103
1602.765000,0.232881
1602.766000,0.363844
1602.767000,0.297394
1602.768000,0.257069
1602.769000,0.120775
1602.770000,0.107166
1602.771000,0.027228
1602.772000,0.040237
1602.773000,0.037886
1602.774000,0.088274
1602.775000,0.133987
1602.776000,0.163368
1602.777000,-0.106101
1602.778000,-0.150666
1602.779000,-0.138028
1602.780000,-0.012455
1602.781000,0.076606
1602.782000,0.055618
1602.783000,0.102155
1602.784000,0.169321
1602.785000,0.014002
1602.786000,0.190487
1602.787000,0.276491
1602.788000,0.260615
1602.789000,0.075382
1602.790000,0.049082
1602.791000,0.170805
1602.792000,0.114062
1602.793000,0.248263
1602.794000,0.371223
1602.795000,0.319960
1602.796000,0.343958
1602.797000,0.289820
1602.798000,0.244967
1602.799000,0.372099
1602.800000,0.407193
1602.801000,0.270050
1602.802000,0.286672
1602.803000,0.183546
1602.804000,0.284193
1602.805000,0.101015
1602.806000,0.062387
1602.807000,0.202952
1602.808000,0.176336
1602.809000,0.094470
1602.810000,0.349483
1602.811000,0.379106
1602.812000,0.319442
1602.813000,0.260171
1602.814000,0.315860
1602.815000,0.575727
1602.816000,0.555967
1602.817000,0.556307
1602.818000,0.474988
1602.819000,0.509771
1602.820000,0.435867
1602.821000,0.590139
1602.822000,0.729180
1602.823000,0.919361
1602.824000,0.657199
1602.825000,0.795200
1602.826000,0.871252
1602.827000,0.843168
1602.828000,0.813921
1602.829000,0.834240
1602.830000,0.835840
1602.831000,0.956321
1602.832000,1.008050
1602.833000,1.085872
1602.834000,1.187540
1602.835000,1.272912
1602.836000,1.455284
1602.837000,1.418929
1602.838000,1.441737
1602.839000,1.358373
1602.840000,1.372887
1602.841000,1.259643
1602.842000,1.205127
1602.843000,1.089440
1602.844000,0.948592
1602.845000,0.866694
1602.846000,0.838901
1602.847000,0.717444
1602.848000,0.672056
1602.849000,0.502574
1602.850000,0.481556
1602.851000,0.418033
1602.852000,0.441406
1602.853000,0.434783
1602.854000,0.327766
1602.855000,0.401525
1602.856000,0.453952
1602.857000,0.536204
1602.858000,0.530515
1602.859000,0.325465
1602.860000,0.483917
1602.861000,0.578598
1602.862000,0.622424
1602.863000,0.461570
1602.864000,0.454899
1602.865000,0.656501
1602.866000,0.725616
1602.867000,0.705448
1602.868000,0.656058
1602.869000,0.599805
1602.870000,0.477347
1602.871000,0.474000
1602.872000,0.361356
1602.873000,0.303427
1602.874000,0.204384
1602.875000,0.275989
1602.876000,0.255595
1602.877000,0.240905
1602.878000,0.331547
1602.879000,0.070222
1602.880000,-0.022316
1602.881000,-0.017542
1602.882000,0.017655
1602.883000,0.164643
1602.884000,0.265349
1602.885000,0.097626
1602.886000,0.129884
1602.887000,0.047883
1602.888000,0.022223
1602.889000,-0.167803
1602.890000,-0.367258
1602.891000,-0.291976
1602.892000,-0.145040
1602.893000,-0.048249
1602.894000,-0.064333
1602.895000,-0.080565
1602.896000,-0.180183
1602.897000,-0.286468
1602.898000,-0.544262
1602.899000,-0.587339
1602.900000,-0.780829
1602.901000,-0.778674
1602.902000,-0.790683
1602.903000,-0.883233
1602.904000,-0.961266
1602.905000,-0.942930
1602.906000,-1.033517
1602.907000,-1.140114
1602.908000,-1.070429
1602.909000,-0.953738
1602.910000,-0.947193
1602.911000,-0.878405
1602.912000,-0.791387
1602.913000,-0.882456
1602.914000,-0.831636
1602.915000,-0.688389
1602.916000,-0.460812
1602.917000,-0.472986
1602.918000,-0.592819
1602.919000,-0.492646
1602.920000,-0.445900
1602.921000,-0.423275
1602.922000,-0.466219
1602.923000,-0.444787
1602.924000,-0.438010
1602.925000,-0.423804
1602.926000,-0.546614
1602.927000,-0.671865
1602.928000,-0.782362
1602.929000,-0.971538
1602.930000,-1.010165
1602.931000,-0.961287
1602.932000,-0.988503
1602.933000,-0.865284
1602.934000,-0.945722
1602.935000,-1.012550
1602.936000,-0.998089
1602.937000,-0.998659
1602.938000,-0.997963
1602.939000,-0.820658
1602.940000,-0.950487
1602.941000,-0.794708
1602.942000,-0.724051
1602.943000,-0.747991
1602.944000,-0.718509
1602.945000,-0.668400
1602.946000,-0.636340
1602.947000,-0.686649
1602.948000,-0.670208
1602.949000,-0.656717
1602.950000,-0.648811
1602.951000,-0.615081
1602.952000,-0.633976
1602.953000,-0.817798
1602.954000,-0.844401
1602.955000,-0.819414
1602.956000,-0.836221
1602.957000,-0.864840
1602.958000,-0.890248
1602.959000,-0.985847
1602.960000,-0.969011
1602.961000,-1.039488
1602.962000,-1.136355
1602.963000,-1.116374
1602.964000,-0.775588
1602.965000,-0.914216
1602.966000,-0.760606
1602.967000,-0.786365
1602.968000,-0.867218
1602.969000,-0.866144
1602.970000,-0.797490
1602.971000,-0.851720
1602.972000,-0.895090
1602.973000,-0.836566
1602.974000,-0.757721
1602.975000,-0.665845
1602.976000,-0.573480
1602.977000,-0.502604
1602.978000,-0.555463
1602.979000,-0.533688
1602.980000,-0.701904
1602.981000,-0.765658
1602.982000,-0.686690
1602.983000,-0.736690
1602.984000,-0.873426
1602.985000,-0.896057
1602.986000,-0.660636
1602.987000,-0.613358
1602.988000,-0.726956
1602.989000,-0.729175
1602.990000,-0.743210
1602.991000,-0.779342
1602.992000,-1.005959
1602.993000,-0.921837
1602.994000,-1.157334
1602.995000,-1.149036
1602.996000,-1.330620
1602.997000,-1.103580
1602.998000,-1.164548
1602.999000,-1.262568
1603.000000,-1.071693
1603.001000,-0.996161
1603.002000,-1.074017
1603.003000,-1.130791
1603.004000,-1.147222
1603.005000,-1.103757
1603.006000,-1.367225
1603.007000,-1.391293
1603.008000,-1.481858
1603.009000,-1.436262
1603.010000,-1.352542
1603.011000,-1.453504
1603.012000,-1.435563
1603.013000,-1.219148
1603.014000,-1.196747
1603.015000,-1.007504
1603.016000,-0.915237
1603.017000,-0.809730
1603.018000,-0.898270
1603.019000,-0.862967
1603.020000,-0.895525
1603.021000,-0.938771
1603.022000,-0.918210
1603.023000,-0.740301
1603.024000,-0.681724
1603.025000,-0.654744
1603.026000,-0.588603
1603.027000,-0.452716
1603.028000,-0.334973
1603.029000,-0.340977
1603.030000,-0.372946
1603.031000,-0.304691
1603.032000,-0.380992
1603.033000,-0.399219
1603.034000,-0.480483
1603.035000,-0.570682
1603.036000,-0.448800
1603.037000,-0.573202
1603.038000,-0.528257
1603.039000,-0.382287
1603.040000,-0.395080
1603.041000,-0.337098
1603.042000,-0.413870
1603.043000,-0.531927
1603.044000,-0.604022
1603.045000,-0.641100
1603.046000,-0.696903
1603.047000,-0.674423
1603.048000,-0.836995
1603.049000,-0.998394
1603.050000,-1.142747
1603.051000,-1.019748
1603.052000,-1.074803
1603.053000,-0.898602
1603.054000,-0.846453
1603.055000,-0.722355
1603.056000,-0.996139
1603.057000,-0.732965
1603.058000,-0.837332
1603.059000,-0.975839
1603.060000,-0.779548
1603.061000,-0.846840
1603.062000,-0.784388
1603.063000,-0.735448
1603.064000,-0.853578
1603.065000,-0.936653
1603.066000,-0.901339
1603.067000,-0.984771
1603.068000,-0.988221
1603.069000,-1.031501
1603.070000,-0.983860
1603.071000,-0.891288
1603.072000,-0.807672
1603.073000,-0.828859
1603.074000,-0.669486
1603.075000,-0.761957
1603.076000,-0.698248
1603.077000,-0.600604
1603.078000,-0.637435
1603.079000,-0.556388
1603.080000,-0.430242
1603.081000,-0.651811
1603.082000,-0.574115
1603.083000,-0.491039
1603.084000,-0.403300
1603.085000,-0.409292
1603.086000,-0.246445
1603.087000,-0.059479
1603.088000,-0.153828
1603.089000,-0.130335
1603.090000,-0.162420
1603.091000,-0.226769
1603.092000,-0.397282
1603.093000,-0.468872
1603.094000,-0.522524
1603.095000,-0.356284
1603.096000,-0.425382
1603.097000,-0.359300
1603.098000,-0.345499
1603.099000,-0.416510
1603.100000,-0.370891
1603.101000,-0.474064
1603.102000,-0.422546
1603.103000,-0.354453
1603.104000,-0.351908
1603.105000,-0.402261
1603.106000,-0.337126
1603.107000,-0.399059
1603.108000,-0.410684
1603.109000,-0.611742
1603.110000,-0.804953
1603.111000,-0.604353
1603.112000,-0.450104
1603.113000,-0.267889
1603.114000,-0.298054
1603.115000,-0.281533
1603.116000,-0.346837
1603.117000,-0.243939
1603.118000,-0.069298
1603.119000,0.023705
1603.120000,0.007188
1603.121000,-0.154880
1603.122000,-0.128598
1603.123000,-0.105200
1603.124000,0.066531
1603.125000,0.025390
1603.126000,0.078409
1603.127000,0.158207
1603.128000,0.074423
1603.129000,0.118106
1603.130000,0.187277
1603.131000,0.240248
1603.132000,0.021350
1603.133000,0.073804
1603.134000,-0.038548
1603.135000,0.177658
1603.136000,0.188967
1603.137000,0.186395
1603.138000,0.259477
1603.139000,0.418444
1603.140000,0.316779
1603.141000,0.369017
1603.142000,0.306468
1603.143000,0.331148
1603.144000,0.108189
1603.145000,0.122203
1603.146000,0.203294
1603.147000,0.323428
1603.148000,0.113734
1603.149000,0.247922
1603.150000,0.352231
1603.151000,0.499357
1603.152000,0.605201
1603.153000,0.681160
1603.154000,0.740439
1603.155000,0.791116
1603.156000,0.835791
1603.157000,0.750067
1603.158000,0.829243
1603.159000,0.944912
1603.160000,0.853362
1603.161000,0.939877
1603.162000,1.000185
1603.163000,0.941375
1603.164000,0.879029
1603.165000,0.971805
1603.166000,0.930814
1603.167000,0.880548
1603.168000,0.808566
1603.169000,0.774169
1603.170000,0.674375
1603.171000,0.807518
1603.172000,0.945230
1603.173000,0.979162
1603.174000,1.150142
1603.175000,1.149805
1603.176000,1.233316
1603.177000,1.213150
1603.178000,1.094752
1603.179000,1.114082
1603.180000,1.202358
1603.181000,1.162085
1603.182000,0.983408
1603.183000,1.156338
1603.184000,1.174160
1603.185000,1.342987
1603.186000,1.517348
1603.187000,1.570251
1603.188000,1.659925
1603.189000,1.509264
1603.190000,1.544432
1603.191000,1.568117
1603.192000,1.429849
1603.193000,1.587604
1603.194000,1.646929
1603.195000,1.741292
1603.196000,1.830021
1603.197000,1.732704
1603.198000,1.498272
1603.199000,1.632199
1603.200000,1.515883
1603.201000,1.468401
1603.202000,1.338980
1603.203000,1.413893
1603.204000,1.359587
1603.205000,1.395567
1603.206000,1.361574
1603.207000,1.285721
1603.208000,1.399547
1603.209000,1.326611
1603.210000,1.395754
1603.211000,1.364432
1603.212000,1.457057
1603.213000,1.322802
1603.214000,1.286466
1603.215000,1.277718
1603.216000,1.091328
1603.217000,1.007466
1603.218000,1.068042
1603.219000,0.928037
1603.220000,0.997404
1603.221000,1.162913
1603.222000,1.317306
1603.223000,1.139539
1603.224000,1.072762
1603.225000,1.011009
1603.226000,0.876893
1603.227000,0.907717
1603.228000,0.956262
1603.229000,0.715653
1603.230000,0.679653
1603.231000,0.664663
1603.232000,0.709697
1603.233000,0.645778
1603.234000,0.532911
1603.235000,0.402060
1603.236000,0.547010
1603.237000,0.650748
1603.238000,0.548614
1603.239000,0.640973
1603.240000,0.711358
1603.241000,0.557431
1603.242000,0.590751
1603.243000,0.818231
1603.244000,0.833964
1603.245000,0.754390
1603.246000,0.588700
1603.247000,0.660721
1603.248000,0.853824
1603.249000,0.957516
1603.250000,1.076930
1603.251000,1.344791
1603.252000,1.285120
1603.253000,1.311082
1603.254000,1.235194
1603.255000,1.151836
1603.256000,1.019961
1603.257000,1.082584
1603.258000,0.824439
1603.259000,0.959579
1603.260000,0.955486
1603.261000,1.011895
1603.262000,1.012312
1603.263000,0.998053
1603.264000,1.126041
1603.265000,0.988346
1603.266000,0.934914
1603.267000,0.940307
1603.268000,0.813027
1603.269000,0.753383
1603.270000,0.657340
1603.271000,0.584138
1603.272000,0.542193
1603.273000,0.495252
1603.274000,0.394858
1603.275000,0.069740
1603.276000,0.012405
1603.277000,0.052274
1603.278000,-0.094504
1603.279000,-0.095426
1603.280000,-0.136313
1603.281000,-0.113111
1603.282000,-0.085139
1603.283000,-0.220558
1603.284000,-0.341734
1603.285000,-0.389259
1603.286000,-0.397175
1603.287000,-0.392688
1603.288000,-0.467404
1603.289000,-0.476682
1603.290000,-0.558365
1603.291000,-0.561953
1603.292000,-0.388962
1603.293000,-0.599589
1603.294000,-0.743346
1603.295000,-0.708770
1603.296000,-0.907537
1603.297000,-1.045636
1603.298000,-1.038624
1603.299000,-0.915496
1603.300000,-0.733150
1603.301000,-0.601935
1603.302000,-0.544931
1603.303000,-0.513551
1603.304000,-0.574692
1603.305000,-0.591600
1603.306000,-0.559715
1603.307000,-0.749591
1603.308000,-0.656467
1603.309000,-0.524608
1603.310000,-0.309937
1603.311000,-0.253938
1603.312000,-0.436768
1603.313000,-0.538206
1603.314000,-0.556618
1603.315000,-0.392662
1603.316000,-0.231823
1603.317000,-0.338295
1603.318000,-0.382075
1603.319000,-0.401759
1603.320000,-0.362694
1603.321000,-0.237316
1603.322000,-0.310557
1603.323000,-0.316280
1603.324000,-0.396534
1603.325000,-0.744072
1603.326000,-0.728757
1603.327000,-0.808723
1603.328000,-0.899730
1603.329000,-0.634382
1603.330000,-0.634388
1603.331000,-0.579499
1603.332000,-0.561776
1603.333000,-0.603346
1603.334000,-0.572804
1603.335000,-0.422197
1603.336000,-0.600961
1603.337000,-0.451103
1603.338000,-0.224295
1603.339000,-0.288839
1603.340000,-0.335954
1603.341000,-0.395434
1603.342000,-0.312942
1603.343000,-0.169895
1603.344000,-0.110824
1603.345000,-0.129962
1603.346000,-0.083690
1603.347000,-0.070896
1603.348000,0.167808
1603.349000,0.204330
1603.350000,0.120772
1603.351000,0.001884
1603.352000,-0.064130
1603.353000,0.182785
1603.354000,0.069022
1603.355000,0.098634
1603.356000,0.179010
1603.357000,0.128968
1603.358000,0.118059
1603.359000,0.113946
1603.360000,0.174417
1603.361000,0.324466
1603.362000,0.441744
1603.363000,0.451954
1603.364000,0.259785
1603.365000,0.181835
1603.366000,0.256688
1603.367000,0.182619
1603.368000,0.214170
1603.369000,0.144380
1603.370000,0.055475
1603.371000,0.096785
1603.372000,0.270209
1603.373000,0.296090
1603.374000,0.154808
1603.375000,0.185888
1603.376000,0.047165
1603.377000,-0.065339
1603.378000,-0.146043
1603.379000,0.018550
1603.380000,-0.076004
1603.381000,-0.109395
1603.382000,-0.003685
1603.383000,0.001396
1603.384000,-0.043687
1603.385000,-0.126337
1603.386000,-0.037774
1603.387000,0.119799
1603.388000,0.022180
1603.389000,0.026821
1603.390000,0.238439
1603.391000,0.292191
1603.392000,0.233258
1603.393000,0.177856
1603.394000,0.115400
1603.395000,0.066781
1603.396000,0.104049
1603.397000,0.068869
1603.398000,0.042938
1603.399000,-0.204487
1603.400000,-0.382749
1603.401000,-0.371987
1603.402000,-0.137467
1603.403000,-0.166230
1603.404000,-0.075666
1603.405000,0.062953
1603.406000,0.073733
1603.407000,-0.047056
1603.408000,-0.122140
1603.409000,-0.046623
1603.410000,0.043085
1603.411000,0.067359
1603.412000,0.035261
1603.413000,-0.176868
1603.414000,-0.160384
1603.415000,-0.222242
1603.416000,-0.341414
1603.417000,-0.250516
1603.418000,-0.205867
1603.419000,-0.095947
1603.420000,-0.116140
1603.421000,-0.205687
1603.422000,-0.191585
1603.423000,-0.179529
1603.424000,-0.151039
1603.425000,-0.233333
1603.426000,-0.167138
1603.427000,-0.013133
1603.428000,0.134243
1603.429000,0.247412
1603.430000,0.389756
1603.431000,0.575695
1603.432000,0.596171
1603.433000,0.527469
1603.434000,0.382919
1603.435000,0.459798
1603.436000,0.515040
1603.437000,0.488879
1603.438000,0.540170
1603.439000,0.555739
1603.440000,0.636118
1603.441000,0.616395
1603.442000,0.657473
1603.443000,0.609859
1603.444000,0.566129
1603.445000,0.867123
1603.446000,0.852366
1603.447000,0.897137
1603.448000,0.804908
1603.449000,0.900669
1603.450000,0.835245
1603.451000,0.727500
1603.452000,0.907034
1603.453000,0.737769
1603.454000,0.698071
1603.455000,0.575354
1603.456000,0.627118
1603.457000,0.612623
1603.458000,0.572032
1603.459000,0.432195
1603.460000,0.493592
1603.461000,0.480633
1603.462000,0.544082
1603.463000,0.520835
1603.464000,0.513147
1603.465000,0.558785
1603.466000,0.586370
1603.467000,0.777081
1603.468000,0.792732
1603.469000,0.787896
1603.470000,0.890655
1603.471000,0.958164
1603.472000,0.982922
1603.473000,0.981173
1603.474000,1.083855
1603.475000,0.957025
1603.476000,0.879475
1603.477000,0.785695
1603.478000,0.695704
1603.479000,0.737750
1603.480000,0.706398
1603.481000,0.671494
1603.482000,0.647892
1603.483000,0.614341
1603.484000,0.620150
1603.485000,0.689773
1603.486000,0.462700
1603.487000,0.389483
1603.488000,0.230282
1603.489000,0.208733
1603.490000,0.282612
1603.491000,0.250799
1603.492000,0.198180
1603.493000,0.125650
1603.494000,0.103484
1603.495000,0.222355
1603.496000,0.195521
1603.497000,0.154529
1603.498000,0.044335
1603.499000,0.106667
1603.500000,-0.012392
1603.501000,-0.124825
1603.502000,-0.085298
1603.503000,-0.178653
1603.504000,-0.375691
1603.505000,-0.363529
1603.506000,-0.307371
1603.507000,-0.218343
1603.508000,-0.201184
1603.509000,-0.307296
1603.510000,-0.367707
1603.511000,-0.442870
1603.512000,-0.510245
1603.513000,-0.563446
1603.514000,-0.515101
1603.515000,-0.528399
1603.516000,-0.471376
1603.517000,-0.481265
1603.518000,-0.323826
1603.519000,-0.434435
1603.520000,-0.493025
1603.521000,-0.458111
1603.522000,-0.609267
1603.523000,-0.670051
1603.524000,-0.571717
1603.525000,-0.665375
1603.526000,-0.479194
1603.527000,-0.664424
1603.528000,-0.783357
1603.529000,-0.760350
1603.530000,-0.684846
1603.531000,-0.676212
1603.532000,-0.900719
1603.533000,-0.820211
1603.534000,-0.954745
1603.535000,-0.850258
1603.536000,-0.991554
1603.537000,-0.889182
1603.538000,-1.056413
1603.539000,-1.038733
1603.540000,-1.027559
1603.541000,-0.971947
1603.542000,-1.045477
1603.543000,-1.096030
1603.544000,-1.234217
1603.545000,-1.087029
1603.546000,-1.010125
1603.547000,-1.118946
1603.548000,-0.960596
1603.549000,-0.863448
1603.550000,-0.767276
1603.551000,-0.960099
1603.552000,-1.000257
1603.553000,-1.133459
1603.554000,-0.947220
1603.555000,-1.029343
1603.556000,-0.998738
1603.557000,-1.010959
1603.558000,-0.941887
1603.559000,-0.818194
1603.560000,-0.815944
1603.561000,-0.820156
1603.562000,-0.754340
1603.563000,-0.634411
1603.564000,-0.514833
1603.565000,-0.425427
1603.566000,-0.574234
1603.567000,-0.546933
1603.568000,-0.552020
1603.569000,-0.507923
1603.570000,-0.455069
1603.571000,-0.603827
1603.572000,-0.628024
1603.573000,-0.501468
1603.574000,-0.643516
1603.575000,-0.555968
1603.576000,-0.563799
1603.577000,-0.546495
1603.578000,-0.553839
1603.579000,-0.486881
1603.580000,-0.526021
1603.581000,-0.480687
1603.582000,-0.342842
1603.583000,-0.270172
1603.584000,-0.307065
1603.585000,-0.421556
1603.586000,-0.487137
1603.587000,-0.700953
1603.588000,-0.620134
1603.589000,-0.536742
1603.590000,-0.554828
1603.591000,-0.427702
1603.592000,-0.370637
1603.593000,-0.434255
1603.594000,-0.360385
1603.595000,-0.347144
1603.596000,-0.244423
1603.597000,-0.200733
1603.598000,-0.277479
1603.599000,-0.260039
1603.600000,-0.410926
1603.601000,-0.463382
1603.602000,-0.459363
1603.603000,-0.479989
1603.604000,-0.546318
1603.605000,-0.743241
1603.606000,-0.667829
1603.607000,-0.639590
1603.608000,-0.517412
1603.609000,-0.495286
1603.610000,-0.447696
1603.611000,-0.331662
1603.612000,-0.418300
1603.613000,-0.462286
1603.614000,-0.338339
1603.615000,-0.291260
1603.616000,-0.313364
1603.617000,-0.401939
1603.618000,-0.257915
1603.619000,-0.320330
1603.620000,-0.281446
1603.621000,-0.350611
1603.622000,-0.316289
1603.623000,-0.294037
1603.624000,-0.292861
1603.625000,-0.426609
1603.626000,-0.486787
1603.627000,-0.600214
1603.628000,-0.534660
1603.629000,-0.622705
1603.630000,-0.669617
1603.631000,-0.798475
1603.632000,-0.678177
1603.633000,-0.538122
1603.634000,-0.589388
1603.635000,-0.726080
1603.636000,-0.715905
1603.637000,-0.701636
1603.638000,-0.760465
1603.639000,-0.687986
1603.640000,-0.768219
1603.641000,-0.871119
1603.642000,-0.769381
1603.643000,-0.681743
1603.644000,-0.858596
1603.645000,-1.062288
1603.646000,-1.041649
1603.647000,-1.138591
1603.648000,-0.976127
1603.649000,-1.109304
1603.650000,-1.077604
1603.651000,-1.163436
1603.652000,-1.272608
1603.653000,-1.112163
1603.654000,-1.015679
1603.655000,-0.928495
1603.656000,-0.759605
1603.657000,-0.582663
1603.658000,-0.683950
1603.659000,-0.599996
1603.660000,-0.385632
1603.661000,-0.236815
1603.662000,-0.339535
1603.663000,-0.452840
1603.664000,-0.317570
1603.665000,-0.392067
1603.666000,-0.320851
1603.667000,-0.096006
1603.668000,0.150350
1603.669000,0.245708
1603.670000,0.224565
1603.671000,0.233102
1603.672000,0.210671
1603.673000,0.187768
1603.674000,0.052082
1603.675000,0.068810
1603.676000,0.190298
1603.677000,0.241648
1603.678000,0.354045
1603.679000,0.324878
1603.680000,0.056992
1603.681000,0.113154
1603.682000,0.008462
1603.683000,0.018613
1603.684000,-0.005772
1603.685000,-0.027670
1603.686000,-0.111611
1603.687000,0.008893
1603.688000,0.016447
1603.689000,-0.124103
1603.690000,-0.007085
1603.691000,-0.160939
1603.692000,-0.124390
1603.693000,-0.094234
1603.694000,-0.104295
1603.695000,0.023040
1603.696000,0.184488
1603.697000,0.002051
1603.698000,0.199372
1603.699000,0.324244
1603.700000,0.240213
1603.701000,0.377833
1603.702000,0.300311
1603.703000,0.441614
1603.704000,0.195067
1603.705000,0.237732
1603.706000,0.152591
1603.707000,0.073286
1603.708000,0.098913
1603.709000,0.213265
1603.710000,0.254811
1603.711000,0.260660
1603.712000,0.199669
1603.713000,0.237615
1603.714000,0.122799
1603.715000,0.162663
1603.716000,0.409025
1603.717000,0.501853
1603.718000,0.420776
1603.719000,0.276514
1603.720000,0.322785
1603.721000,0.401265
1603.722000,0.268610
1603.723000,0.257365
1603.724000,0.304469
1603.725000,0.218993
1603.726000,0.211065
1603.727000,0.190299
1603.728000,0.291959
1603.729000,0.306399
1603.730000,0.247163
1603.731000,0.182215
1603.732000,0.196976
1603.733000,0.265188
1603.734000,0.247372
1603.735000,0.101728
1603.736000,0.289818
1603.737000,0.339807
1603.738000,0.338507
1603.739000,0.524253
1603.740000,0.546356
1603.741000,0.439667
1603.742000,0.252178
1603.743000,0.339776
1603.744000,0.275368
1603.745000,0.203260
1603.746000,0.283706
1603.747000,0.142027
1603.748000,0.036791
1603.749000,0.022909
1603.750000,-0.090085
1603.751000,-0.147431
1603.752000,-0.349538
1603.753000,-0.364261
1603.754000,-0.381121
1603.755000,-0.423583
1603.756000,-0.500275
1603.757000,-0.573953
1603.758000,-0.619355
1603.759000,-0.458132
1603.760000,-0.501916
1603.761000,-0.420883
1603.762000,-0.224786
1603.763000,-0.278387
1603.764000,-0.379953
1603.765000,-0.390663
1603.766000,-0.532806
1603.767000,-0.574439
1603.768000,-0.488592
1603.769000,-0.321070
1603.770000,-0.422736
1603.771000,-0.432914
1603.772000,-0.272676
1603.773000,-0.091090
1603.774000,-0.264121
1603.775000,-0.036286
1603.776000,-0.052191
1603.777000,-0.147885
1603.778000,-0.303037
1603.779000,-0.165881
1603.780000,0.055987
1603.781000,-0.061141
1603.782000,0.041652
1603.783000,0.171945
1603.784000,0.253309
1603.785000,0.342073
1603.786000,0.244178
1603.787000,0.206048
1603.788000,0.255863
1603.789000,0.316223
1603.790000,0.338662
1603.791000,0.470256
1603.792000,0.531258
1603.793000,0.801319
1603.794000,0.873248
1603.795000,0.970983
1603.796000,0.960102
1603.797000,0.825640
1603.798000,0.830181
1603.799000,0.693439
1603.800000,0.670413
1603.801000,0.587203
1603.802000,0.629711
1603.803000,0.718453
1603.804000,0.676251
1603.805000,0.344223
1603.806000,0.221282
1603.807000,0.252051
1603.808000,0.164131
1603.809000,0.184255
1603.810000,0.184165
1603.811000,0.191754
1603.812000,0.104709
1603.813000,0.127675
1603.814000,0.203889
1603.815000,0.105792
1603.816000,0.131552
1603.817000,0.204466
1603.818000,0.194916
1603.819000,0.322399
1603.820000,0.285266
1603.821000,0.380242
1603.822000,0.332732
1603.823000,0.220246
1603.824000,0.022693
1603.825000,0.068965
1603.826000,-0.035879
1603.827000,-0.057932
1603.828000,-0.004962
1603.829000,-0.022983
1603.830000,-0.034278
1603.831000,0.023153
1603.832000,0.058920
1603.833000,0.064662
1603.834000,0.027050
1603.835000,0.063106
1603.836000,0.132098
1603.837000,0.110664
1603.838000,0.162136
1603.839000,0.214363
1603.840000,0.225860
1603.841000,0.160534
1603.842000,0.081864
1603.843000,0.084373
1603.844000,0.155873
1603.845000,0.225427
1603.846000,0.331642
1603.847000,0.287473
1603.848000,0.258330
1603.849000,0.263434
1603.850000,0.197050
1603.851000,0.135756
1603.852000,0.139319
1603.853000,0.103161
1603.854000,0.211267
1603.855000,0.147699
1603.856000,-0.033887
1603.857000,0.065916
1603.858000,0.251005
1603.859000,0.190214
1603.860000,0.248113
1603.861000,0.232029
1603.862000,0.225148
1603.863000,0.270323
1603.864000,0.081927
1603.865000,0.172863
1603.866000,0.287868
1603.867000,0.326439
1603.868000,0.184393
1603.869000,0.205909
1603.870000,0.295090
1603.871000,0.327315
1603.872000,0.332398
1603.873000,0.353491
1603.874000,0.447467
1603.875000,0.612477
1603.876000,0.748066
1603.877000,0.891950
1603.878000,0.911819
1603.879000,0.867701
1603.880000,0.999173
1603.881000,0.768816
1603.882000,0.812995
1603.883000,0.616499
1603.884000,0.740986
1603.885000,0.950643
1603.886000,0.942296
1603.887000,0.996862
1603.888000,0.900858
1603.889000,0.913844
1603.890000,0.749656
1603.891000,0.678607
1603.892000,0.845047
1603.893000,0.782706
1603.894000,0.842818
1603.895000,0.919145
1603.896000,0.785650
1603.897000,0.885809
1603.898000,1.085040
1603.899000,1.105348
1603.900000,1.110104
1603.901000,0.967577
1603.902000,0.845499
1603.903000,0.810098
1603.904000,0.880335
1603.905000,0.811785
1603.906000,0.661688
1603.907000,0.558157
1603.908000,0.353406
1603.909000,0.133805
1603.910000,0.123890
1603.911000,0.082719
1603.912000,0.028963
1603.913000,-0.011371
1603.914000,0.021433
1603.915000,0.028612
1603.916000,0.003662
1603.917000,0.125809
1603.918000,0.243372
1603.919000,0.255313
1603.920000,0.155796
1603.921000,0.298446
1603.922000,0.242392
1603.923000,0.313250
1603.924000,0.473398
1603.925000,0.311168
1603.926000,0.376796
1603.927000,0.368139
1603.928000,0.490205
1603.929000,0.586591
1603.930000,0.476181
1603.931000,0.518389
1603.932000,0.597739
1603.933000,0.486046
1603.934000,0.354620
1603.935000,0.322903
1603.936000,0.407437
1603.937000,0.288982
1603.938000,0.215954
1603.939000,-0.141411
1603.940000,-0.203876
1603.941000,-0.163154
1603.942000,-0.186807
1603.943000,-0.189556
1603.944000,-0.047241
1603.945000,-0.040506
1603.946000,-0.014937
1603.947000,-0.152424
1603.948000,-0.159619
1603.949000,-0.120550
1603.950000,-0.158518
1603.951000,-0.099621
1603.952000,-0.341589
1603.953000,-0.197338
1603.954000,-0.354113
1603.955000,-0.150937
1603.956000,-0.242352
1603.957000,-0.190689
1603.958000,-0.237884
1603.959000,-0.085714
1603.960000,-0.016926
1603.961000,0.068746
1603.962000,0.101399
1603.963000,-0.057249
1603.964000,0.009003
1603.965000,-0.065623
1603.966000,-0.170048
1603.967000,-0.146685
1603.968000,-0.098028
1603.969000,-0.049158
1603.970000,0.088711
1603.971000,0.125471
1603.972000,-0.046856
1603.973000,-0.005871
1603.974000,-0.323166
1603.975000,-0.325078
1603.976000,-0.490476
1603.977000,-0.317721
1603.978000,-0.155277
1603.979000,-0.079721
1603.980000,-0.059056
1603.981000,-0.181070
1603.982000,-0.143617
1603.983000,-0.239844
1603.984000,-0.279546
1603.985000,-0.212312
1603.986000,-0.357667
1603.987000,-0.432652
1603.988000,-0.436186
1603.989000,-0.411358
1603.990000,-0.329774
1603.991000,-0.381420
1603.992000,-0.488278
1603.993000,-0.181388
1603.994000,-0.220546
1603.995000,-0.281420
1603.996000,-0.333837
1603.997000,-0.156268
1603.998000,-0.077137
1603.999000,-0.152319
1604.000000,-0.053023
1604.001000,0.048887
1604.002000,0.180871
1604.003000,0.390316
1604.004000,0.256087
1604.005000,0.141451
1604.006000,0.117274
1604.007000,0.068351
1604.008000,-0.039408
1604.009000,0.082285
1604.010000,0.162218
1604.011000,0.143881
1604.012000,0.237870
1604.013000,0.167716
1604.014000,0.126051
1604.015000,0.130111
1604.016000,0.116620
1604.017000,-0.058447
1604.018000,-0.128037
1604.019000,-0.021175
1604.020000,0.046358
1604.021000,-0.012323
1604.022000,-0.259740
1604.023000,-0.255916
1604.024000,-0.226921
1604.025000,-0.277794
1604.026000,-0.152769
1604.027000,-0.126803
1604.028000,-0.250278
1604.029000,-0.220282
1604.030000,-0.067577
1604.031000,0.008794
1604.032000,0.043023
1604.033000,-0.046311
1604.034000,-0.072972
1604.035000,-0.217214
1604.036000,-0.358516
1604.037000,-0.484270
1604.038000,-0.508883
1604.039000,-0.477421
1604.040000,-0.451937
1604.041000,-0.452932
1604.042000,-0.498331
1604.043000,-0.293945
1604.044000,-0.462901
1604.045000,-0.470691
1604.046000,-0.547140
1604.047000,-0.456454
1604.048000,-0.292946
1604.049000,-0.232809
1604.050000,-0.197550
1604.051000,-0.270438
1604.052000,-0.159798
1604.053000,-0.161183
1604.054000,-0.046154
1604.055000,0.057198
1604.056000,0.169642
1604.057000,0.160993
1604.058000,0.124313
1604.059000,0.136843
1604.060000,0.201099
1604.061000,0.113081
1604.062000,0.030997
1604.063000,0.043757
1604.064000,-0.199311
1604.065000,-0.287035
1604.066000,-0.238089
1604.067000,-0.218749
1604.068000,-0.307634
1604.069000,-0.507075
1604.070000,-0.436320
1604.071000,-0.397140
1604.072000,-0.416084
1604.073000,-0.171489
1604.074000,-0.301294
1604.075000,-0.357795
1604.076000,-0.424684
1604.077000,-0.247656
1604.078000,-0.287617
1604.079000,-0.370191
1604.080000,-0.289167
1604.081000,-0.242531
1604.082000,-0.223122
1604.083000,-0.194333
1604.084000,-0.231520
1604.085000,-0.456763
1604.086000,-0.502618
1604.087000,-0.421624
1604.088000,-0.486727
1604.089000,-0.551038
1604.090000,-0.465110
1604.091000,-0.501915
1604.092000,-0.548599
1604.093000,-0.504734
1604.094000,-0.676752
1604.095000,-0.481828
1604.096000,-0.130102
1604.097000,-0.359654
1604.098000,-0.350374
1604.099000,-0.336440
1604.100000,-0.387194
1604.101000,-0.438871
1604.102000,-0.398304
1604.103000,-0.418837
1604.104000,-0.109951
1604.105000,-0.034924
1604.106000,0.052299
1604.107000,0.021313
1604.108000,0.058305
1604.109000,-0.040507
1604.110000,0.102143
1604.111000,0.196745
1604.112000,0.239191
1604.113000,0.213718
1604.114000,0.301992
1604.115000,0.470834
1604.116000,0.586302
1604.117000,0.490647
1604.118000,0.592524
1604.119000,0.572961
1604.120000,0.596359
1604.121000,0.522121
1604.122000,0.717568
1604.123000,0.825332
1604.124000,0.816615
1604.125000,0.770871
1604.126000,0.650048
1604.127000,0.759540
1604.128000,0.672613
1604.129000,0.623179
1604.130000,0.620746
1604.131000,0.592959
1604.132000,0.550175
1604.133000,0.493996
1604.134000,0.393722
1604.135000,0.269201
1604.136000,0.237779
1604.137000,0.212487
1604.138000,0.273932
1604.139000,0.143363
1604.140000,0.086408
1604.141000,0.192298
1604.142000,0.273509
1604.143000,0.279091
1604.144000,0.234646
1604.145000,0.181650
1604.146000,0.145392
1604.147000,0.273076
1604.148000,0.103978
1604.149000,0.268974
1604.150000,0.356202
1604.151000,0.455156
1604.152000,0.278800
1604.153000,0.350878
1604.154000,0.384965
1604.155000,0.378438
1604.156000,0.542157
1604.157000,0.344748
1604.158000,0.318294
1604.159000,0.430382
1604.160000,0.216101
1604.161000,0.120365
1604.162000,0.085721
1604.163000,0.112854
1604.164000,0.201580
1604.165000,0.268100
1604.166000,0.388532
1604.167000,0.240667
1604.168000,0.296172
1604.169000,0.286864
1604.170000,0.190897
1604.171000,0.166768
1604.172000,0.208454
1604.173000,-0.114930
1604.174000,-0.197831
1604.175000,-0.104763
1604.176000,-0.091368
1604.177000,-0.098272
1604.178000,-0.154613
1604.179000,-0.006886
1604.180000,0.045664
1604.181000,-0.176368
1604.182000,-0.239683
1604.183000,-0.319396
1604.184000,-0.481967
1604.185000,-0.316064
1604.186000,-0.043870
1604.187000,-0.029865
1604.188000,-0.008434
1604.189000,-0.126648
1604.190000,-0.152675
1604.191000,-0.178068
1604.192000,-0.235296
1604.193000,-0.227362
1604.194000,-0.182492
1604.195000,-0.301920
1604.196000,-0.311025
1604.197000,-0.225076
1604.198000,-0.219345
1604.199000,-0.149900
1604.200000,-0.232499
1604.201000,-0.267049
1604.202000,-0.320220
1604.203000,-0.436497
1604.204000,-0.470088
1604.205000,-0.462749
1604.206000,-0.449081
1604.207000,-0.456273
1604.208000,-0.515866
1604.209000,-0.400792
1604.210000,-0.408802
1604.211000,-0.391240
1604.212000,-0.361556
1604.213000,-0.425776
1604.214000,-0.336349
1604.215000,-0.325796
1604.216000,-0.424936
1604.217000,-0.414162
1604.218000,-0.350017
1604.219000,-0.156231
1604.220000,-0.078178
1604.221000,0.018262
1604.222000,0.054750
1604.223000,0.099257
1604.224000,0.182935
1604.225000,0.114216
1604.226000,-0.022593
1604.227000,-0.084880
1604.228000,-0.167993
1604.229000,-0.177582
1604.230000,0.009263
1604.231000,-0.175324
1604.232000,-0.149987
1604.233000,0.122334
1604.234000,0.156380
1604.235000,-0.010613
1604.236000,-0.020324
1604.237000,0.087705
1604.238000,0.087214
1604.239000,0.081370
1604.240000,0.284239
1604.241000,0.425688
1604.242000,0.302722
1604.243000,0.105190
1604.244000,-0.069030
1604.245000,-0.013432
1604.246000,-0.006974
1604.247000,-0.150752
1604.248000,-0.226790
1604.249000,-0.249430
1604.250000,-0.190067
1604.251000,-0.138800
1604.252000,-0.126641
1604.253000,-0.171131
1604.254000,-0.197183
1604.255000,-0.201501
1604.256000,-0.333047
1604.257000,-0.299522
1604.258000,-0.388133
1604.259000,-0.197678
1604.260000,-0.033116
1604.261000,-0.019926
1604.262000,-0.106667
1604.263000,-0.207176
1604.264000,-0.324592
1604.265000,-0.162855
1604.266000,-0.116422
1604.267000,-0.115747
1604.268000,-0.134985
1604.269000,-0.089404
1604.270000,0.061410
1604.271000,0.046195
1604.272000,0.059555
1604.273000,0.150752
1604.274000,0.105802
1604.275000,0.123366
1604.276000,0.095248
1604.277000,0.132425
1604.278000,0.295507
1604.279000,0.157791
1604.280000,-0.164499
1604.281000,-0.004148
1604.282000,-0.058244
1604.283000,-0.005967
1604.284000,0.066360
1604.285000,-0.015441
1604.286000,0.165675
1604.287000,0.219225
1604.288000,0.417582
1604.289000,0.506178
1604.290000,0.454556
1604.291000,0.489743
1604.292000,0.552226
1604.293000,0.479071
1604.294000,0.504190
1604.295000,0.550624
1604.296000,0.536691
1604.297000,0.382950
1604.298000,0.273319
1604.299000,0.268551
1604.300000,0.224436
1604.301000,0.202338
1604.302000,0.145459
1604.303000,0.152195
1604.304000,0.361625
1604.305000,0.178245
1604.306000,0.259106
1604.307000,0.261342
1604.308000,0.151736
1604.309000,0.339662
1604.310000,0.516239
1604.311000,0.469542
1604.312000,0.370424
1604.313000,0.585751
1604.314000,0.664242
1604.315000,0.578439
1604.316000,0.627393
1604.317000,0.474837
1604.318000,0.434874
1604.319000,0.520707
1604.320000,0.295138
1604.321000,0.337673
1604.322000,0.189766
1604.323000,0.342040
1604.324000,0.381912
1604.325000,0.175760
1604.326000,0.146548
1604.327000,0.010701
1604.328000,-0.168012
1604.329000,-0.155909
1604.330000,-0.209787
1604.331000,-0.075409
1604.332000,-0.118447
1604.333000,-0.040406
1604.334000,-0.203519
1604.335000,-0.290533
1604.336000,-0.332327
1604.337000,-0.502227
1604.338000,-0.489781
1604.339000,-0.427392
1604.340000,-0.480942
1604.341000,-0.465365
1604.342000,-0.491126
1604.343000,-0.582502
1604.344000,-0.413092
1604.345000,-0.348777
1604.346000,-0.348274
1604.347000,-0.220144
1604.348000,-0.258719
1604.349000,-0.291617
1604.350000,-0.225170
1604.351000,-0.170217
1604.352000,-0.094274
1604.353000,-0.105542
1604.354000,0.082705
1604.355000,0.122408
1604.356000,0.198582
1604.357000,0.120595
1604.358000,0.157347
1604.359000,0.225944
1604.360000,0.146352
1604.361000,0.198407
1604.362000,0.226608
1604.363000,0.473404
1604.364000,0.352023
1604.365000,0.424020
1604.366000,0.490863
1604.367000,0.356338
1604.368000,0.298218
1604.369000,0.466784
1604.370000,0.563440
1604.371000,0.505804
1604.372000,0.599512
1604.373000,0.576641
1604.374000,0.553513
1604.375000,0.603827
1604.376000,0.722147
1604.377000,0.609901
1604.378000,0.674816
1604.379000,0.810918
1604.380000,0.797392
1604.381000,0.798248
1604.382000,0.759370
1604.383000,0.656757
1604.384000,0.540632
1604.385000,0.535503
1604.386000,0.559250
1604.387000,0.403666
1604.388000,0.211908
1604.389000,0.321426
1604.390000,0.271472
1604.391000,0.298683
1604.392000,0.411457
1604.393000,0.473211
1604.394000,0.470718
1604.395000,0.465866
1604.396000,0.402597
1604.397000,0.334883
1604.398000,0.561941
1604.399000,0.578566
1604.400000,0.481386
1604.401000,0.447212
1604.402000,0.453285
1604.403000,0.507080
1604.404000,0.327942
1604.405000,0.238833
1604.406000,0.207159
1604.407000,0.220637
1604.408000,0.196782
1604.409000,0.219632
1604.410000,0.082861
1604.411000,-0.021356
1604.412000,-0.146875
1604.413000,-0.260485
1604.414000,-0.216792
1604.415000,-0.169106
1604.416000,-0.071958
1604.417000,-0.055064
1604.418000,-0.104959
1604.419000,-0.187405
1604.420000,-0.060792
1604.421000,0.043053
1604.422000,0.052017
1604.423000,0.168836
1604.424000,-0.006333
1604.425000,-0.051878
1604.426000,0.034866
1604.427000,0.036215
1604.428000,0.270795
1604.429000,0.227585
1604.430000,0.195191
1604.431000,0.204923
1604.432000,0.187823
1604.433000,0.247797
1604.434000,0.060718
1604.435000,0.036121
1604.436000,0.041670
1604.437000,-0.126327
1604.438000,-0.112673
1604.439000,0.009711
1604.440000,0.070060
1604.441000,-0.071537
1604.442000,0.202281
1604.443000,0.236306
1604.444000,0.241084
1604.445000,0.306760
1604.446000,0.241961
1604.447000,0.327759
1604.448000,0.113002
1604.449000,-0.032910
1604.450000,-0.050471
1604.451000,-0.050423
1604.452000,0.098933
1604.453000,0.135573
1604.454000,0.065818
1604.455000,0.054550
1604.456000,-0.016681
1604.457000,0.113673
1604.458000,0.299527
1604.459000,0.242077
1604.460000,0.203352
1604.461000,0.399418
1604.462000,0.369064
1604.463000,0.324352
1604.464000,0.167003
1604.465000,0.169014
1604.466000,0.077844
1604.467000,0.046311
1604.468000,-0.040646
1604.469000,-0.090919
1604.470000,-0.103920
1604.471000,-0.188992
1604.472000,-0.148452
1604.473000,-0.220499
1604.474000,-0.154261
1604.475000,-0.207342
1604.476000,-0.212567
1604.477000,-0.441296
1604.478000,-0.527060
1604.479000,-0.519853
1604.480000,-0.593281
1604.481000,-0.514266
1604.482000,-0.327722
1604.483000,-0.201559
1604.484000,-0.226854
1604.485000,-0.348509
1604.486000,-0.464440
1604.487000,-0.359828
1604.488000,-0.424079
1604.489000,-0.325983
1604.490000,-0.232632
1604.491000,-0.231046
1604.492000,-0.208225
1604.493000,-0.127853
1604.494000,-0.147164
1604.495000,-0.258323
1604.496000,-0.336156
1604.497000,-0.383471
1604.498000,-0.430981
1604.499000,-0.451977
1604.500000,-0.469575
1604.501000,-0.489791
1604.502000,-0.512069
1604.503000,-0.474168
1604.504000,-0.373103
1604.505000,-0.334064
1604.506000,-0.265432
1604.507000,-0.308643
1604.508000,-0.193022
1604.509000,-0.243764
1604.510000,-0.210281
1604.511000,-0.255710
1604.512000,-0.018174
1604.513000,-0.063020
1604.514000,-0.075769
1604.515000,-0.069172
1604.516000,-0.094413
1604.517000,-0.109357
1604.518000,-0.002017
1604.519000,-0.154211
1604.520000,-0.157519
1604.521000,-0.172147
1604.522000,-0.061654
1604.523000,-0.039779
1604.524000,0.064759
1604.525000,0.094519
1604.526000,-0.034030
1604.527000,0.031136
1604.528000,0.075460
1604.529000,0.092856
1604.530000,0.158736
1604.531000,0.262873
1604.532000,0.316395
1604.533000,0.499565
1604.534000,0.598355
1604.535000,0.465925
1604.536000,0.498900
1604.537000,0.533586
1604.538000,0.568010
1604.539000,0.676003
1604.540000,0.802377
1604.541000,0.881308
1604.542000,0.727785
1604.543000,0.911216
1604.544000,0.769366
1604.545000,0.754021
1604.546000,0.724850
1604.547000,0.785509
1604.548000,0.775152
1604.549000,0.711067
1604.550000,0.796615
1604.551000,0.817572
1604.552000,0.664113
1604.553000,0.768928
1604.554000,0.739749
1604.555000,0.629024
1604.556000,0.580160
1604.557000,0.646628
1604.558000,0.566386
1604.559000,0.470217
1604.560000,0.425567
1604.561000,0.361058
1604.562000,0.484072
1604.563000,0.446750
1604.564000,0.541288
1604.565000,0.568530
1604.566000,0.542944
1604.567000,0.616554
1604.568000,0.568450
1604.569000,0.353100
1604.570000,0.058707
1604.571000,0.203871
1604.572000,0.160344
1604.573000,0.025979
1604.574000,0.041246
1604.575000,-0.015929
1604.576000,0.058126
1604.577000,0.277962
1604.578000,0.285060
1604.579000,0.165656
1604.580000,0.282353
1604.581000,0.353450
1604.582000,0.165868
1604.583000,0.227394
1604.584000,0.255664
1604.585000,0.211490
1604.586000,0.228219
1604.587000,0.184828
1604.588000,0.243399
1604.589000,0.210744
1604.590000,0.170743
1604.591000,0.049972
1604.592000,0.036903
1604.593000,-0.050661
1604.594000,-0.113849
1604.595000,-0.026532
1604.596000,0.047550
1604.597000,0.151974
1604.598000,0.149116
1604.599000,0.061354
1604.600000,0.071630
1604.601000,0.263942
1604.602000,0.542770
1604.603000,0.646984
1604.604000,0.741192
1604.605000,0.659691
1604.606000,0.659143
1604.607000,0.896375
1604.608000,0.865057
1604.609000,0.908683
1604.610000,0.887764
1604.611000,0.752002
1604.612000,0.838021
1604.613000,0.781235
1604.614000,0.527876
1604.615000,0.450903
1604.616000,0.372899
1604.617000,0.285407
1604.618000,0.197579
1604.619000,0.201169
1604.620000,0.014053
1604.621000,-0.067486
1604.622000,-0.003912
1604.623000,-0.101809
1604.624000,0.075833
1604.625000,-0.027459
1604.626000,-0.062261
1604.627000,-0.061044
1604.628000,0.099566
1604.629000,0.208986
1604.630000,0.143942
1604.631000,0.102995
1604.632000,0.271261
1604.633000,0.196220
1604.634000,0.116465
1604.635000,0.002567
1604.636000,-0.034116
1604.637000,-0.100006
1604.638000,-0.198204
1604.639000,-0.332939
1604.640000,-0.249113
1604.641000,-0.165093
1604.642000,-0.222974
1604.643000,-0.278126
1604.644000,-0.226420
1604.645000,-0.085199
1604.646000,-0.171443
1604.647000,-0.326446
1604.648000,-0.445016
1604.649000,-0.538733
1604.650000,-0.443814
1604.651000,-0.477285
1604.652000,-0.356745
1604.653000,-0.384058
1604.654000,-0.250832
1604.655000,-0.259441
1604.656000,-0.226645
1604.657000,-0.189996
1604.658000,-0.054041
1604.659000,-0.185542
1604.660000,-0.175030
1604.661000,0.028823
1604.662000,0.072061
1604.663000,-0.017224
1604.664000,0.049344
1604.665000,0.137878
1604.666000,0.174292
1604.667000,0.207558
1604.668000,0.131969
1604.669000,0.172088
1604.670000,0.199817
1604.671000,0.222086
1604.672000,0.247318
1604.673000,0.237213
1604.674000,0.205715
1604.675000,0.064025
1604.676000,0.029132
1604.677000,-0.136436
1604.678000,-0.169874
1604.679000,-0.306841
1604.680000,-0.567311
1604.681000,-0.583153
1604.682000,-0.571877
1604.683000,-0.688848
1604.684000,-0.685720
1604.685000,-0.853089
1604.686000,-0.907413
1604.687000,-0.994159
1604.688000,-1.086726
1604.689000,-1.195433
1604.690000,-1.266727
1604.691000,-1.353066
1604.692000,-1.380746
1604.693000,-1.332556
1604.694000,-1.185018
1604.695000,-1.249745
1604.696000,-1.357830
1604.697000,-1.404116
1604.698000,-1.429604
1604.699000,-1.331065
1604.700000,-1.233459
1604.701000,-1.075985
1604.702000,-0.999756
1604.703000,-0.997988
1604.704000,-0.897381
1604.705000,-0.718502
1604.706000,-0.728554
1604.707000,-0.756792
1604.708000,-0.814356
1604.709000,-0.719300
1604.710000,-0.763197
1604.711000,-0.874443
1604.712000,-0.973600
1604.713000,-0.998597
1604.714000,-0.841725
1604.715000,-0.841037
1604.716000,-0.716774
1604.717000,-0.679293
1604.718000,-0.764453
1604.719000,-0.773570
1604.720000,-0.704568
1604.721000,-0.807530
1604.722000,-0.828980
1604.723000,-0.970418
1604.724000,-0.841287
1604.725000,-0.828682
1604.726000,-0.856950
1604.727000,-0.900134
1604.728000,-0.905285
1604.729000,-0.830194
1604.730000,-0.790636
1604.731000,-0.812840
1604.732000,-0.830388
1604.733000,-0.734961
1604.734000,-0.683255
1604.735000,-0.738297
1604.736000,-0.724006
1604.737000,-0.891102
1604.738000,-0.915998
1604.739000,-1.007790
1604.740000,-1.035383
1604.741000,-0.992412
1604.742000,-0.811205
1604.743000,-0.726146
1604.744000,-0.952701
1604.745000,-0.914439
1604.746000,-0.943894
1604.747000,-0.725897
1604.748000,-0.833759
1604.749000,-0.940040
1604.750000,-1.171058
1604.751000,-1.115788
1604.752000,-1.138757
1604.753000,-1.042723
1604.754000,-0.989579
1604.755000,-0.847167
1604.756000,-1.024034
1604.757000,-1.068947
1604.758000,-0.855987
1604.759000,-0.898820
1604.760000,-1.026963
1604.761000,-0.851501
1604.762000,-0.756757
1604.763000,-0.761845
1604.764000,-0.644841
1604.765000,-0.583194
1604.766000,-0.515260
1604.767000,-0.533208
1604.768000,-0.468880
1604.769000,-0.311421
1604.770000,-0.328210
1604.771000,-0.269874
1604.772000,-0.280357
1604.773000,-0.271558
1604.774000,-0.320388
1604.775000,-0.372330
1604.776000,-0.291281
1604.777000,-0.306535
1604.778000,-0.289164
1604.779000,-0.242968
1604.780000,-0.088411
1604.781000,-0.117646
1604.782000,0.001956
1604.783000,0.009604
1604.784000,0.088021
1604.785000,0.040604
1604.786000,0.153552
1604.787000,0.110549
1604.788000,0.033830
1604.789000,0.061089
1604.790000,0.113562
1604.791000,0.119607
1604.792000,0.216052
1604.793000,0.429068
1604.794000,0.605983
1604.795000,0.645741
1604.796000,0.695498
1604.797000,0.673552
1604.798000,0.794410
1604.799000,0.609260
1604.800000,0.693450
1604.801000,0.670570
1604.802000,0.681290
1604.803000,0.780857
1604.804000,0.835828
1604.805000,0.809625
1604.806000,0.837465
1604.807000,0.975084
1604.808000,1.007944
1604.809000,0.967043
1604.810000,0.862643
1604.811000,0.832107
1604.812000,0.765643
1604.813000,0.696842
1604.814000,0.750410
1604.815000,0.706032
1604.816000,0.707408
1604.817000,0.742622
1604.818000,0.856130
1604.819000,0.826897
1604.820000,0.843774
1604.821000,1.018686
1604.822000,0.865421
1604.823000,0.791099
1604.824000,0.664879
1604.825000,0.401575
1604.826000,0.369483
1604.827000,0.398371
1604.828000,0.552923
1604.829000,0.612530
1604.830000,0.787095
1604.831000,0.691168
1604.832000,0.909330
1604.833000,0.948250
1604.834000,0.792949
1604.835000,0.766456
1604.836000,0.781034
1604.837000,0.810447
1604.838000,0.854099
1604.839000,0.849360
1604.840000,0.778800
1604.841000,0.739781
1604.842000,0.849747
1604.843000,0.809892
1604.844000,0.777362
1604.845000,0.739850
1604.846000,0.761685
1604.847000,0.667530
1604.848000,0.592842
1604.849000,0.706286
1604.850000,0.568766
1604.851000,0.803123
1604.852000,0.714948
1604.853000,0.616586
1604.854000,0.512769
1604.855000,0.377691
1604.856000,0.570490
1604.857000,0.573119
1604.858000,0.299181
1604.859000,0.311743
1604.860000,0.283369
1604.861000,0.413678
1604.862000,0.547333
1604.863000,0.611870
1604.864000,0.671627
1604.865000,0.897537
1604.866000,0.860626
1604.867000,0.818818
1604.868000,0.838918
1604.869000,0.863694
1604.870000,0.783631
1604.871000,0.718920
1604.872000,0.807210
1604.873000,0.857550
1604.874000,0.716635
1604.875000,0.498084
1604.876000,0.534033
1604.877000,0.545155
1604.878000,0.571089
1604.879000,0.517595
1604.880000,0.707233
1604.881000,0.448622
1604.882000,0.388464
1604.883000,0.353997
1604.884000,0.198018
1604.885000,-0.042328
1604.886000,-0.005671
1604.887000,0.004394
1604.888000,-0.181369
1604.889000,-0.071513
1604.890000,0.052044
1604.891000,0.109918
1604.892000,0.148756
1604.893000,0.057277
1604.894000,0.034692
1604.895000,0.020239
1604.896000,0.265418
1604.897000,0.316385
1604.898000,0.383322
1604.899000,0.341788
1604.900000,0.275245
1604.901000,0.385853
1604.902000,0.282226
1604.903000,0.200313
1604.904000,0.300054
1604.905000,0.200568
1604.906000,0.203214
1604.907000,0.215562
1604.908000,0.122881
1604.909000,0.033032
1604.910000,0.077967
1604.911000,0.025348
1604.912000,0.147288
1604.913000,0.192221
1604.914000,0.002067
1604.915000,-0.005674
1604.916000,-0.074164
1604.917000,-0.093860
1604.918000,0.112427
1604.919000,-0.117014
1604.920000,-0.069661
1604.921000,-0.234415
1604.922000,-0.086740
1604.923000,-0.114468
1604.924000,-0.019082
1604.925000,-0.029185
1604.926000,0.012915
1604.927000,-0.041406
1604.928000,-0.350237
1604.929000,-0.428758
1604.930000,-0.344391
1604.931000,-0.461549
1604.932000,-0.414633
1604.933000,-0.486868
1604.934000,-0.501159
1604.935000,-0.530295
1604.936000,-0.513341
1604.937000,-0.485132
1604.938000,-0.499619
1604.939000,-0.330198
1604.940000,-0.248915
1604.941000,-0.311223
1604.942000,-0.284514
1604.943000,-0.378033
1604.944000,-0.323262
1604.945000,-0.178465
1604.946000,-0.168675
1604.947000,-0.164077
1604.948000,-0.418644
1604.949000,-0.467354
1604.950000,-0.402042
1604.951000,-0.321869
1604.952000,-0.445312
1604.953000,-0.371386
1604.954000,-0.400138
1604.955000,-0.406899
1604.956000,-0.655211
1604.957000,-0.667279
1604.958000,-0.638812
1604.959000,-0.465785
1604.960000,-0.544219
1604.961000,-0.594757
1604.962000,-0.654258
1604.963000,-0.697620
1604.964000,-0.746801
1604.965000,-0.754979
1604.966000,-0.773419
1604.967000,-0.738347
1604.968000,-0.678060
1604.969000,-0.728156
1604.970000,-0.636871
1604.971000,-0.669695
1604.972000,-0.834865
1604.973000,-0.794185
1604.974000,-0.810040
1604.975000,-0.936812
1604.976000,-0.999794
1604.977000,-0.983411
1604.978000,-0.915500
1604.979000,-0.847135
1604.980000,-0.715055
1604.981000,-0.745221
1604.982000,-0.816308
1604.983000,-0.803500
1604.984000,-0.891742
1604.985000,-0.992653
1604.986000,-0.865703
1604.987000,-0.856368
1604.988000,-0.754344
1604.989000,-0.653742
1604.990000,-0.737534
1604.991000,-0.602763
1604.992000,-0.713600
1604.993000,-0.918050
1604.994000,-0.962196
1604.995000,-0.776426
1604.996000,-0.910028
1604.997000,-0.807698
1604.998000,-0.692549
1604.999000,-0.753876
1605.000000,-0.729950
1605.001000,-0.625281
1605.002000,-0.578364
1605.003000,-0.474817
1605.004000,-0.536868
1605.005000,-0.567936
1605.006000,-0.572931
1605.007000,-0.546735
1605.008000,-0.418742
1605.009000,-0.328421
1605.010000,-0.237784
1605.011000,-0.222617
1605.012000,-0.304744
1605.013000,-0.065447
1605.014000,0.037696
1605.015000,-0.071685
1605.016000,-0.198646
1605.017000,-0.029469
1605.018000,-0.024041
1605.019000,-0.042762
1605.020000,0.075012
1605.021000,0.143796
1605.022000,0.021624
1605.023000,-0.060367
1605.024000,-0.198847
1605.025000,-0.251557
1605.026000,-0.452363
1605.027000,-0.460753
1605.028000,-0.452322
1605.029000,-0.403734
1605.030000,-0.523949
1605.031000,-0.385483
1605.032000,-0.243094
1605.033000,-0.126956
1605.034000,0.085434
1605.035000,0.029563
1605.036000,0.077035
1605.037000,0.076164
1605.038000,-0.012992
1605.039000,0.105636
1605.040000,0.231937
1605.041000,0.490543
1605.042000,0.471384
1605.043000,0.509026
1605.044000,0.733531
1605.045000,0.855358
1605.046000,0.822456
1605.047000,0.960712
1605.048000,0.937125
1605.049000,0.812652
1605.050000,0.812439
1605.051000,0.756462
1605.052000,0.773947
1605.053000,0.833627
1605.054000,0.708045
1605.055000,0.799044
1605.056000,0.790605
1605.057000,0.657705
1605.058000,0.688583
1605.059000,0.741423
1605.060000,0.604698
1605.061000,0.695581
1605.062000,0.598449
1605.063000,0.464098
1605.064000,0.334344
1605.065000,0.363326
1605.066000,0.611937
1605.067000,0.503385
1605.068000,0.441471
1605.069000,0.447096
1605.070000,0.566155
1605.071000,0.364480
1605.072000,0.638512
1605.073000,0.650769
1605.074000,0.690403
1605.075000,0.753432
1605.076000,0.562353
1605.077000,0.539148
1605.078000,0.542111
1605.079000,0.276016
1605.080000,0.089127
1605.081000,-0.024303
1605.082000,-0.286618
1605.083000,-0.296426
1605.084000,-0.444388
1605.085000,-0.185160
1605.086000,-0.079182
1605.087000,-0.003513
1605.088000,-0.179808
1605.089000,-0.142692
1605.090000,-0.196837
1605.091000,-0.173505
1605.092000,0.019139
1605.093000,-0.014903
1605.094000,-0.023288
1605.095000,-0.180109
1605.096000,-0.300108
1605.097000,-0.085499
1605.098000,-0.197433
1605.099000,-0.224642
1605.100000,-0.026335
1605.101000,0.125895
1605.102000,0.090167
1605.103000,0.218869
1605.104000,0.149331
1605.105000,0.154292
1605.106000,0.164247
1605.107000,0.157797
1605.108000,0.228753
1605.109000,0.323844
1605.110000,0.325010
1605.111000,0.294456
1605.112000,0.293741
1605.113000,0.307802
1605.114000,0.268060
1605.115000,0.287827
1605.116000,0.263197
1605.117000,0.254526
1605.118000,0.222208
1605.119000,0.236043
1605.120000,0.246105
1605.121000,0.071783
1605.122000,-0.025364
1605.123000,-0.053833
1605.124000,-0.225558
1605.125000,-0.206483
1605.126000,-0.221990
1605.127000,-0.224183
1605.128000,-0.239262
1605.129000,-0.148290
1605.130000,-0.161237
1605.131000,-0.190546
1605.132000,-0.372294
1605.133000,-0.373556
1605.134000,-0.364844
1605.135000,-0.394331
1605.136000,-0.477678
1605.137000,-0.383743
1605.138000,-0.149645
1605.139000,-0.228274
1605.140000,-0.264513
1605.141000,-0.226987
1605.142000,-0.402971
1605.143000,-0.387199
1605.144000,-0.376151
1605.145000,-0.368827
1605.146000,-0.321738
1605.147000,-0.175617
1605.148000,-0.102001
1605.149000,0.025316
1605.150000,0.008563
1605.151000,0.028303
1605.152000,0.226908
1605.153000,0.262194
1605.154000,0.502264
1605.155000,0.372212
1605.156000,0.294614
1605.157000,0.440071
1605.158000,0.320480
1605.159000,0.535187
1605.160000,0.536764
1605.161000,0.460383
1605.162000,0.346536
1605.163000,0.305808
1605.164000,0.193880
1605.165000,0.195416
1605.166000,0.210361
1605.167000,0.053121
1605.168000,0.032131
1605.169000,-0.105292
1605.170000,-0.148373
1605.171000,-0.132720
1605.172000,0.027103
1605.173000,0.063164
1605.174000,-0.119594
1605.175000,-0.117060
1605.176000,0.047106
1605.177000,0.095843
1605.178000,0.253465
1605.179000,0.181924
1605.180000,0.117198
1605.181000,0.119138
1605.182000,0.229678
1605.183000,0.348986
1605.184000,0.392945
1605.185000,0.428577
1605.186000,0.348893
1605.187000,0.258411
1605.188000,0.366397
1605.189000,0.499215
1605.190000,0.460117
1605.191000,0.535420
1605.192000,0.522499
1605.193000,0.447887
1605.194000,0.478654
1605.195000,0.553427
1605.196000,0.647964
1605.197000,0.678498
1605.198000,0.378242
1605.199000,0.394226
1605.200000,0.413720
1605.201000,0.364860
1605.202000,0.273754
1605.203000,0.160334
1605.204000,0.194210
1605.205000,0.227867
1605.206000,0.208291
1605.207000,0.110487
1605.208000,0.144373
1605.209000,0.226737
1605.210000,0.291167
1605.211000,0.430198
1605.212000,0.396735
1605.213000,0.473244
1605.214000,0.358577
1605.215000,0.402830
1605.216000,0.394649
1605.217000,0.373607
1605.218000,0.170332
1605.219000,0.119240
1605.220000,0.229090
1605.221000,0.372383
1605.222000,0.357444
1605.223000,0.554076
1605.224000,0.571900
1605.225000,0.578596
1605.226000,0.697713
1605.227000,0.683991
1605.228000,0.677648
1605.229000,0.503958
1605.230000,0.460958
1605.231000,0.477628
1605.232000,0.332474
1605.233000,0.251654
1605.234000,0.176316
1605.235000,-0.000880
1605.236000,-0.133875
1605.237000,-0.121662
1605.238000,-0.115501
1605.239000,-0.216702
1605.240000,-0.173661
1605.241000,-0.094852
1605.242000,-0.002695
1605.243000,0.003282
1605.244000,-0.222418
1605.245000,-0.251694
1605.246000,-0.219611
1605.247000,-0.194576
1605.248000,-0.186553
1605.249000,-0.129602
1605.250000,-0.242650
1605.251000,-0.222196
1605.252000,-0.104289
1605.253000,0.013741
1605.254000,-0.077772
1605.255000,-0.357956
1605.256000,-0.311831
1605.257000,-0.421688
1605.258000,-0.537593
1605.259000,-0.699974
1605.260000,-0.632374
1605.261000,-0.467602
1605.262000,-0.389227
1605.263000,-0.278146
1605.264000,-0.244602
1605.265000,-0.282269
1605.266000,-0.163814
1605.267000,-0.419309
1605.268000,-0.528349
1605.269000,-0.584476
1605.270000,-0.335119
1605.271000,-0.256409
1605.272000,-0.208523
1605.273000,-0.188529
1605.274000,-0.245440
1605.275000,-0.350970
1605.276000,-0.293724
1605.277000,-0.273484
1605.278000,-0.313627
1605.279000,-0.235150
1605.280000,-0.357071
1605.281000,-0.386335
1605.282000,-0.474979
1605.283000,-0.428917
1605.284000,-0.322302
1605.285000,-0.444491
1605.286000,-0.439569
1605.287000,-0.453013
1605.288000,-0.426312
1605.289000,-0.444719
1605.290000,-0.403141
1605.291000,-0.529121
1605.292000,-0.513235
1605.293000,-0.519454
1605.294000,-0.774993
1605.295000,-0.703131
1605.296000,-0.711409
1605.297000,-0.725970
1605.298000,-0.978396
1605.299000,-0.971748
1605.300000,-1.030692
1605.301000,-0.870576
1605.302000,-0.934823
1605.303000,-0.986221
1605.304000,-0.972023
1605.305000,-0.921837
1605.306000,-0.983126
1605.307000,-1.069531
1605.308000,-1.054408
1605.309000,-1.126906
1605.310000,-1.029745
1605.311000,-0.896103
1605.312000,-1.132188
1605.313000,-1.269511
1605.314000,-1.207620
1605.315000,-1.292678
1605.316000,-1.244076
1605.317000,-1.184616
1605.318000,-1.111193
1605.319000,-0.860687
1605.320000,-0.905253
1605.321000,-1.166675
1605.322000,-1.085282
1605.323000,-0.967446
1605.324000,-0.927609
1605.325000,-1.083447
1605.326000,-1.154687
1605.327000,-1.135685
1605.328000,-1.092703
1605.329000,-0.881257
1605.330000,-0.858420
1605.331000,-0.981670
1605.332000,-1.149779
1605.333000,-1.250803
1605.334000,-1.272937
1605.335000,-1.144738
1605.336000,-1.049601
1605.337000,-0.890200
1605.338000,-1.053558
1605.339000,-1.114544
1605.340000,-1.025910
1605.341000,-1.082781
1605.342000,-1.020698
1605.343000,-0.963684
1605.344000,-0.834027
1605.345000,-0.652854
1605.346000,-0.838646
1605.347000,-0.806412
1605.348000,-0.716343
1605.349000,-0.625632
1605.350000,-0.787369
1605.351000,-0.655460
1605.352000,-0.673243
1605.353000,-0.641178
1605.354000,-0.394630
1605.355000,-0.264616
1605.356000,-0.262843
1605.357000,-0.062335
1605.358000,-0.107419
1605.359000,0.038855
1605.360000,-0.005305
1605.361000,0.079105
1605.362000,0.165123
1605.363000,0.235596
1605.364000,0.308649
1605.365000,0.489794
1605.366000,0.271818
1605.367000,0.301957
1605.368000,0.362201
1605.369000,0.467306
1605.370000,0.679213
1605.371000,0.489971
1605.372000,0.442307
1605.373000,0.304637
1605.374000,0.385450
1605.375000,0.344536
1605.376000,0.223045
1605.377000,0.356786
1605.378000,0.390164
1605.379000,0.359205
1605.380000,0.335798
1605.381000,0.380405
1605.382000,0.396283
1605.383000,0.371999
1605.384000,0.124498
1605.385000,0.118585
1605.386000,0.141934
1605.387000,0.111026
1605.388000,0.086021
1605.389000,0.235034
1605.390000,0.315699
1605.391000,0.436250
1605.392000,0.431028
1605.393000,0.632539
1605.394000,0.515146
1605.395000,0.501470
1605.396000,0.446635
1605.397000,0.289569
1605.398000,0.486443
1605.399000,0.523077
1605.400000,0.573924
1605.401000,0.628749
1605.402000,0.703489
1605.403000,0.746632
1605.404000,0.757141
1605.405000,0.775460
1605.406000,0.771082
1605.407000,0.813359
1605.408000,0.664272
1605.409000,0.748434
1605.410000,0.819034
1605.411000,0.731369
1605.412000,0.687328
1605.413000,0.535877
1605.414000,0.510797
1605.415000,0.624675
1605.416000,0.573446
1605.417000,0.629398
1605.418000,0.440941
1605.419000,0.506135
1605.420000,0.540902
1605.421000,0.360230
1605.422000,0.487245
1605.423000,0.606023
1605.424000,0.578898
1605.425000,0.454561
1605.426000,0.511354
1605.427000,0.592745
1605.428000,0.666675
1605.429000,0.712346
1605.430000,0.767937
1605.431000,0.833424
1605.432000,0.667380
1605.433000,0.599977
1605.434000,0.490122
1605.435000,0.383332
1605.436000,0.426528
1605.437000,0.274350
1605.438000,0.252567
1605.439000,0.221495
1605.440000,0.141011
1605.441000,0.008768
1605.442000,0.121522
1605.443000,0.280358
1605.444000,0.073762
1605.445000,0.012854
1605.446000,-0.081258
1605.447000,-0.165184
1605.448000,-0.110267
1605.449000,0.084737
1605.450000,0.112449
1605.451000,0.189169
1605.452000,0.191260
1605.453000,0.071986
1605.454000,0.100092
1605.455000,0.085641
1605.456000,0.071747
1605.457000,0.226035
1605.458000,0.359347
1605.459000,0.428814
1605.460000,0.274915
1605.461000,0.177936
1605.462000,0.243112
1605.463000,0.135231
1605.464000,0.049056
1605.465000,0.047963
1605.466000,0.141914
1605.467000,0.133690
1605.468000,0.065601
1605.469000,0.007723
1605.470000,-0.009170
1605.471000,-0.103389
1605.472000,-0.196335
1605.473000,-0.171252
1605.474000,-0.140655
1605.475000,-0.025437
1605.476000,0.018202
1605.477000,0.070681
1605.478000,0.035981
1605.479000,0.214316
1605.480000,0.411420
1605.481000,0.198953
1605.482000,0.249527
1605.483000,0.174604
1605.484000,0.224494
1605.485000,0.275134
1605.486000,0.180578
1605.487000,0.086787
1605.488000,0.114994
1605.489000,0.137057
1605.490000,-0.197175
1605.491000,-0.234144
1605.492000,-0.253786
1605.493000,-0.221461
1605.494000,-0.114119
1605.495000,-0.255869
1605.496000,-0.380391
1605.497000,-0.420768
1605.498000,-0.293179
1605.499000,-0.201939
1605.500000,-0.316369
1605.501000,-0.375565
1605.502000,-0.295380
1605.503000,-0.274879
1605.504000,-0.299729
1605.505000,-0.359344
1605.506000,-0.248640
1605.507000,-0.398020
1605.508000,-0.351670
1605.509000,-0.250583
1605.510000,-0.301360
1605.511000,-0.195048
1605.512000,-0.073500
1605.513000,-0.195914
1605.514000,-0.338395
1605.515000,-0.222364
1605.516000,-0.230788
1605.517000,-0.457682
1605.518000,-0.263056
1605.519000,-0.217204
1605.520000,-0.224692
1605.521000,-0.256663
1605.522000,-0.261141
1605.523000,-0.347034
1605.524000,-0.439251
1605.525000,-0.528806
1605.526000,-0.443388
1605.527000,-0.272821
1605.528000,-0.115964
1605.529000,-0.074240
1605.530000,-0.115591
1605.531000,-0.034350
1605.532000,-0.129064
1605.533000,-0.106626
1605.534000,-0.091104
1605.535000,-0.331623
1605.536000,-0.209017
1605.537000,-0.272513
1605.538000,-0.227329
1605.539000,-0.109446
1605.540000,0.099469
1605.541000,0.127335
1605.542000,0.143359
1605.543000,0.279711
1605.544000,0.348110
1605.545000,0.476448
1605.546000,0.426024
1605.547000,0.330841
1605.548000,0.447098
1605.549000,0.393201
1605.550000,0.425677
1605.551000,0.349064
1605.552000,0.220730
1605.553000,0.149382
1605.554000,0.168979
1605.555000,0.131357
1605.556000,0.206995
1605.557000,0.106611
1605.558000,0.139942
1605.559000,0.146946
1605.560000,0.070179
1605.561000,0.101181
1605.562000,-0.029576
1605.563000,-0.128093
1605.564000,-0.256269
1605.565000,-0.202307
1605.566000,-0.016446
1605.567000,-0.151243
1605.568000,-0.167289
1605.569000,-0.148022
1605.570000,-0.204401
1605.571000,-0.203671
1605.572000,-0.140732
1605.573000,-0.183036
1605.574000,-0.076199
1605.575000,-0.180637
1605.576000,-0.131436
1605.577000,-0.166346
1605.578000,-0.302660
1605.579000,-0.380227
1605.580000,-0.295818
1605.581000,-0.270030
1605.582000,-0.046407
1605.583000,0.045784
1605.584000,0.130507
1605.585000,0.049958
1605.586000,0.064369
1605.587000,0.059334
1605.588000,-0.010655
1605.589000,0.078987
1605.590000,0.048242
1605.591000,-0.071728
1605.592000,-0.098166
1605.593000,-0.101472
1605.594000,-0.204703
1605.595000,-0.196561
1605.596000,-0.150977
1605.597000,-0.054980
1605.598000,-0.026173
1605.599000,-0.042402
1605.600000,-0.052557
1605.601000,0.014190
1605.602000,-0.024744
1605.603000,-0.169844
1605.604000,-0.084538
1605.605000,-0.164922
1605.606000,-0.211336
1605.607000,-0.344643
1605.608000,-0.203148
1605.609000,-0.125450
1605.610000,-0.214557
1605.611000,-0.290741
1605.612000,-0.367693
1605.613000,-0.419848
1605.614000,-0.514765
1605.615000,-0.598433
1605.616000,-0.577004
1605.617000,-0.390019
1605.618000,-0.409418
1605.619000,-0.541959
1605.620000,-0.488404
1605.621000,-0.459815
1605.622000,-0.481146
1605.623000,-0.612671
1605.624000,-0.572399
1605.625000,-0.489996
1605.626000,-0.423794
1605.627000,-0.637014
1605.628000,-0.639868
1605.629000,-0.481663
1605.630000,-0.467452
1605.631000,-0.264968
1605.632000,-0.397374
1605.633000,-0.298143
1605.634000,-0.339615
1605.635000,-0.224341
1605.636000,-0.115195
1605.637000,-0.112904
1605.638000,-0.128270
1605.639000,-0.257331
1605.640000,-0.173192
1605.641000,-0.078899
1605.642000,0.119724
1605.643000,0.178022
1605.644000,0.129648
1605.645000,0.327935
1605.646000,0.449619
1605.647000,0.629160
1605.648000,0.676286
1605.649000,0.765205
1605.650000,0.726546
1605.651000,0.573731
1605.652000,0.565625
1605.653000,0.515750
1605.654000,0.486366
1605.655000,0.448601
1605.656000,0.227161
1605.657000,0.174262
1605.658000,0.013550
1605.659000,-0.042966
1605.660000,-0.010436
1605.661000,-0.038779
1605.662000,-0.000835
1605.663000,0.138772
1605.664000,0.055235
1605.665000,0.257413
1605.666000,0.222983
1605.667000,0.034614
1605.668000,0.019245
1605.669000,0.040368
1605.670000,0.004956
1605.671000,0.048829
1605.672000,-0.111637
1605.673000,-0.082590
1605.674000,0.127226
1605.675000,0.096979
1605.676000,0.128728
1605.677000,0.196368
1605.678000,0.078433
1605.679000,0.061807
1605.680000,0.202044
1605.681000,0.167335
1605.682000,0.007159
1605.683000,-0.006624
1605.684000,0.046158
1605.685000,0.114728
1605.686000,0.077353
1605.687000,0.008455
1605.688000,-0.038942
1605.689000,-0.035952
1605.690000,-0.053601
1605.691000,-0.061415
1605.692000,-0.103359
1605.693000,-0.127436
1605.694000,-0.069884
1605.695000,-0.071904
1605.696000,0.034399
1605.697000,0.029504
1605.698000,0.024930
1605.699000,-0.049391
1605.700000,0.087593
1605.701000,0.041481
1605.702000,0.185641
1605.703000,0.275032
1605.704000,0.253511
1605.705000,0.199398
1605.706000,0.318716
1605.707000,0.316354
1605.708000,0.262665
1605.709000,0.188995
1605.710000,0.180175
1605.711000,0.200130
1605.712000,0.086426
1605.713000,0.207350
1605.714000,0.254527
1605.715000,0.445620
1605.716000,0.395629
1605.717000,0.449021
1605.718000,0.374899
1605.719000,0.436291
1605.720000,0.673040
1605.721000,0.646218
1605.722000,0.533438
1605.723000,0.521363
1605.724000,0.491242
1605.725000,0.520918
1605.726000,0.613460
1605.727000,0.659647
1605.728000,0.621912
1605.729000,0.675458
1605.730000,0.764974
1605.731000,0.776459
1605.732000,0.718312
1605.733000,0.916724
1605.734000,0.840212
1605.735000,0.702658
1605.736000,0.666152
1605.737000,0.834994
1605.738000,0.674289
1605.739000,0.575957
1605.740000,0.708193
1605.741000,0.569556
1605.742000,0.382025
1605.743000,0.418437
1605.744000,0.250585
1605.745000,0.174703
1605.746000,0.050181
1605.747000,-0.057770
1605.748000,-0.021700
1605.749000,0.026139
1605.750000,-0.058350
1605.751000,-0.052496
1605.752000,-0.106812
1605.753000,0.105812
1605.754000,0.024676
1605.755000,-0.023736
1605.756000,0.099310
1605.757000,0.203181
1605.758000,0.371336
1605.759000,0.441205
1605.760000,0.303674
1605.761000,0.308994
1605.762000,0.218457
1605.763000,0.254290
1605.764000,0.266900
1605.765000,0.188657
1605.766000,0.064252
1605.767000,0.099657
1605.768000,0.076071
1605.769000,-0.000761
1605.770000,0.108727
1605.771000,0.034778
1605.772000,-0.092923
1605.773000,-0.133195
1605.774000,-0.159051
1605.775000,-0.288976
1605.776000,-0.235176
1605.777000,-0.362058
1605.778000,-0.311256
1605.779000,-0.327663
1605.780000,-0.397699
1605.781000,-0.423625
1605.782000,-0.449653
1605.783000,-0.440882
1605.784000,-0.442116
1605.785000,-0.421624
1605.786000,-0.420385
1605.787000,-0.497848
1605.788000,-0.265938
1605.789000,-0.074539
1605.790000,-0.041118
1605.791000,0.131875
1605.792000,-0.061258
1605.793000,-0.021978
1605.794000,0.079342
1605.795000,0.105773
1605.796000,0.106853
1605.797000,0.161420
1605.798000,0.096148
1605.799000,0.304750
1605.800000,0.119181
1605.801000,0.224330
1605.802000,0.246426
1605.803000,0.106159
1605.804000,-0.021095
1605.805000,-0.036735
1605.806000,-0.068013
1605.807000,-0.199934
1605.808000,-0.095450
1605.809000,-0.121922
1605.810000,-0.226059
1605.811000,-0.103941
1605.812000,-0.099955
1605.813000,0.011510
1605.814000,0.052930
1605.815000,0.016178
1605.816000,-0.072792
1605.817000,-0.227779
1605.818000,-0.232827
1605.819000,-0.201993
1605.820000,-0.047833
1605.821000,-0.060380
1605.822000,0.055233
1605.823000,-0.013221
1605.824000,-0.025432
1605.825000,-0.013849
1605.826000,0.109638
1605.827000,0.036376
1605.828000,0.092565
1605.829000,0.117486
1605.830000,0.070655
1605.831000,-0.013028
1605.832000,0.078357
1605.833000,0.203573
1605.834000,0.359106
1605.835000,0.435554
1605.836000,0.437306
1605.837000,0.452208
1605.838000,0.521101
1605.839000,0.379494
1605.840000,0.373612
1605.841000,0.342293
1605.842000,0.209570
1605.843000,0.140604
1605.844000,-0.033999
1605.845000,0.024630
1605.846000,-0.117426
1605.847000,-0.034038
1605.848000,-0.051141
1605.849000,-0.065374
1605.850000,-0.052253
1605.851000,-0.313370
1605.852000,-0.318684
1605.853000,-0.452350
1605.854000,-0.284401
1605.855000,-0.054337
1605.856000,-0.099978
1605.857000,-0.000052
1605.858000,-0.036330
1605.859000,0.161785
1605.860000,0.165807
1605.861000,0.302757
1605.862000,0.238953
1605.863000,0.176601
1605.864000,0.403143
1605.865000,0.331799
1605.866000,0.328525
1605.867000,0.187158
1605.868000,0.223694
1605.869000,0.152333
1605.870000,0.231043
1605.871000,0.270719
1605.872000,0.405164
1605.873000,0.302136
1605.874000,0.272457
1605.875000,0.346067
1605.876000,0.318646
1605.877000,0.292749
1605.878000,0.317882
1605.879000,0.293107
1605.880000,0.171195
1605.881000,0.143329
1605.882000,0.240574
1605.883000,0.206070
1605.884000,0.087869
1605.885000,0.065738
1605.886000,0.224561
1605.887000,0.206315
1605.888000,-0.167874
1605.889000,-0.247906
1605.890000,-0.214103
1605.891000,-0.148149
1605.892000,-0.215344
1605.893000,0.023139
1605.894000,-0.160022
1605.895000,-0.525586
1605.896000,-0.607284
1605.897000,-0.503101
1605.898000,-0.491800
1605.899000,-0.563969
1605.900000,-0.675670
1605.901000,-0.623604
1605.902000,-0.471269
1605.903000,-0.397813
1605.904000,-0.237007
1605.905000,-0.099205
1605.906000,-0.202787
1605.907000,-0.207557
1605.908000,-0.208206
1605.909000,-0.248204
1605.910000,-0.196498
1605.911000,-0.129561
1605.912000,-0.070397
1605.913000,-0.163765
1605.914000,-0.287338
1605.915000,-0.187867
1605.916000,-0.053477
1605.917000,-0.042118
1605.918000,0.027168
1605.919000,0.350731
1605.920000,0.277221
1605.921000,0.167281
1605.922000,0.117755
1605.923000,0.008157
1605.924000,-0.170658
1605.925000,-0.098283
1605.926000,-0.111028
1605.927000,-0.028695
1605.928000,-0.075395
1605.929000,0.172082
1605.930000,0.176746
1605.931000,0.234959
1605.932000,0.284231
1605.933000,0.235029
1605.934000,0.401104
1605.935000,0.425639
1605.936000,0.567929
1605.937000,0.474754
1605.938000,0.609296
1605.939000,0.627911
1605.940000,0.593141
1605.941000,0.485207
1605.942000,0.436257
1605.943000,0.315667
1605.944000,0.268057
1605.945000,0.243174
1605.946000,0.251733
1605.947000,0.223115
1605.948000,0.352762
1605.949000,0.271679
1605.950000,0.345142
1605.951000,0.325978
1605.952000,0.351942
1605.953000,0.453484
1605.954000,0.610688
1605.955000,0.369892
1605.956000,0.446270
1605.957000,0.456721
1605.958000,0.451685
1605.959000,0.596264
1605.960000,0.315272
1605.961000,0.571515
1605.962000,0.456937
1605.963000,0.538303
1605.964000,0.687607
1605.965000,0.553125
1605.966000,0.604137
1605.967000,0.717257
1605.968000,0.676290
1605.969000,0.815285
1605.970000,0.809301
1605.971000,0.887774
1605.972000,0.874927
1605.973000,0.669032
1605.974000,0.686889
1605.975000,0.732564
1605.976000,0.540280
1605.977000,0.481674
1605.978000,0.412512
1605.979000,0.457530
1605.980000,0.431835
1605.981000,0.432702
1605.982000,0.404409
1605.983000,0.282755
1605.984000,0.277662
1605.985000,0.201808
1605.986000,0.106595
1605.987000,0.084139
1605.988000,0.043620
1605.989000,0.145316
1605.990000,0.176386
1605.991000,0.097521
1605.992000,0.256825
1605.993000,0.133706
1605.994000,-0.006017
1605.995000,-0.194988
1605.996000,-0.442426
1605.997000,-0.377948
1605.998000,-0.422032
1605.999000,-0.407186
1606.000000,-0.385507
1606.001000,-0.504027
1606.002000,-0.537998
1606.003000,-0.496087
1606.004000,-0.352311
1606.005000,-0.397459
1606.006000,-0.434181
1606.007000,-0.319267
1606.008000,-0.299702
1606.009000,-0.363607
1606.010000,-0.367707
1606.011000,-0.337973
1606.012000,-0.067736
1606.013000,-0.013349
1606.014000,-0.177420
1606.015000,-0.143745
1606.016000,-0.225841
1606.017000,-0.261687
1606.018000,-0.265911
1606.019000,-0.369855
1606.020000,-0.417369
1606.021000,-0.503015
1606.022000,-0.514054
1606.023000,-0.719355
1606.024000,-0.790396
1606.025000,-0.826666
1606.026000,-0.758641
1606.027000,-0.714275
1606.028000,-0.703369
1606.029000,-0.776795
1606.030000,-0.759485
1606.031000,-1.013900
1606.032000,-0.939724
1606.033000,-0.788545
1606.034000,-0.651554
1606.035000,-0.653563
1606.036000,-0.603812
1606.037000,-0.601260
1606.038000,-0.579951
1606.039000,-0.585197
1606.040000,-0.736230
1606.041000,-0.672575
1606.042000,-0.703046
1606.043000,-0.673051
1606.044000,-0.664833
1606.045000,-0.813615
1606.046000,-0.784860
1606.047000,-0.810684
1606.048000,-0.640889
1606.049000,-0.726124
1606.050000,-0.833533
1606.051000,-0.646082
1606.052000,-0.495270
1606.053000,-0.478633
1606.054000,-0.503979
1606.055000,-0.576966
1606.056000,-0.498300
1606.057000,-0.440095
1606.058000,-0.351779
1606.059000,-0.349997
1606.060000,-0.275685
1606.061000,-0.412738
1606.062000,-0.404682
1606.063000,-0.495498
1606.064000,-0.626006
1606.065000,-0.508907
1606.066000,-0.649294
1606.067000,-0.663344
1606.068000,-0.637215
1606.069000,-0.737041
1606.070000,-0.820725
1606.071000,-0.798292
1606.072000,-0.902350
1606.073000,-0.839801
1606.074000,-0.893531
1606.075000,-1.027093
1606.076000,-0.861842
1606.077000,-1.016395
1606.078000,-0.993635
1606.079000,-0.921584
1606.080000,-0.873622
1606.081000,-0.617296
1606.082000,-0.755993
1606.083000,-0.714993
1606.084000,-0.810849
1606.085000,-0.764826
1606.086000,-0.791843
1606.087000,-0.654964
1606.088000,-0.707365
1606.089000,-0.794789
1606.090000,-0.664421
1606.091000,-0.745392
1606.092000,-0.664525
1606.093000,-0.603436
1606.094000,-0.457374
1606.095000,-0.393148
1606.096000,-0.286827
1606.097000,-0.343990
1606.098000,-0.211968
1606.099000,-0.199649
1606.100000,-0.422459
1606.101000,-0.397182
1606.102000,-0.479869
1606.103000,-0.476010
1606.104000,-0.550110
1606.105000,-0.363186
1606.106000,-0.330681
1606.107000,-0.250166
1606.108000,-0.261652
1606.109000,-0.199355
1606.110000,-0.391592
1606.111000,-0.344635
1606.112000,-0.478139
1606.113000,-0.447791
1606.114000,-0.378968
1606.115000,-0.339645
1606.116000,-0.193593
1606.117000,-0.215859
1606.118000,-0.321016
1606.119000,-0.231880
1606.120000,-0.238459
1606.121000,-0.106469
1606.122000,0.011734
1606.123000,-0.033335
1606.124000,0.014950
1606.125000,0.181481
1606.126000,-0.009847
1606.127000,-0.002972
1606.128000,-0.035310
1606.129000,-0.031389
1606.130000,-0.042445
1606.131000,-0.083728
1606.132000,-0.075461
1606.133000,-0.178589
1606.134000,-0.149317
1606.135000,-0.088246
1606.136000,-0.121004
1606.137000,-0.002720
1606.138000,0.101212
1606.139000,0.108005
1606.140000,0.112786
1606.141000,0.011056
1606.142000,-0.085477
1606.143000,-0.147756
1606.144000,-0.122637
1606.145000,-0.039435
1606.146000,-0.133922
1606.147000,-0.109471
1606.148000,-0.098988
1606.149000,-0.176753
1606.150000,-0.117722
1606.151000,-0.053011
1606.152000,-0.155277
1606.153000,-0.175309
1606.154000,-0.052580
1606.155000,-0.037514
1606.156000,0.095310
1606.157000,0.058649
1606.158000,0.100585
1606.159000,0.266648
1606.160000,0.381497
1606.161000,0.543011
1606.162000,0.672812
1606.163000,0.690058
1606.164000,0.685248
1606.165000,0.857898
1606.166000,0.841989
1606.167000,0.973999
1606.168000,0.938132
1606.169000,0.932612
1606.170000,1.073194
1606.171000,1.072894
1606.172000,1.106286
1606.173000,0.791155
1606.174000,0.781429
1606.175000,0.762032
1606.176000,0.857068
1606.177000,1.015236
1606.178000,0.866230
1606.179000,0.923391
1606.180000,1.001429
1606.181000,0.871484
1606.182000,0.776860
1606.183000,0.831347
1606.184000,0.800841
1606.185000,0.752504
1606.186000,0.741163
1606.187000,0.722121
1606.188000,0.590639
1606.189000,0.521038
1606.190000,0.526037
1606.191000,0.394551
1606.192000,0.429533
1606.193000,0.152448
1606.194000,0.044965
1606.195000,0.211323
1606.196000,0.237735
1606.197000,0.197585
1606.198000,0.083597
1606.199000,0.108756
1606.200000,-0.015672
1606.201000,-0.067871
1606.202000,-0.109289
1606.203000,-0.326407
1606.204000,-0.301408
1606.205000,-0.386320
1606.206000,-0.418880
1606.207000,-0.457420
1606.208000,-0.290984
1606.209000,-0.228359
1606.210000,-0.202378
1606.211000,-0.206989
1606.212000,-0.251039
1606.213000,-0.268063
1606.214000,-0.489664
1606.215000,-0.464813
1606.216000,-0.526634
1606.217000,-0.437267
1606.218000,-0.379835
1606.219000,-0.432888
1606.220000,-0.458155
1606.221000,-0.498714
1606.222000,-0.352600
1606.223000,-0.389647
1606.224000,-0.313987
1606.225000,-0.134632
1606.226000,-0.065287
1606.227000,-0.073890
1606.228000,-0.016693
1606.229000,-0.024331
1606.230000,-0.023056
1606.231000,-0.059621
1606.232000,-0.026807
1606.233000,0.033067
1606.234000,0.142206
1606.235000,0.089865
1606.236000,0.140862
1606.237000,0.177974
1606.238000,0.325050
1606.239000,0.327637
1606.240000,0.218546
1606.241000,0.303440
1606.242000,0.383568
1606.243000,0.225581
1606.244000,0.194295
1606.245000,0.176569
1606.246000,-0.109153
1606.247000,-0.085279
1606.248000,-0.180489
1606.249000,-0.140906
1606.250000,-0.155201
1606.251000,-0.130023
1606.252000,-0.114020
1606.253000,-0.173411
1606.254000,-0.196766
1606.255000,-0.283595
1606.256000,-0.069887
1606.257000,-0.113325
1606.258000,-0.075737
1606.259000,0.040975
1606.260000,0.198888
1606.261000,0.236631
1606.262000,0.170840
1606.263000,0.200645
1606.264000,0.034535
1606.265000,0.159497
1606.266000,0.164570
1606.267000,0.231706
1606.268000,0.192395
1606.269000,0.164258
1606.270000,-0.032945
1606.271000,0.095097
1606.272000,0.195448
1606.273000,0.251500
1606.274000,0.314643
1606.275000,0.309763
1606.276000,0.326667
1606.277000,0.384004
1606.278000,0.413323
1606.279000,0.331711
1606.280000,0.297569
1606.281000,0.132552
1606.282000,0.101103
1606.283000,0.026412
1606.284000,0.149763
1606.285000,0.114995
1606.286000,-0.056287
1606.287000,-0.080273
1606.288000,-0.120981
1606.289000,-0.280093
1606.290000,-0.377781
1606.291000,-0.422723
1606.292000,-0.289069
1606.293000,-0.050196
1606.294000,0.129658
1606.295000,0.128430
1606.296000,-0.003461
1606.297000,-0.002111
1606.298000,-0.045107
1606.299000,-0.237291
1606.300000,-0.384212
1606.301000,-0.404404
1606.302000,-0.405584
1606.303000,-0.393572
1606.304000,-0.275372
1606.305000,-0.353513
1606.306000,-0.423632
1606.307000,-0.408200
1606.308000,-0.340575
1606.309000,-0.352793
1606.310000,-0.207436
1606.311000,-0.382152
1606.312000,-0.424525
1606.313000,-0.436587
1606.314000,-0.493459
1606.315000,-0.490705
1606.316000,-0.551156
1606.317000,-0.565099
1606.318000,-0.604818
1606.319000,-0.602654
1606.320000,-0.543870
1606.321000,-0.348694
1606.322000,-0.451658
1606.323000,-0.595708
1606.324000,-0.616894
1606.325000,-0.635843
1606.326000,-0.582967
1606.327000,-0.570314
1606.328000,-0.472219
1606.329000,-0.406147
1606.330000,-0.374567
1606.331000,-0.300738
1606.332000,-0.487311
1606.333000,-0.514991
1606.334000,-0.617659
1606.335000,-0.406914
1606.336000,-0.482305
1606.337000,-0.581327
1606.338000,-0.389429
1606.339000,-0.303220
1606.340000,-0.367230
1606.341000,-0.186433
1606.342000,-0.058055
1606.343000,0.079191
1606.344000,0.097746
1606.345000,0.143999
1606.346000,0.208322
1606.347000,0.207448
1606.348000,0.286079
1606.349000,0.138327
1606.350000,0.256623
1606.351000,0.297596
1606.352000,0.424177
1606.353000,0.339404
1606.354000,0.499552
1606.355000,0.493608
1606.356000,0.549939
1606.357000,0.508933
1606.358000,0.571134
1606.359000,0.457740
1606.360000,0.458407
1606.361000,0.538740
1606.362000,0.533137
1606.363000,0.606945
1606.364000,0.598215
1606.365000,0.517767
1606.366000,0.624667
1606.367000,0.618246
1606.368000,0.646244
1606.369000,0.457407
1606.370000,0.600442
1606.371000,0.645304
1606.372000,0.473466
1606.373000,0.340397
1606.374000,0.237545
1606.375000,0.285049
1606.376000,0.424603
1606.377000,0.441043
1606.378000,0.377017
1606.379000,0.181313
1606.380000,0.244224
1606.381000,0.248195
1606.382000,0.147976
1606.383000,0.196369
1606.384000,0.265456
1606.385000,0.269799
1606.386000,0.414188
1606.387000,0.383960
1606.388000,0.384754
1606.389000,0.597151
1606.390000,0.743458
1606.391000,0.771176
1606.392000,0.954379
1606.393000,0.917295
1606.394000,0.758358
1606.395000,0.783939
1606.396000,0.773964
1606.397000,0.811187
1606.398000,0.962415
1606.399000,1.004506
1606.400000,0.909061
1606.401000,0.985835
1606.402000,0.952873
1606.403000,1.087623
1606.404000,0.907282
1606.405000,0.828294
1606.406000,0.781657
1606.407000,0.577375
1606.408000,0.689442
1606.409000,0.878924
1606.410000,0.909446
1606.411000,0.775106
1606.412000,0.847273
1606.413000,0.891824
1606.414000,0.955538
1606.415000,1.026675
1606.416000,0.987543
1606.417000,0.933902
1606.418000,0.929879
1606.419000,0.939817
1606.420000,0.849488
1606.421000,0.799820
1606.422000,0.610740
1606.423000,0.738974
1606.424000,0.638898
1606.425000,0.620728
1606.426000,0.530832
1606.427000,0.383972
1606.428000,0.415587
1606.429000,0.535040
1606.430000,0.664977
1606.431000,0.701185
1606.432000,0.660198
1606.433000,0.695106
1606.434000,0.865977
1606.435000,0.809463
1606.436000,0.879990
1606.437000,0.875125
1606.438000,0.755534
1606.439000,0.625976
1606.440000,0.633207
1606.441000,0.639469
1606.442000,0.734188
1606.443000,0.712729
1606.444000,0.716324
1606.445000,0.739440
1606.446000,0.567031
1606.447000,0.502320
1606.448000,0.594579
1606.449000,0.721622
1606.450000,0.707885
1606.451000,0.595907
1606.452000,0.647812
1606.453000,0.568813
1606.454000,0.747096
1606.455000,0.788440
1606.456000,0.723620
1606.457000,0.753874
1606.458000,0.612058
1606.459000,0.509034
1606.460000,0.563961
1606.461000,0.383245
1606.462000,0.386622
1606.463000,0.174720
1606.464000,0.229807
1606.465000,0.292057
1606.466000,0.302999
1606.467000,0.071322
1606.468000,0.189350
1606.469000,0.135044
1606.470000,0.097173
1606.471000,-0.001064
1606.472000,-0.014152
1606.473000,0.020789
1606.474000,0.043498
1606.475000,0.060943
1606.476000,-0.027178
1606.477000,-0.080789
1606.478000,0.039275
1606.479000,0.114744
1606.480000,0.125595
1606.481000,0.207440
1606.482000,0.085341
1606.483000,0.270413
1606.484000,0.527003
1606.485000,0.476973
1606.486000,0.513255
1606.487000,0.599420
1606.488000,0.723675
1606.489000,0.571998
1606.490000,0.547445
1606.491000,0.493873
1606.492000,0.317424
1606.493000,0.422885
1606.494000,0.392443
1606.495000,0.398164
1606.496000,0.306059
1606.497000,0.304995
1606.498000,0.217977
1606.499000,0.258929
1606.500000,0.348026
1606.501000,0.413818
1606.502000,0.368705
1606.503000,0.331254
1606.504000,0.399046
1606.505000,0.284381
1606.506000,0.320200
1606.507000,0.295981
1606.508000,0.209505
1606.509000,0.269589
1606.510000,0.443820
1606.511000,0.535903
1606.512000,0.538430
1606.513000,0.346045
1606.514000,0.260815
1606.515000,0.541229
1606.516000,0.494743
1606.517000,0.373072
1606.518000,0.235432
1606.519000,0.261392
1606.520000,0.105080
1606.521000,-0.031128
1606.522000,0.160351
1606.523000,0.161141
1606.524000,0.186839
1606.525000,0.088977
1606.526000,-0.115255
1606.527000,-0.136184
1606.528000,-0.171640
1606.529000,-0.246980
1606.530000,-0.239903
1606.531000,-0.190198
1606.532000,-0.184774
1606.533000,-0.285553
1606.534000,-0.317784
1606.535000,-0.243539
1606.536000,-0.350539
1606.537000,-0.512113
1606.538000,-0.694045
1606.539000,-0.773911
1606.540000,-0.730399
1606.541000,-0.748278
1606.542000,-0.965974
1606.543000,-1.011818
1606.544000,-0.738787
1606.545000,-0.780341
1606.546000,-0.813770
1606.547000,-0.807160
1606.548000,-0.787355
1606.549000,-0.823549
1606.550000,-0.679970
1606.551000,-0.666151
1606.552000,-0.667065
1606.553000,-0.688840
1606.554000,-0.854365
1606.555000,-0.778264
1606.556000,-0.799819
1606.557000,-0.795199
1606.558000,-0.706949
1606.559000,-0.589511
1606.560000,-0.568484
1606.561000,-0.619615
1606.562000,-0.751427
1606.563000,-0.716632
1606.564000,-0.696300
1606.565000,-0.653932
1606.566000,-0.660377
1606.567000,-0.529199
1606.568000,-0.513468
1606.569000,-0.580477
1606.570000,-0.724814
1606.571000,-0.637091
1606.572000,-0.747135
1606.573000,-0.645229
1606.574000,-0.659839
1606.575000,-0.712914
1606.576000,-0.849131
1606.577000,-0.892428
1606.578000,-0.965187
1606.579000,-0.892700
1606.580000,-0.958048
1606.581000,-0.893330
1606.582000,-0.892836
1606.583000,-0.745815
1606.584000,-0.722476
1606.585000,-0.750784
1606.586000,-0.589230
1606.587000,-0.566233
1606.588000,-0.561280
1606.589000,-0.547137
1606.590000,-0.491457
1606.591000,-0.507340
1606.592000,-0.524733
1606.593000,-0.573510
1606.594000,-0.427360
1606.595000,-0.244963
1606.596000,-0.292689
1606.597000,-0.257841
1606.598000,-0.097587
1606.599000,-0.097944
1606.600000,-0.188423
1606.601000,-0.205510
1606.602000,0.008212
1606.603000,-0.037386
1606.604000,-0.126068
1606.605000,-0.026965
1606.606000,-0.170786
1606.607000,-0.228254
1606.608000,-0.243037
1606.609000,-0.250615
1606.610000,-0.367422
1606.611000,-0.385324
1606.612000,-0.385270
1606.613000,-0.120200
1606.614000,0.012881
1606.615000,0.146322
1606.616000,-0.097610
1606.617000,-0.015185
1606.618000,-0.044847
1606.619000,-0.004736
1606.620000,0.064682
1606.621000,-0.028688
1606.622000,-0.217617
1606.623000,-0.372909
1606.624000,-0.403846
1606.625000,-0.314385
1606.626000,-0.237881
1606.627000,-0.106496
1606.628000,-0.106312
1606.629000,-0.122350
1606.630000,-0.126233
1606.631000,-0.011634
1606.632000,-0.058151
1606.633000,0.030393
1606.634000,0.151440
1606.635000,0.197051
1606.636000,0.163733
1606.637000,-0.075329
1606.638000,-0.102113
1606.639000,-0.254900
1606.640000,-0.289734
1606.641000,-0.382641
1606.642000,-0.322781
1606.643000,-0.341637
1606.644000,-0.298767
1606.645000,-0.222270
1606.646000,-0.226920
1606.647000,-0.295217
1606.648000,-0.260277
1606.649000,-0.394153
1606.650000,-0.077187
1606.651000,-0.024711
1606.652000,0.011031
1606.653000,-0.056884
1606.654000,0.012314
1606.655000,0.042997
1606.656000,0.038162
1606.657000,-0.083385
1606.658000,0.037227
1606.659000,0.175776
1606.660000,0.163496
1606.661000,0.230891
1606.662000,0.213345
1606.663000,0.180894
1606.664000,0.117690
1606.665000,0.142463
1606.666000,0.109694
1606.667000,0.156235
1606.668000,0.276337
1606.669000,0.263305
1606.670000,0.287286
1606.671000,0.243354
1606.672000,0.166516
1606.673000,0.092298
1606.674000,0.071876
1606.675000,-0.033378
1606.676000,-0.193584
1606.677000,-0.225462
1606.678000,-0.189503
1606.679000,-0.256853
1606.680000,-0.362654
1606.681000,-0.192278
1606.682000,-0.263185
1606.683000,-0.299728
1606.684000,-0.316215
1606.685000,-0.336714
1606.686000,-0.273678
1606.687000,-0.325978
1606.688000,-0.385977
1606.689000,-0.263975
1606.690000,-0.271289
1606.691000,-0.212772
1606.692000,-0.158809
1606.693000,-0.173874
1606.694000,-0.110658
1606.695000,-0.081784
1606.696000,-0.041098
1606.697000,-0.005279
1606.698000,-0.003209
1606.699000,-0.113016
1606.700000,-0.037982
1606.701000,-0.126060
1606.702000,0.013310
1606.703000,-0.123497
1606.704000,-0.072711
1606.705000,-0.089111
1606.706000,-0.037050
1606.707000,0.010597
1606.708000,0.108585
1606.709000,0.209450
1606.710000,0.198323
1606.711000,-0.089748
1606.712000,-0.135855
1606.713000,-0.230238
1606.714000,-0.279855
1606.715000,-0.208795
1606.716000,-0.114491
1606.717000,-0.323081
1606.718000,-0.346388
1606.719000,-0.372006
1606.720000,-0.354460
1606.721000,-0.224567
1606.722000,-0.440061
1606.723000,-0.400142
1606.724000,-0.161646
1606.725000,-0.163311
1606.726000,-0.107036
1606.727000,-0.008536
1606.728000,0.101668
1606.729000,-0.104478
1606.730000,0.006845
1606.731000,-0.101391
1606.732000,0.080112
1606.733000,0.023616
1606.734000,0.184870
1606.735000,-0.002002
1606.736000,0.166078
1606.737000,0.108787
1606.738000,0.345105
1606.739000,0.329563
1606.740000,0.364708
1606.741000,0.300649
1606.742000,0.518418
1606.743000,0.560088
1606.744000,0.533428
1606.745000,0.492994
1606.746000,0.634530
1606.747000,0.732053
1606.748000,0.766458
1606.749000,0.745844
1606.750000,0.748123
1606.751000,0.715603
1606.752000,0.643111
1606.753000,0.480055
1606.754000,0.196275
1606.755000,0.055198
1606.756000,0.104058
1606.757000,-0.045135
1606.758000,-0.022824
1606.759000,0.053172
1606.760000,-0.023205
1606.761000,-0.129130
1606.762000,-0.310239
1606.763000,-0.252576
1606.764000,-0.140489
1606.765000,-0.192519
1606.766000,-0.137113
1606.767000,-0.102671
1606.768000,0.043756
1606.769000,-0.040956
1606.770000,0.003731
1606.771000,-0.191231
1606.772000,-0.128758
1606.773000,-0.135513
1606.774000,-0.226662
1606.775000,-0.282778
1606.776000,-0.194611
1606.777000,-0.279211
1606.778000,-0.266352
1606.779000,-0.179195
1606.780000,-0.376956
1606.781000,-0.437026
1606.782000,-0.392893
1606.783000,-0.278525
1606.784000,-0.321731
1606.785000,-0.331509
1606.786000,-0.417437
1606.787000,-0.361758
1606.788000,-0.093623
1606.789000,-0.031318
1606.790000,-0.067140
1606.791000,-0.058013
1606.792000,-0.006652
1606.793000,0.010194
1606.794000,-0.022581
1606.795000,0.072773
1606.796000,0.235392
1606.797000,0.276214
1606.798000,0.119741
1606.799000,0.045235
1606.800000,-0.017859
1606.801000,0.064620
1606.802000,-0.109894
1606.803000,-0.350608
1606.804000,-0.095251
1606.805000,0.055837
1606.806000,0.178560
1606.807000,0.272437
1606.808000,0.230236
1606.809000,0.387916
1606.810000,0.217847
1606.811000,0.207122
1606.812000,0.072792
1606.813000,0.225609
1606.814000,0.427397
1606.815000,0.340459
1606.816000,0.388559
1606.817000,0.338884
1606.818000,0.416177
1606.819000,0.360649
1606.820000,0.371062
1606.821000,0.424524
1606.822000,0.405512
1606.823000,0.237069
1606.824000,0.144531
1606.825000,0.173149
1606.826000,0.082284
1606.827000,0.113291
1606.828000,0.104731
1606.829000,0.235157
1606.830000,0.178778
1606.831000,0.117372
1606.832000,0.164438
1606.833000,0.120670
1606.834000,0.118026
1606.835000,0.066582
1606.836000,-0.115235
1606.837000,-0.082593
1606.838000,-0.175209
1606.839000,-0.169135
1606.840000,-0.126109
1606.841000,-0.126363
1606.842000,-0.050095
1606.843000,-0.123710
1606.844000,0.022664
1606.845000,0.062440
1606.846000,0.143028
1606.847000,0.250333
1606.848000,0.122848
1606.849000,0.031961
1606.850000,0.094372
1606.851000,0.255656
1606.852000,0.366971
1606.853000,0.266760
1606.854000,0.273687
1606.855000,0.283897
1606.856000,0.278377
1606.857000,0.339957
1606.858000,0.442980
1606.859000,0.579865
1606.860000,0.554522
1606.861000,0.643657
1606.862000,0.701318
1606.863000,0.712497
1606.864000,0.758017
1606.865000,0.739764
1606.866000,0.826210
1606.867000,0.715644
1606.868000,0.657642
1606.869000,0.703429
1606.870000,0.615213
1606.871000,0.608357
1606.872000,0.588825
1606.873000,0.643348
1606.874000,0.681966
1606.875000,0.742802
1606.876000,0.503267
1606.877000,0.570041
1606.878000,0.463909
1606.879000,0.604628
1606.880000,0.442270
1606.881000,0.401840
1606.882000,0.457085
1606.883000,0.339942
1606.884000,0.394367
1606.885000,0.544259
1606.886000,0.478261
1606.887000,0.552052
1606.888000,0.477335
1606.889000,0.425006
1606.890000,0.239985
1606.891000,0.366803
1606.892000,0.160301
1606.893000,0.124630
1606.894000,0.113223
1606.895000,0.156902
1606.896000,0.106635
1606.897000,0.011734
1606.898000,-0.057780
1606.899000,0.077936
1606.900000,-0.142514
1606.901000,-0.283755
1606.902000,-0.145986
1606.903000,-0.051271
1606.904000,0.004795
1606.905000,-0.058647
1606.906000,-0.204238
1606.907000,-0.244846
1606.908000,-0.400688
1606.909000,-0.258799
1606.910000,-0.090775
1606.911000,0.144969
1606.912000,0.123473
1606.913000,0.235503
1606.914000,0.044391
1606.915000,0.109463
1606.916000,0.125971
1606.917000,0.028255
1606.918000,0.066657
1606.919000,0.029660
1606.920000,0.064991
1606.921000,0.095596
1606.922000,0.135832
1606.923000,0.123144
1606.924000,0.053195
1606.925000,0.018506
1606.926000,-0.045407
1606.927000,0.076988
1606.928000,0.054732
1606.929000,0.079307
1606.930000,0.065211
1606.931000,0.198384
1606.932000,0.186113
1606.933000,0.070709
1606.934000,-0.047866
1606.935000,-0.109802
1606.936000,-0.180406
1606.937000,-0.230175
1606.938000,-0.431501
1606.939000,-0.569832
1606.940000,-0.591136
1606.941000,-0.330699
1606.942000,-0.411880
1606.943000,-0.321079
1606.944000,-0.255654
1606.945000,-0.352670
1606.946000,-0.470894
1606.947000,-0.610989
1606.948000,-0.551577
1606.949000,-0.456329
1606.950000,-0.517970
1606.951000,-0.594092
1606.952000,-0.488939
1606.953000,-0.274303
1606.954000,-0.142609
1606.955000,-0.158241
1606.956000,-0.209847
1606.957000,-0.319241
1606.958000,-0.309881
1606.959000,-0.239279
1606.960000,-0.232468
1606.961000,-0.189574
1606.962000,-0.000394
1606.963000,-0.076699
1606.964000,-0.119625
1606.965000,-0.201040
1606.966000,-0.241762
1606.967000,-0.159317
1606.968000,-0.134823
1606.969000,-0.293596
1606.970000,-0.247562
1606.971000,-0.281332
1606.972000,-0.224220
1606.973000,-0.136910
1606.974000,0.160018
1606.975000,0.080476
1606.976000,0.261077
1606.977000,0.199844
1606.978000,0.238967
1606.979000,0.268230
1606.980000,0.366210
1606.981000,0.230339
1606.982000,0.264088
1606.983000,0.409698
1606.984000,0.270755
1606.985000,0.292105
1606.986000,0.255491
1606.987000,0.339109
1606.988000,0.145513
1606.989000,0.083203
1606.990000,-0.095268
1606.991000,-0.167330
1606.992000,-0.076340
1606.993000,-0.068100
1606.994000,-0.182718
1606.995000,-0.268240
1606.996000,-0.341677
1606.997000,-0.112347
1606.998000,-0.032977
1606.999000,-0.038375
1607.000000,0.166452
1607.001000,0.049193
1607.002000,0.039061
1607.003000,-0.054529
1607.004000,-0.007931
1607.005000,0.043067
1607.006000,-0.083857
1607.007000,-0.050691
1607.008000,-0.048798
1607.009000,-0.038707
1607.010000,-0.167151
1607.011000,-0.232613
1607.012000,0.044161
1607.013000,0.071142
1607.014000,-0.159481
1607.015000,-0.193031
1607.016000,-0.204651
1607.017000,-0.261373
1607.018000,-0.459598
1607.019000,-0.512940
1607.020000,-0.393740
1607.021000,-0.381839
1607.022000,-0.183452
1607.023000,-0.303074
1607.024000,-0.421891
1607.025000,-0.302546
1607.026000,-0.343438
1607.027000,-0.372105
1607.028000,-0.433931
1607.029000,-0.481471
1607.030000,-0.605626
1607.031000,-0.468646
1607.032000,-0.372170
1607.033000,-0.429537
1607.034000,-0.280916
1607.035000,-0.183358
1607.036000,-0.276936
1607.037000,-0.397213
1607.038000,-0.361947
1607.039000,-0.345110
1607.040000,-0.311253
1607.041000,-0.179045
1607.042000,-0.269155
1607.043000,-0.140074
1607.044000,-0.231628
1607.045000,-0.320489
1607.046000,-0.365345
1607.047000,-0.331151
1607.048000,-0.262281
1607.049000,-0.271116
1607.050000,-0.372326
1607.051000,-0.393421
1607.052000,-0.340067
1607.053000,-0.376429
1607.054000,-0.493190
1607.055000,-0.478176
1607.056000,-0.629770
1607.057000,-0.718452
1607.058000,-0.760037
1607.059000,-0.846907
1607.060000,-0.927386
1607.061000,-0.892675
1607.062000,-0.754898
1607.063000,-0.882331
1607.064000,-0.884965
1607.065000,-0.988057
1607.066000,-0.885047
1607.067000,-0.991878
1607.068000,-0.816406
1607.069000,-0.912039
1607.070000,-0.798670
1607.071000,-0.793950
1607.072000,-0.763394
1607.073000,-0.831255
1607.074000,-0.717836
1607.075000,-0.787788
1607.076000,-0.692193
1607.077000,-0.368635
1607.078000,-0.252314
1607.079000,-0.181172
1607.080000,0.100575
1607.081000,0.007359
1607.082000,0.063948
1607.083000,0.024535
1607.084000,-0.054963
1607.085000,0.009887
1607.086000,0.097169
1607.087000,0.007355
1607.088000,-0.020330
1607.089000,-0.151801
1607.090000,-0.268210
1607.091000,-0.228633
1607.092000,-0.218495
1607.093000,-0.104863
1607.094000,-0.102056
1607.095000,0.034528
1607.096000,-0.032654
1607.097000,-0.099350
1607.098000,-0.174561
1607.099000,-0.168528
1607.100000,-0.031524
1607.101000,-0.215031
1607.102000,0.019434
1607.103000,-0.060287
1607.104000,0.002691
1607.105000,-0.003475
1607.106000,0.074658
1607.107000,0.171458
1607.108000,0.207630
1607.109000,0.377849
1607.110000,0.302224
1607.111000,0.420685
1607.112000,0.530073
1607.113000,0.459056
1607.114000,0.542235
1607.115000,0.591542
1607.116000,0.700958
1607.117000,0.656094
1607.118000,0.546874
1607.119000,0.569885
1607.120000,0.607913
1607.121000,0.681143
1607.122000,0.459680
1607.123000,0.509863
1607.124000,0.475725
1607.125000,0.452443
1607.126000,0.595532
1607.127000,0.529549
1607.128000,0.495091
1607.129000,0.577511
1607.130000,0.501143
1607.131000,0.523878
1607.132000,0.620350
1607.133000,0.562356
1607.134000,0.715582
1607.135000,0.617485
1607.136000,0.612716
1607.137000,0.651163
1607.138000,0.926526
1607.139000,0.890515
1607.140000,1.004475
1607.141000,0.960568
1607.142000,0.989405
1607.143000,1.066339
1607.144000,1.076317
1607.145000,1.066755
1607.146000,1.077130
1607.147000,0.944172
1607.148000,1.034934
1607.149000,0.994313
1607.150000,1.023543
1607.151000,1.033374
1607.152000,1.145685
1607.153000,0.831215
1607.154000,0.940789
1607.155000,0.954503
1607.156000,0.798906
1607.157000,0.688421
1607.158000,0.637627
1607.159000,0.869398
1607.160000,0.885068
1607.161000,0.801660
1607.162000,0.764996
1607.163000,0.761105
1607.164000,0.724577
1607.165000,0.665504
1607.166000,0.708820
1607.167000,0.650958
1607.168000,0.736861
1607.169000,0.756848
1607.170000,0.749750
1607.171000,0.798812
1607.172000,0.750156
1607.173000,0.862172
1607.174000,0.855113
1607.175000,0.882669
1607.176000,0.893670
1607.177000,0.945261
1607.178000,0.947818
1607.179000,0.922554
1607.180000,0.851409
1607.181000,0.765745
1607.182000,0.665954
1607.183000,0.606078
1607.184000,0.609146
1607.185000,0.582979
1607.186000,0.647736
1607.187000,0.835077
1607.188000,0.756820
1607.189000,0.574644
1607.190000,0.559301
1607.191000,0.521047
1607.192000,0.479622
1607.193000,0.408801
1607.194000,0.341827
1607.195000,0.200926
1607.196000,0.239652
1607.197000,0.242008
1607.198000,0.179360
1607.199000,0.176088
1607.200000,0.115099
1607.201000,0.182969
1607.202000,0.163814
1607.203000,0.139420
1607.204000,0.015664
1607.205000,0.073476
1607.206000,0.184488
1607.207000,0.159079
1607.208000,0.239084
1607.209000,0.247758
1607.210000,0.222520
1607.211000,0.155568
1607.212000,0.066289
1607.213000,0.208973
1607.214000,0.266717
1607.215000,0.265814
1607.216000,0.355236
1607.217000,0.388715
1607.218000,0.412588
1607.219000,0.362921
1607.220000,0.367744
1607.221000,0.401587
1607.222000,0.507395
1607.223000,0.568441
1607.224000,0.715316
1607.225000,0.682954
1607.226000,0.705280
1607.227000,0.733030
1607.228000,0.749663
1607.229000,0.882994
1607.230000,0.633117
1607.231000,0.633298
1607.232000,0.591862
1607.233000,0.407540
1607.234000,0.341786
1607.235000,0.321612
1607.236000,0.211513
1607.237000,0.145235
1607.238000,0.022362
1607.239000,-0.099257
1607.240000,0.066014
1607.241000,-0.111085
1607.242000,-0.036032
1607.243000,-0.094385
1607.244000,-0.158871
1607.245000,-0.112084
1607.246000,-0.096198
1607.247000,-0.112798
1607.248000,-0.191210
1607.249000,-0.421583
1607.250000,-0.546291
1607.251000,-0.664597
1607.252000,-0.786956
1607.253000,-0.826499
1607.254000,-0.918099
1607.255000,-0.990528
1607.256000,-1.072686
1607.257000,-1.088492
1607.258000,-1.078069
1607.259000,-1.274702
1607.260000,-1.173406
1607.261000,-1.107009
1607.262000,-1.064217
1607.263000,-1.000912
1607.264000,-1.076426
1607.265000,-1.026950
1607.266000,-1.051757
1607.267000,-1.109516
1607.268000,-1.093913
1607.269000,-1.304887
1607.270000,-1.292697
1607.271000,-1.307761
1607.272000,-1.367651
1607.273000,-1.365224
1607.274000,-1.372218
1607.275000,-1.450139
1607.276000,-1.517435
1607.277000,-1.543537
1607.278000,-1.408044
1607.279000,-1.447849
1607.280000,-1.332750
1607.281000,-1.257142
1607.282000,-1.166021
1607.283000,-1.166777
1607.284000,-1.084721
1607.285000,-1.265881
1607.286000,-1.209211
1607.287000,-1.042966
1607.288000,-0.973583
1607.289000,-0.855756
1607.290000,-0.807257
1607.291000,-0.730218
1607.292000,-0.762785
1607.293000,-0.732427
1607.294000,-0.820003
1607.295000,-0.687045
1607.296000,-0.716366
1607.297000,-0.602817
1607.298000,-0.637261
1607.299000,-0.691964
1607.300000,-0.755486
1607.301000,-0.739036
1607.302000,-0.884156
1607.303000,-0.889339
1607.304000,-0.645830
1607.305000,-0.695257
1607.306000,-0.756499
1607.307000,-1.011911
1607.308000,-1.053218
1607.309000,-1.083180
1607.310000,-0.941236
1607.311000,-0.794922
1607.312000,-0.877545
1607.313000,-0.798402
1607.314000,-0.751560
1607.315000,-0.648657
1607.316000,-0.520108
1607.317000,-0.543797
1607.318000,-0.377516
1607.319000,-0.500947
1607.320000,-0.553753
1607.321000,-0.602496
1607.322000,-0.447400
1607.323000,-0.291372
1607.324000,-0.206304
1607.325000,-0.151782
1607.326000,-0.128727
1607.327000,0.049197
1607.328000,0.168116
1607.329000,0.075948
1607.330000,0.181921
1607.331000,0.181322
1607.332000,0.195273
1607.333000,0.289715
1607.334000,0.095874
1607.335000,0.087843
1607.336000,0.195470
1607.337000,0.250652
1607.338000,0.129001
1607.339000,0.226621
1607.340000,0.292410
1607.341000,0.103793
1607.342000,0.334768
1607.343000,0.540275
1607.344000,0.614440
1607.345000,0.673082
1607.346000,0.541159
1607.347000,0.507419
1607.348000,0.529987
1607.349000,0.773407
1607.350000,0.907624
1607.351000,0.817866
1607.352000,0.829359
1607.353000,0.666630
1607.354000,0.580052
1607.355000,0.525098
1607.356000,0.571442
1607.357000,0.542130
1607.358000,0.552692
1607.359000,0.641967
1607.360000,0.634772
1607.361000,0.793520
1607.362000,0.848606
1607.363000,0.841879
1607.364000,0.845555
1607.365000,0.948323
1607.366000,1.034067
1607.367000,0.892640
1607.368000,0.750751
1607.369000,0.667096
1607.370000,0.607500
1607.371000,0.566925
1607.372000,0.595458
1607.373000,0.574207
1607.374000,0.648165
1607.375000,0.696314
1607.376000,0.727981
1607.377000,0.645773
1607.378000,0.712800
1607.379000,0.508130
1607.380000,0.222799
1607.381000,0.081709
1607.382000,-0.049441
1607.383000,0.123595
1607.384000,0.156278
1607.385000,0.235462
1607.386000,0.181769
1607.387000,0.241386
1607.388000,0.052866
1607.389000,-0.189799
1607.390000,-0.231883
1607.391000,-0.136694
1607.392000,0.031424
1607.393000,-0.015892
1607.394000,-0.049687
1607.395000,-0.076868
1607.396000,-0.260201
1607.397000,-0.389481
1607.398000,-0.462194
1607.399000,-0.511101
1607.400000,-0.587569
1607.401000,-0.506859
1607.402000,-0.442081
1607.403000,-0.383242
1607.404000,-0.425924
1607.405000,-0.476001
1607.406000,-0.258433
1607.407000,-0.207368
1607.408000,-0.195596
1607.409000,-0.332191
1607.410000,-0.420627
1607.411000,-0.643094
1607.412000,-0.522310
1607.413000,-0.420172
1607.414000,-0.437882
1607.415000,-0.367592
1607.416000,-0.306848
1607.417000,-0.234921
1607.418000,-0.152956
1607.419000,-0.121652
1607.420000,-0.111911
1607.421000,-0.167922
1607.422000,-0.153722
1607.423000,-0.156853
1607.424000,-0.211772
1607.425000,-0.361360
1607.426000,-0.267643
1607.427000,-0.146113
1607.428000,0.025602
1607.429000,0.045759
1607.430000,0.114665
1607.431000,0.057925
1607.432000,-0.021231
1607.433000,-0.069485
1607.434000,-0.015393
1607.435000,0.019741
1607.436000,0.136675
1607.437000,0.136561
1607.438000,0.095739
1607.439000,0.103450
1607.440000,0.124151
1607.441000,0.234137
1607.442000,0.216448
1607.443000,0.261343
1607.444000,0.174323
1607.445000,0.205603
1607.446000,0.219324
1607.447000,0.159150
1607.448000,0.145709
1607.449000,0.150586
1607.450000,0.265036
1607.451000,0.487482
1607.452000,0.514008
1607.453000,0.527966
1607.454000,0.397217
1607.455000,0.470926
1607.456000,0.741332
1607.457000,0.754192
1607.458000,0.679708
1607.459000,0.815289
1607.460000,0.748821
1607.461000,0.753818
1607.462000,0.794279
1607.463000,0.854367
1607.464000,0.721159
1607.465000,0.535400
1607.466000,0.519563
1607.467000,0.399945
1607.468000,0.348239
1607.469000,0.162261
1607.470000,0.222215
1607.471000,0.228784
1607.472000,0.219313
1607.473000,0.343656
1607.474000,0.467010
1607.475000,0.455192
1607.476000,0.481267
1607.477000,0.482238
1607.478000,0.688018
1607.479000,0.597681
1607.480000,0.558224
1607.481000,0.629695
1607.482000,0.479329
1607.483000,0.448639
1607.484000,0.431689
1607.485000,0.441490
1607.486000,0.454106
1607.487000,0.360231
1607.488000,0.197195
1607.489000,0.112874
1607.490000,0.094656
1607.491000,0.069828
1607.492000,0.082123
1607.493000,0.057171
1607.494000,-0.045032
1607.495000,0.068056
1607.496000,0.090088
1607.497000,0.022496
1607.498000,0.016600
1607.499000,0.170840
1607.500000,0.183507
1607.501000,0.168854
1607.502000,0.169083
1607.503000,0.099593
1607.504000,0.271436
1607.505000,0.236372
1607.506000,0.200903
1607.507000,0.270011
1607.508000,0.120322
1607.509000,0.050864
1607.510000,0.011380
1607.511000,0.040990
1607.512000,0.131380
1607.513000,0.027836
1607.514000,0.055394
1607.515000,0.135247
1607.516000,0.109796
1607.517000,0.390156
1607.518000,0.321255
1607.519000,-0.001646
1607.520000,-0.050449
1607.521000,-0.037172
1607.522000,-0.029798
1607.523000,-0.065197
1607.524000,-0.103144
1607.525000,-0.396814
1607.526000,-0.329553
1607.527000,-0.182897
1607.528000,-0.076492
1607.529000,-0.108569
1607.530000,-0.203542
1607.531000,-0.104815
1607.532000,0.052754
1607.533000,0.172271
1607.534000,0.073315
1607.535000,-0.012406
1607.536000,-0.241514
1607.537000,-0.192463
1607.538000,-0.235583
1607.539000,-0.336346
1607.540000,-0.147309
1607.541000,-0.121634
1607.542000,-0.255856
1607.543000,-0.370237
1607.544000,-0.425839
1607.545000,-0.313032
1607.546000,-0.252267
1607.547000,-0.425910
1607.548000,-0.418363
1607.549000,-0.446696
1607.550000,-0.388547
1607.551000,-0.265687
1607.552000,-0.411793
1607.553000,-0.456831
1607.554000,-0.378857
1607.555000,-0.418499
1607.556000,-0.590355
1607.557000,-0.542525
1607.558000,-0.542511
1607.559000,-0.570120
1607.560000,-0.572871
1607.561000,-0.469585
1607.562000,-0.442568
1607.563000,-0.288077
1607.564000,-0.337663
1607.565000,-0.436276
1607.566000,-0.304173
1607.567000,-0.366427
1607.568000,-0.464441
1607.569000,-0.441328
1607.570000,-0.531156
1607.571000,-0.769980
1607.572000,-0.821236
1607.573000,-0.657820
1607.574000,-0.522532
1607.575000,-0.484983
1607.576000,-0.233166
1607.577000,-0.200235
1607.578000,-0.266344
1607.579000,-0.363808
1607.580000,-0.286170
1607.581000,-0.305296
1607.582000,-0.255064
1607.583000,-0.243311
1607.584000,-0.399666
1607.585000,-0.316216
1607.586000,-0.279786
1607.587000,-0.133265
1607.588000,0.003793
1607.589000,-0.052664
1607.590000,-0.216982
1607.591000,-0.322549
1607.592000,-0.398723
1607.593000,-0.226383
1607.594000,-0.196800
1607.595000,-0.200849
1607.596000,-0.184429
1607.597000,-0.189523
1607.598000,-0.227327
1607.599000,-0.103309
1607.600000,-0.065978
1607.601000,-0.102776
1607.602000,-0.204041
1607.603000,-0.276740
1607.604000,-0.507379
1607.605000,-0.364405
1607.606000,-0.448314
1607.607000,-0.473191
1607.608000,-0.340444
1607.609000,-0.363776
1607.610000,-0.340849
1607.611000,-0.346556
1607.612000,-0.349080
1607.613000,-0.329526
1607.614000,-0.376009
1607.615000,-0.439502
1607.616000,-0.393269
1607.617000,-0.471756
1607.618000,-0.357214
1607.619000,-0.224285
1607.620000,-0.127864
1607.621000,0.002449
1607.622000,0.005845
1607.623000,0.051735
1607.624000,0.040829
1607.625000,-0.008258
1607.626000,0.077483
1607.627000,0.063601
1607.628000,0.074278
1607.629000,0.161498
1607.630000,0.347427
1607.631000,0.366894
1607.632000,0.331363
1607.633000,0.277106
1607.634000,0.279580
1607.635000,0.307288
1607.636000,0.369839
1607.637000,0.328118
1607.638000,0.477225
1607.639000,0.587078
1607.640000,0.831108
1607.641000,0.898533
1607.642000,0.749535
1607.643000,0.707829
1607.644000,0.691826
1607.645000,0.470492
1607.646000,0.477356
1607.647000,0.435622
1607.648000,0.241606
1607.649000,0.224061
1607.650000,0.188474
1607.651000,0.182623
1607.652000,0.126113
1607.653000,0.030525
1607.654000,-0.036062
1607.655000,0.060655
1607.656000,0.327131
1607.657000,0.285761
1607.658000,0.266583
1607.659000,0.409845
1607.660000,0.494824
1607.661000,0.436846
1607.662000,0.333716
1607.663000,0.268872
1607.664000,0.159522
1607.665000,0.093644
1607.666000,0.018553
1607.667000,0.082906
1607.668000,0.053186
1607.669000,0.011709
1607.670000,-0.093304
1607.671000,-0.106330
1607.672000,-0.085967
1607.673000,0.023405
1607.674000,0.019107
1607.675000,-0.072151
1607.676000,0.112333
1607.677000,0.244514
1607.678000,0.362876
1607.679000,0.589222
1607.680000,0.750861
1607.681000,0.847685
1607.682000,0.897240
1607.683000,0.965321
1607.684000,1.165708
1607.685000,1.080240
1607.686000,1.120455
1607.687000,1.139877
1607.688000,1.036612
1607.689000,0.980347
1607.690000,0.950342
1607.691000,0.936307
1607.692000,0.850127
1607.693000,0.815028
1607.694000,0.554500
1607.695000,0.575620
1607.696000,0.746160
1607.697000,0.525455
1607.698000,0.467289
1607.699000,0.430777
1607.700000,0.380534
1607.701000,0.323313
1607.702000,0.287312
1607.703000,0.322962
1607.704000,0.068025
1607.705000,-0.062645
1607.706000,-0.087705
1607.707000,-0.101515
1607.708000,-0.034139
1607.709000,-0.181127
1607.710000,-0.173067
1607.711000,-0.086257
1607.712000,-0.100057
1607.713000,-0.188144
1607.714000,-0.297954
1607.715000,-0.309250
1607.716000,-0.349036
1607.717000,-0.246249
1607.718000,-0.346020
1607.719000,-0.651900
1607.720000,-0.743072
1607.721000,-0.828733
1607.722000,-0.733373
1607.723000,-0.595718
1607.724000,-0.619570
1607.725000,-0.554128
1607.726000,-0.415609
1607.727000,-0.575906
1607.728000,-0.592181
1607.729000,-0.534346
1607.730000,-0.632349
1607.731000,-0.706584
1607.732000,-0.690780
1607.733000,-0.564420
1607.734000,-0.635839
1607.735000,-0.550277
1607.736000,-0.606285
1607.737000,-0.353305
1607.738000,-0.279932
1607.739000,-0.290722
1607.740000,-0.295794
1607.741000,-0.303981
1607.742000,-0.295484
1607.743000,-0.437931
1607.744000,-0.344451
1607.745000,-0.557499
1607.746000,-0.519168
1607.747000,-0.408749
1607.748000,-0.452911
1607.749000,-0.389827
1607.750000,-0.390850
1607.751000,-0.576411
1607.752000,-0.677405
1607.753000,-0.779843
1607.754000,-0.659481
1607.755000,-0.820171
1607.756000,-0.828386
1607.757000,-0.699642
1607.758000,-0.700700
1607.759000,-0.715819
1607.760000,-0.611122
1607.761000,-0.657776
1607.762000,-0.555002
1607.763000,-0.782569
1607.764000,-0.741272
1607.765000,-0.677366
1607.766000,-0.642460
1607.767000,-0.576610
1607.768000,-0.474829
1607.769000,-0.680139
1607.770000,-0.607721
1607.771000,-0.643972
1607.772000,-0.707313
1607.773000,-0.668264
1607.774000,-0.553384
1607.775000,-0.543334
1607.776000,-0.648234
1607.777000,-0.782555
1607.778000,-0.909091
1607.779000,-0.933304
1607.780000,-0.893849
1607.781000,-0.800809
1607.782000,-0.655103
1607.783000,-0.589031
1607.784000,-0.404440
1607.785000,-0.498288
1607.786000,-0.497303
1607.787000,-0.392593
1607.788000,-0.379476
1607.789000,-0.238154
1607.790000,-0.301434
1607.791000,-0.294179
1607.792000,-0.256788
1607.793000,-0.270099
1607.794000,-0.216389
1607.795000,-0.132837
1607.796000,-0.132448
1607.797000,-0.103960
1607.798000,-0.182836
1607.799000,-0.490795
1607.800000,-0.341781
1607.801000,-0.355915
1607.802000,-0.351599
1607.803000,-0.440975
1607.804000,-0.340176
1607.805000,-0.111904
1607.806000,-0.044061
1607.807000,0.133061
1607.808000,0.011607
1607.809000,0.083329
1607.810000,0.070698
1607.811000,0.006163
1607.812000,0.247757
1607.813000,0.304563
1607.814000,0.288157
1607.815000,0.229768
1607.816000,0.059925
1607.817000,-0.057430
1607.818000,0.064303
1607.819000,-0.085302
1607.820000,0.030017
1607.821000,0.092001
1607.822000,0.026040
1607.823000,-0.069646
1607.824000,-0.111143
1607.825000,-0.087655
1607.826000,-0.127196
1607.827000,-0.281021
1607.828000,-0.253767
1607.829000,-0.172804
1607.830000,-0.050245
1607.831000,0.019801
1607.832000,0.116228
1607.833000,0.283457
1607.834000,0.177317
1607.835000,0.022782
1607.836000,-0.103428
1607.837000,-0.023695
1607.838000,-0.004102
1607.839000,0.071555
1607.840000,-0.050713
1607.841000,0.155905
1607.842000,0.129022
1607.843000,0.179222
1607.844000,0.129920
1607.845000,0.217223
1607.846000,0.163102
1607.847000,0.233095
1607.848000,0.171584
1607.849000,0.213112
1607.850000,0.342804
1607.851000,0.347895
1607.852000,0.397669
1607.853000,0.504786
1607.854000,0.549276
1607.855000,0.424170
1607.856000,0.362186
1607.857000,0.220541
1607.858000,0.242835
1607.859000,0.171735
1607.860000,0.170489
1607.861000,0.160544
1607.862000,0.232143
1607.863000,0.047247
1607.864000,-0.189726
1607.865000,-0.088385
1607.866000,-0.141992
1607.867000,-0.064382
1607.868000,-0.063843
1607.869000,-0.021922
1607.870000,-0.190895
1607.871000,-0.243106
1607.872000,-0.215245
1607.873000,-0.244285
1607.874000,-0.042153
1607.875000,0.078656
1607.876000,0.102812
1607.877000,0.184844
1607.878000,0.230084
1607.879000,0.377062
1607.880000,0.341112
1607.881000,0.282264
1607.882000,0.271318
1607.883000,0.328559
1607.884000,0.298571
1607.885000,0.046975
1607.886000,0.001251
1607.887000,-0.084134
1607.888000,0.010413
1607.889000,-0.042428
1607.890000,-0.019374
1607.891000,0.110359
1607.892000,0.275234
1607.893000,0.310894
1607.894000,0.489251
1607.895000,0.425493
1607.896000,0.211589
1607.897000,0.305764
1607.898000,0.309563
1607.899000,0.208551
1607.900000,0.133096
1607.901000,0.044506
1607.902000,0.255623
1607.903000,0.198451
1607.904000,0.212350
1607.905000,0.102124
1607.906000,0.108200
1607.907000,0.227192
1607.908000,0.313185
1607.909000,0.408770
1607.910000,0.156744
1607.911000,0.233741
1607.912000,0.092219
1607.913000,0.286921
1607.914000,0.456374
1607.915000,0.275114
1607.916000,0.369041
1607.917000,0.250237
1607.918000,0.289533
1607.919000,0.416065
1607.920000,0.395119
1607.921000,0.323197
1607.922000,0.177804
1607.923000,0.217868
1607.924000,0.228407
1607.925000,0.226541
1607.926000,0.187729
1607.927000,0.183353
1607.928000,0.177367
1607.929000,0.237819
1607.930000,0.138629
1607.931000,0.221184
1607.932000,0.297833
1607.933000,0.544677
1607.934000,0.434520
1607.935000,0.535988
1607.936000,0.579607
1607.937000,0.552965
1607.938000,0.569747
1607.939000,0.435372
1607.940000,0.440118
1607.941000,0.376489
1607.942000,0.320086
1607.943000,0.470895
1607.944000,0.331144
1607.945000,0.361436
1607.946000,0.332520
1607.947000,0.526461
1607.948000,0.463209
1607.949000,0.451648
1607.950000,0.651323
1607.951000,0.718050
1607.952000,0.677344
1607.953000,0.782098
1607.954000,0.786712
1607.955000,0.771349
1607.956000,0.767283
1607.957000,0.832926
1607.958000,0.797246
1607.959000,0.752909
1607.960000,0.904675
1607.961000,1.004663
1607.962000,0.921476
1607.963000,0.871533
1607.964000,0.723964
1607.965000,0.613189
1607.966000,0.485283
1607.967000,0.635046
1607.968000,0.488602
1607.969000,0.470891
1607.970000,0.416332
1607.971000,0.420682
1607.972000,0.219539
1607.973000,0.217947
1607.974000,0.303638
1607.975000,0.407544
1607.976000,0.488066
1607.977000,0.307724
1607.978000,0.233264
1607.979000,0.266840
1607.980000,0.233646
1607.981000,0.308298
1607.982000,0.234292
1607.983000,0.296740
1607.984000,0.116128
1607.985000,-0.042509
1607.986000,0.040515
1607.987000,0.219334
1607.988000,0.113020
1607.989000,0.150804
1607.990000,0.248581
1607.991000,0.297467
1607.992000,0.305221
1607.993000,0.234889
1607.994000,0.247328
1607.995000,0.340073
1607.996000,0.295717
1607.997000,0.407320
1607.998000,0.282492
1607.999000,0.092377
1608.000000,0.049549
1608.001000,0.100053
1608.002000,0.240341
1608.003000,0.166373
1608.004000,0.333230
1608.005000,0.419474
1608.006000,0.463655
1608.007000,0.413548
1608.008000,0.390063
1608.009000,0.402641
1608.010000,0.446258
1608.011000,0.357969
1608.012000,0.302782
1608.013000,0.375862
1608.014000,0.503882
1608.015000,0.598417
1608.016000,0.496230
1608.017000,0.510846
1608.018000,0.551071
1608.019000,0.476177
1608.020000,0.618346
1608.021000,0.573451
1608.022000,0.438920
1608.023000,0.381333
1608.024000,0.408370
1608.025000,0.413336
1608.026000,0.189532
1608.027000,0.191604
1608.028000,0.291305
1608.029000,0.019463
1608.030000,0.047398
1608.031000,0.105020
1608.032000,0.040137
1608.033000,-0.008531
1608.034000,-0.206629
1608.035000,-0.193450
1608.036000,-0.072169
1608.037000,0.015636
1608.038000,-0.040377
1608.039000,-0.008599
1608.040000,0.022623
1608.041000,-0.073916
1608.042000,0.061383
1608.043000,0.056304
1608.044000,0.148592
1608.045000,0.156575
1608.046000,0.180488
1608.047000,0.158800
1608.048000,0.028832
1608.049000,0.045401
1608.050000,0.049739
1608.051000,0.083744
1608.052000,-0.055280
1608.053000,-0.164911
1608.054000,-0.171889
1608.055000,-0.175653
1608.056000,-0.236828
1608.057000,-0.079182
1608.058000,-0.154904
1608.059000,-0.276373
1608.060000,-0.238165
1608.061000,-0.158235
1608.062000,-0.318774
1608.063000,-0.324766
1608.064000,-0.420687
1608.065000,-0.574457
1608.066000,-0.636704
1608.067000,-0.604514
1608.068000,-0.761283
1608.069000,-0.718535
1608.070000,-0.660031
1608.071000,-0.664110
1608.072000,-0.808000
1608.073000,-0.875747
1608.074000,-0.827610
1608.075000,-0.725417
1608.076000,-0.798614
1608.077000,-0.794416
1608.078000,-0.472763
1608.079000,-0.502357
1608.080000,-0.468248
1608.081000,-0.383174
1608.082000,-0.508468
1608.083000,-0.450754
1608.084000,-0.572642
1608.085000,-0.648579
1608.086000,-0.659873
1608.087000,-0.721741
1608.088000,-0.765817
1608.089000,-0.785886
1608.090000,-0.871474
1608.091000,-0.898574
1608.092000,-0.984027
1608.093000,-1.221118
1608.094000,-1.239007
1608.095000,-1.232855
1608.096000,-1.284625
1608.097000,-1.209993
1608.098000,-1.348748
1608.099000,-1.331057
1608.100000,-1.366181
1608.101000,-1.333096
1608.102000,-1.248535
1608.103000,-1.184228
1608.104000,-1.091273
1608.105000,-1.033426
1608.106000,-0.946654
1608.107000,-0.921411
1608.108000,-1.049671
1608.109000,-1.078684
1608.110000,-0.990328
1608.111000,-0.866377
1608.112000,-0.634812
1608.113000,-0.520322
1608.114000,-0.613270
1608.115000,-0.597407
1608.116000,-0.724764
1608.117000,-0.648585
1608.118000,-0.680807
1608.119000,-0.667376
1608.120000,-0.778083
1608.121000,-0.577016
1608.122000,-0.747752
1608.123000,-0.693381
1608.124000,-0.723983
1608.125000,-0.534101
1608.126000,-0.583997
1608.127000,-0.661919
1608.128000,-0.507161
1608.129000,-0.505720
1608.130000,-0.524145
1608.131000,-0.446648
1608.132000,-0.514422
1608.133000,-0.538426
1608.134000,-0.554578
1608.135000,-0.550389
1608.136000,-0.594230
1608.137000,-0.482951
1608.138000,-0.466964
1608.139000,-0.696674
1608.140000,-0.452638
1608.141000,-0.360683
1608.142000,-0.347363
1608.143000,-0.317428
1608.144000,-0.352256
1608.145000,-0.227610
1608.146000,-0.346574
1608.147000,-0.376563
1608.148000,-0.436809
1608.149000,-0.461405
1608.150000,-0.384058
1608.151000,-0.369003
1608.152000,-0.303698
1608.153000,-0.363120
1608.154000,-0.265949
1608.155000,-0.273889
1608.156000,-0.260811
1608.157000,-0.213149
1608.158000,-0.286255
1608.159000,-0.280118
1608.160000,-0.319989
1608.161000,-0.341350
1608.162000,-0.364610
1608.163000,-0.419145
1608.164000,-0.395731
1608.165000,-0.542591
1608.166000,-0.428744
1608.167000,-0.320485
1608.168000,-0.243299
1608.169000,-0.309636
1608.170000,-0.540471
1608.171000,-0.497943
1608.172000,-0.486825
1608.173000,-0.362672
1608.174000,-0.263032
1608.175000,-0.308185
1608.176000,-0.427308
1608.177000,-0.344301
1608.178000,-0.358545
1608.179000,-0.465734
1608.180000,-0.479163
1608.181000,-0.607392
1608.182000,-0.503610
1608.183000,-0.652868
1608.184000,-0.710540
1608.185000,-0.762866
1608.186000,-0.602201
1608.187000,-0.660322
1608.188000,-0.643070
1608.189000,-0.672646
1608.190000,-0.728296
1608.191000,-0.628263
1608.192000,-0.577733
1608.193000,-0.425510
1608.194000,-0.463511
1608.195000,-0.435260
1608.196000,-0.248801
1608.197000,-0.029555
1608.198000,0.025119
1608.199000,-0.112929
1608.200000,-0.260321
1608.201000,-0.271376
1608.202000,-0.431175
1608.203000,-0.540386
1608.204000,-0.430276
1608.205000,-0.504948
1608.206000,-0.396532
1608.207000,-0.352891
1608.208000,-0.275818
1608.209000,-0.258133
1608.210000,-0.306615
1608.211000,-0.263992
1608.212000,-0.255718
1608.213000,-0.124553
1608.214000,-0.027696
1608.215000,-0.292692
1608.216000,-0.212098
1608.217000,-0.111391
1608.218000,-0.152491
1608.219000,-0.187292
1608.220000,-0.057315
1608.221000,-0.075942
1608.222000,-0.185679
1608.223000,-0.291597
1608.224000,-0.405584
1608.225000,-0.441842
1608.226000,-0.515361
1608.227000,-0.381573
1608.228000,-0.438536
1608.229000,-0.471326
1608.230000,-0.578916
1608.231000,-0.504366
1608.232000,-0.659562
1608.233000,-0.564935
1608.234000,-0.506712
1608.235000,-0.335571
1608.236000,-0.270404
1608.237000,-0.164029
1608.238000,-0.009061
1608.239000,-0.085802
1608.240000,-0.165415
1608.241000,-0.093467
1608.242000,0.017247
1608.243000,0.147919
1608.244000,0.208531
1608.245000,0.331677
1608.246000,0.266700
1608.247000,0.242687
1608.248000,0.277787
1608.249000,0.293007
1608.250000,0.189220
1608.251000,0.335671
1608.252000,0.462665
1608.253000,0.577599
1608.254000,0.835702
1608.255000,0.812980
1608.256000,0.657882
1608.257000,0.661034
1608.258000,0.514468
1608.259000,0.405566
1608.260000,0.427392
1608.261000,0.417480
1608.262000,0.194934
1608.263000,0.162584
1608.264000,0.165695
1608.265000,0.046059
1608.266000,0.160710
1608.267000,0.042279
1608.268000,0.011333
1608.269000,0.086374
1608.270000,-0.003527
1608.271000,-0.112296
1608.272000,-0.116483
1608.273000,0.019834
1608.274000,0.086746
1608.275000,-0.106791
1608.276000,0.016228
1608.277000,-0.060909
1608.278000,-0.040905
1608.279000,0.067222
1608.280000,0.158593
1608.281000,0.165958
1608.282000,0.196513
1608.283000,0.202609
1608.284000,0.201511
1608.285000,0.141027
1608.286000,0.360171
1608.287000,0.304943
1608.288000,0.335851
1608.289000,0.407165
1608.290000,0.555048
1608.291000,0.623533
1608.292000,0.447171
1608.293000,0.506697
1608.294000,0.343610
1608.295000,0.310456
1608.296000,0.238535
1608.297000,0.228080
1608.298000,0.076754
1608.299000,-0.034681
1608.300000,0.067014
1608.301000,0.156720
1608.302000,0.181341
1608.303000,0.129762
1608.304000,0.254768
1608.305000,0.312251
1608.306000,0.411997
1608.307000,0.387610
1608.308000,0.333679
1608.309000,0.255605
1608.310000,0.281375
1608.311000,0.343955
1608.312000,0.243126
1608.313000,0.273726
1608.314000,0.325258
1608.315000,0.519905
1608.316000,0.472648
1608.317000,0.371648
1608.318000,0.387972
1608.319000,0.500173
1608.320000,0.547910
1608.321000,0.616941
1608.322000,0.693797
1608.323000,0.705355
1608.324000,0.656748
1608.325000,0.572724
1608.326000,0.565990
1608.327000,0.684649
1608.328000,0.535841
1608.329000,0.716073
1608.330000,0.796553
1608.331000,0.731505
1608.332000,0.716228
1608.333000,0.650348
1608.334000,0.658725
1608.335000,0.710177
1608.336000,0.632082
1608.337000,0.848091
1608.338000,0.833019
1608.339000,0.952577
1608.340000,0.862838
1608.341000,0.765606
1608.342000,0.867788
1608.343000,0.818789
1608.344000,0.880937
1608.345000,0.725978
1608.346000,1.030237
1608.347000,1.002186
1608.348000,1.034670
1608.349000,0.927367
1608.350000,0.816070
1608.351000,0.910450
1608.352000,0.987847
1608.353000,0.992423
1608.354000,0.917733
1608.355000,0.939574
1608.356000,1.089956
1608.357000,1.042412
1608.358000,1.113735
1608.359000,1.121735
1608.360000,1.089549
1608.361000,1.062387
1608.362000,0.841860
1608.363000,0.803944
1608.364000,0.827059
1608.365000,0.661552
1608.366000,0.508273
1608.367000,0.528273
1608.368000,0.308312
1608.369000,0.225091
1608.370000,0.307397
1608.371000,0.482600
1608.372000,0.455214
1608.373000,0.247525
1608.374000,0.222017
1608.375000,0.236923
1608.376000,0.336544
1608.377000,0.165902
1608.378000,0.099012
1608.379000,0.192196
1608.380000,0.376914
1608.381000,0.417187
1608.382000,0.457402
1608.383000,0.571513
1608.384000,0.492795
1608.385000,0.562762
1608.386000,0.724284
1608.387000,0.553398
1608.388000,0.671312
1608.389000,0.684787
1608.390000,0.606365
1608.391000,0.374159
1608.392000,0.265477
1608.393000,0.346024
1608.394000,0.201600
1608.395000,0.283195
1608.396000,0.303684
1608.397000,0.326375
1608.398000,0.267831
1608.399000,0.323121
1608.400000,0.332500
1608.401000,0.310547
1608.402000,0.103614
1608.403000,0.091236
1608.404000,0.058023
1608.405000,0.118232
1608.406000,0.157626
1608.407000,0.002382
1608.408000,-0.074917
1608.409000,-0.143618
1608.410000,-0.193741
1608.411000,-0.048342
1608.412000,0.087373
1608.413000,0.153362
1608.414000,0.243523
1608.415000,0.225896
1608.416000,0.305955
1608.417000,0.349743
1608.418000,0.212878
1608.419000,0.247820
1608.420000,0.221505
1608.421000,0.328480
1608.422000,0.240249
1608.423000,0.420539
1608.424000,0.406850
1608.425000,0.260367
1608.426000,0.404959
1608.427000,0.312041
1608.428000,0.217312
1608.429000,0.176516
1608.430000,0.336908
1608.431000,0.405509
1608.432000,0.427968
1608.433000,0.550116
1608.434000,0.412636
1608.435000,0.170428
1608.436000,0.242791
1608.437000,0.164166
1608.438000,-0.194479
1608.439000,-0.111246
1608.440000,0.040008
1608.441000,0.052662
1608.442000,-0.011768
1608.443000,0.025014
1608.444000,0.062279
1608.445000,0.099711
1608.446000,0.072674
1608.447000,0.006054
1608.448000,-0.142769
1608.449000,-0.053184
1608.450000,-0.189938
1608.451000,-0.173614
1608.452000,-0.102784
1608.453000,-0.159038
1608.454000,-0.174578
1608.455000,-0.318473
1608.456000,-0.263714
1608.457000,-0.332029
1608.458000,-0.309728
1608.459000,-0.410033
1608.460000,-0.479544
1608.461000,-0.205381
1608.462000,-0.484269
1608.463000,-0.562964
1608.464000,-0.644361
1608.465000,-0.588598
1608.466000,-0.573785
1608.467000,-0.527502
1608.468000,-0.573021
1608.469000,-0.746842
1608.470000,-0.561247
1608.471000,-0.588664
1608.472000,-0.667959
1608.473000,-0.576552
1608.474000,-0.709431
1608.475000,-0.629945
1608.476000,-0.657481
1608.477000,-0.559182
1608.478000,-0.749899
1608.479000,-1.065916
1608.480000,-1.042108
1608.481000,-0.957056
1608.482000,-1.033587
1608.483000,-1.066426
1608.484000,-1.090969
1608.485000,-1.166928
1608.486000,-1.052807
1608.487000,-0.951411
1608.488000,-0.869611
1608.489000,-0.765485
1608.490000,-0.722326
1608.491000,-0.703563
1608.492000,-0.845061
1608.493000,-0.752233
1608.494000,-0.669435
1608.495000,-0.412564
1608.496000,-0.453073
1608.497000,-0.654416
1608.498000,-0.867595
1608.499000,-0.907186
1608.500000,-0.947755
1608.501000,-0.867054
1608.502000,-0.862554
1608.503000,-0.809984
1608.504000,-0.728251
1608.505000,-0.545534
1608.506000,-0.523438
1608.507000,-0.583683
1608.508000,-0.637725
1608.509000,-0.512443
1608.510000,-0.613690
1608.511000,-0.639908
1608.512000,-0.641239
1608.513000,-0.695211
1608.514000,-0.498344
1608.515000,-0.467735
1608.516000,-0.482987
1608.517000,-0.552673
1608.518000,-0.644261
1608.519000,-0.612688
1608.520000,-0.603013
1608.521000,-0.603677
1608.522000,-0.430404
1608.523000,-0.436738
1608.524000,-0.547844
1608.525000,-0.538010
1608.526000,-0.414994
1608.527000,-0.472445
1608.528000,-0.408520
1608.529000,-0.260989
1608.530000,-0.276131
1608.531000,-0.181110
1608.532000,-0.360092
1608.533000,-0.324385
1608.534000,-0.484778
1608.535000,-0.343509
1608.536000,-0.399765
1608.537000,-0.143084
1608.538000,-0.176896
1608.539000,-0.224689
1608.540000,-0.235990
1608.541000,-0.155900
1608.542000,-0.142030
1608.543000,-0.031581
1608.544000,0.123289
1608.545000,0.095405
1608.546000,0.172860
1608.547000,0.177244
1608.548000,0.130356
1608.549000,0.182441
1608.550000,0.355953
1608.551000,0.339097
1608.552000,0.374580
1608.553000,0.263940
1608.554000,0.242886
1608.555000,0.055250
1608.556000,0.041690
1608.557000,0.001994
1608.558000,-0.112507
1608.559000,-0.094762
1608.560000,-0.063191
1608.561000,-0.162554
1608.562000,0.133667
1608.563000,0.190304
1608.564000,0.258879
1608.565000,0.274704
1608.566000,0.341275
1608.567000,0.436090
1608.568000,0.388003
1608.569000,0.422639
1608.570000,0.532825
1608.571000,0.379591
1608.572000,0.464301
1608.573000,0.419028
1608.574000,0.431159
1608.575000,0.327320
1608.576000,0.306528
1608.577000,0.380491
1608.578000,0.084797
1608.579000,0.114054
1608.580000,0.301213
1608.581000,0.341437
1608.582000,0.463219
1608.583000,0.490329
1608.584000,0.482980
1608.585000,0.360788
1608.586000,0.577664
1608.587000,0.480339
1608.588000,0.421586
1608.589000,0.456478
1608.590000,0.636442
1608.591000,0.447269
1608.592000,0.413049
1608.593000,0.265581
1608.594000,0.361998
1608.595000,0.414200
1608.596000,0.492384
1608.597000,0.429361
1608.598000,0.472209
1608.599000,0.485615
1608.600000,0.563799
1608.601000,0.594362
1608.602000,0.658495
1608.603000,0.418052
1608.604000,0.486548
1608.605000,0.517795
1608.606000,0.512860
1608.607000,0.473263
1608.608000,0.488705
1608.609000,0.342515
1608.610000,0.347763
1608.611000,0.393726
1608.612000,0.255887
1608.613000,0.254529
1608.614000,0.147990
1608.615000,0.138621
1608.616000,0.210091
1608.617000,0.157671
1608.618000,0.186137
1608.619000,0.122790
1608.620000,0.305319
1608.621000,0.241148
1608.622000,0.125177
1608.623000,0.361118
1608.624000,0.285950
1608.625000,0.308570
1608.626000,0.275939
1608.627000,0.138422
1608.628000,0.048577
1608.629000,0.045027
1608.630000,0.042669
1608.631000,0.175442
1608.632000,0.096939
1608.633000,0.142882
1608.634000,0.122506
1608.635000,-0.051920
1608.636000,0.004298
1608.637000,0.093672
1608.638000,0.193951
1608.639000,0.424405
1608.640000,0.331199
1608.641000,0.126319
1608.642000,0.066205
1608.643000,0.185298
1608.644000,0.194009
1608.645000,0.200810
1608.646000,0.441133
1608.647000,0.396415
1608.648000,0.407753
1608.649000,0.352050
1608.650000,0.350110
1608.651000,0.488212
1608.652000,0.506241
1608.653000,0.431516
1608.654000,0.457726
1608.655000,0.526298
1608.656000,0.495984
1608.657000,0.459157
1608.658000,0.438806
1608.659000,0.192001
1608.660000,0.228062
1608.661000,0.180250
1608.662000,0.093203
1608.663000,0.183779
1608.664000,0.106318
1608.665000,0.339531
1608.666000,0.255077
1608.667000,0.157959
1608.668000,-0.015708
1608.669000,0.101122
1608.670000,0.133903
1608.671000,0.101460
1608.672000,0.112837
1608.673000,0.178199
1608.674000,0.276587
1608.675000,0.198900
1608.676000,0.264299
1608.677000,0.085025
1608.678000,0.042437
1608.679000,-0.003183
1608.680000,0.014836
1608.681000,0.024847
1608.682000,0.100383
1608.683000,0.078852
1608.684000,0.172498
1608.685000,0.231867
1608.686000,0.158134
1608.687000,0.147909
1608.688000,-0.057056
1608.689000,-0.096379
1608.690000,-0.187426
1608.691000,-0.238839
1608.692000,-0.226412
1608.693000,-0.028410
1608.694000,-0.008211
1608.695000,0.002792
1608.696000,0.043164
1608.697000,0.086091
1608.698000,0.253076
1608.699000,0.133013
1608.700000,0.187423
1608.701000,0.236636
1608.702000,0.261234
1608.703000,0.261900
1608.704000,0.272698
1608.705000,0.312495
1608.706000,0.303510
1608.707000,0.210000
1608.708000,0.414678
1608.709000,0.449753
1608.710000,0.563518
1608.711000,0.376467
1608.712000,0.304579
1608.713000,0.401502
1608.714000,0.610174
1608.715000,0.610504
1608.716000,0.581809
1608.717000,0.642967
1608.718000,0.649134
1608.719000,0.676389
1608.720000,0.754463
1608.721000,0.685516
1608.722000,0.788905
1608.723000,0.905175
1608.724000,0.775711
1608.725000,0.742593
1608.726000,0.698253
1608.727000,0.555962
1608.728000,0.606238
1608.729000,0.535597
1608.730000,0.454997
1608.731000,0.480957
1608.732000,0.294457
1608.733000,0.453435
1608.734000,0.316279
1608.735000,0.191320
1608.736000,0.017254
1608.737000,-0.057960
1608.738000,-0.026585
1608.739000,-0.179367
1608.740000,-0.261190
1608.741000,-0.115507
1608.742000,-0.025601
1608.743000,0.038800
1608.744000,-0.047245
1608.745000,-0.020550
1608.746000,0.032017
1608.747000,-0.082006
1608.748000,-0.241095
1608.749000,-0.398903
1608.750000,-0.393329
1608.751000,-0.573761
1608.752000,-0.572136
1608.753000,-0.519334
1608.754000,-0.569007
1608.755000,-0.629357
1608.756000,-0.572498
1608.757000,-0.421394
1608.758000,-0.340319
1608.759000,-0.325463
1608.760000,-0.266774
1608.761000,-0.261245
1608.762000,-0.183519
1608.763000,-0.122549
1608.764000,-0.136930
1608.765000,-0.267674
1608.766000,-0.231721
1608.767000,-0.343832
1608.768000,-0.400808
1608.769000,-0.330525
1608.770000,-0.433026
1608.771000,-0.534620
1608.772000,-0.665007
1608.773000,-0.725223
1608.774000,-0.710963
1608.775000,-0.760434
1608.776000,-0.734760
1608.777000,-0.712813
1608.778000,-0.651649
1608.779000,-0.632378
1608.780000,-0.656753
1608.781000,-0.731503
1608.782000,-0.772885
1608.783000,-0.467718
1608.784000,-0.438231
1608.785000,-0.548430
1608.786000,-0.345171
1608.787000,-0.399571
1608.788000,-0.382008
1608.789000,-0.419097
1608.790000,-0.331714
1608.791000,-0.306060
1608.792000,-0.429134
1608.793000,-0.494291
1608.794000,-0.493210
1608.795000,-0.499808
1608.796000,-0.532053
1608.797000,-0.484864
1608.798000,-0.522319
1608.799000,-0.592375
1608.800000,-0.549632
1608.801000,-0.552967
1608.802000,-0.397263
1608.803000,-0.439009
1608.804000,-0.512478
1608.805000,-0.377505
1608.806000,-0.517045
1608.807000,-0.572212
1608.808000,-0.513855
1608.809000,-0.544893
1608.810000,-0.413314
1608.811000,-0.302436
1608.812000,-0.244103
1608.813000,-0.287694
1608.814000,-0.236484
1608.815000,-0.138355
1608.816000,-0.089716
1608.817000,0.031401
1608.818000,-0.033152
1608.819000,0.100894
1608.820000,-0.065095
1608.821000,0.087333
1608.822000,0.214116
1608.823000,0.207211
1608.824000,0.283500
1608.825000,0.152690
1608.826000,0.273324
1608.827000,0.227166
1608.828000,0.261034
1608.829000,0.332174
1608.830000,0.381753
1608.831000,0.365422
1608.832000,0.373918
1608.833000,0.366208
1608.834000,0.320146
1608.835000,0.192403
1608.836000,0.180325
1608.837000,0.192942
1608.838000,0.168883
1608.839000,0.091638
1608.840000,-0.004098
1608.841000,0.066610
1608.842000,0.133997
1608.843000,-0.007434
1608.844000,-0.149090
1608.845000,-0.127211
1608.846000,-0.055114
1608.847000,0.154881
1608.848000,0.384074
1608.849000,0.297371
1608.850000,0.436250
1608.851000,0.375843
1608.852000,0.271109
1608.853000,0.119139
1608.854000,0.160533
1608.855000,0.093211
1608.856000,0.060500
1608.857000,0.148477
1608.858000,0.194433
1608.859000,0.173199
1608.860000,0.135232
1608.861000,-0.084705
1608.862000,-0.114809
1608.863000,0.087329
1608.864000,0.132023
1608.865000,0.176581
1608.866000,-0.140643
1608.867000,-0.097783
1608.868000,-0.080444
1608.869000,-0.057166
1608.870000,-0.147963
1608.871000,-0.036777
1608.872000,0.049018
1608.873000,0.152815
1608.874000,0.285205
1608.875000,0.598434
1608.876000,0.507984
1608.877000,0.489692
1608.878000,0.403549
1608.879000,0.513402
1608.880000,0.723498
1608.881000,0.759145
1608.882000,0.867603
1608.883000,0.855397
1608.884000,0.838981
1608.885000,0.726828
1608.886000,0.652236
1608.887000,0.742437
1608.888000,0.914816
1608.889000,0.950618
1608.890000,0.841944
1608.891000,0.728371
1608.892000,0.674446
1608.893000,0.744622
1608.894000,0.828063
1608.895000,0.931964
1608.896000,1.041155
1608.897000,0.983067
1608.898000,1.117891
1608.899000,1.050173
1608.900000,0.850343
1608.901000,0.790247
1608.902000,0.792618
1608.903000,0.974382
1608.904000,0.812977
1608.905000,0.912555
1608.906000,1.073729
1608.907000,1.027904
1608.908000,0.986091
1608.909000,0.868350
1608.910000,0.612737
1608.911000,0.438246
1608.912000,0.374597
1608.913000,0.443041
1608.914000,0.115580
1608.915000,0.117152
1608.916000,0.276154
1608.917000,0.414422
1608.918000,0.369086
1608.919000,0.398045
1608.920000,0.420828
1608.921000,0.538245
1608.922000,0.466650
1608.923000,0.546479
1608.924000,0.575836
1608.925000,0.704807
1608.926000,0.682091
1608.927000,0.489550
1608.928000,0.422705
1608.929000,0.287063
1608.930000,0.431809
1608.931000,0.377670
1608.932000,0.306451
1608.933000,0.452302
1608.934000,0.484958
1608.935000,0.505594
1608.936000,0.408898
1608.937000,0.229433
1608.938000,0.082958
1608.939000,0.055353
1608.940000,-0.043704
1608.941000,-0.012495
1608.942000,-0.056586
1608.943000,-0.074564
1608.944000,-0.152981
1608.945000,-0.322629
1608.946000,-0.363818
1608.947000,-0.187577
1608.948000,-0.326698
1608.949000,-0.287993
1608.950000,-0.082373
1608.951000,-0.074685
1608.952000,-0.307253
1608.953000,-0.384242
1608.954000,-0.485023
1608.955000,-0.417229
1608.956000,-0.443041
1608.957000,-0.394878
1608.958000,-0.471817
1608.959000,-0.435269
1608.960000,-0.697982
1608.961000,-0.841678
1608.962000,-0.848813
1608.963000,-0.915483
1608.964000,-0.989549
1608.965000,-0.928403
1608.966000,-0.767061
1608.967000,-0.707536
1608.968000,-0.779255
1608.969000,-0.693695
1608.970000,-0.694704
1608.971000,-0.687537
1608.972000,-0.772262
1608.973000,-0.833030
1608.974000,-0.975733
1608.975000,-0.915568
1608.976000,-0.912574
1608.977000,-1.071664
1608.978000,-0.929175
1608.979000,-0.778829
1608.980000,-0.724761
1608.981000,-0.835788
1608.982000,-0.903030
1608.983000,-1.061163
1608.984000,-1.253314
1608.985000,-1.183706
1608.986000,-1.134189
1608.987000,-0.986186
1608.988000,-0.816765
1608.989000,-0.766580
1608.990000,-0.641805
1608.991000,-0.712983
1608.992000,-0.691623
1608.993000,-0.755512
1608.994000,-0.977837
1608.995000,-0.904331
1608.996000,-0.835393
1608.997000,-0.886829
1608.998000,-1.001679
1608.999000,-1.087453
1609.000000,-1.116407
1609.001000,-1.150929
1609.002000,-1.137932
1609.003000,-1.188761
1609.004000,-1.159963
1609.005000,-1.332019
1609.006000,-1.260828
1609.007000,-1.225348
1609.008000,-0.980830
1609.009000,-0.987927
1609.010000,-0.901882
1609.011000,-0.782677
1609.012000,-0.704407
1609.013000,-0.770418
1609.014000,-0.867614
1609.015000,-0.773124
1609.016000,-0.760760
1609.017000,-0.780895
1609.018000,-0.926761
1609.019000,-0.932040
1609.020000,-0.790654
1609.021000,-0.652673
1609.022000,-0.697715
1609.023000,-0.776618
1609.024000,-0.639312
1609.025000,-0.544967
1609.026000,-0.492670
1609.027000,-0.554382
1609.028000,-0.694370
1609.029000,-0.732074
1609.030000,-0.824516
1609.031000,-0.855199
1609.032000,-0.815939
1609.033000,-0.784989
1609.034000,-0.761203
1609.035000,-0.457937
1609.036000,-0.504272
1609.037000,-0.488927
1609.038000,-0.497895
1609.039000,-0.367269
1609.040000,-0.241173
1609.041000,-0.151359
1609.042000,-0.234002
1609.043000,-0.393299
1609.044000,-0.299986
1609.045000,-0.157641
1609.046000,-0.117150
1609.047000,-0.250509
1609.048000,-0.305569
1609.049000,-0.298958
1609.050000,-0.086974
1609.051000,-0.051664
1609.052000,-0.073043
1609.053000,-0.193444
1609.054000,-0.106965
1609.055000,0.201502
1609.056000,0.234856
1609.057000,0.357242
1609.058000,0.321422
1609.059000,0.482996
1609.060000,0.605896
1609.061000,0.658530
1609.062000,0.872951
1609.063000,0.964143
1609.064000,1.020162
1609.065000,0.953998
1609.066000,1.007750
1609.067000,1.194072
1609.068000,1.163920
1609.069000,1.115579
1609.070000,1.082656
1609.071000,0.980835
1609.072000,0.961543
1609.073000,1.001057
1609.074000,1.127559
1609.075000,1.220610
1609.076000,1.275196
1609.077000,1.074516
1609.078000,1.166189
1609.079000,1.199348
1609.080000,1.247772
1609.081000,1.355788
1609.082000,1.383866
1609.083000,1.230311
1609.084000,1.074716
1609.085000,1.130397
1609.086000,1.185605
1609.087000,1.223744
1609.088000,1.186220
1609.089000,0.965430
1609.090000,1.009742
1609.091000,0.881246
1609.092000,0.775500
1609.093000,0.805130
1609.094000,0.588588
1609.095000,0.463412
1609.096000,0.423376
1609.097000,0.496879
1609.098000,0.448764
1609.099000,0.462034
1609.100000,0.375169
1609.101000,0.314996
1609.102000,0.215595
1609.103000,0.321706
1609.104000,0.227390
1609.105000,0.205031
1609.106000,0.140661
1609.107000,0.071284
1609.108000,0.103575
1609.109000,0.138634
1609.110000,0.355519
1609.111000,0.238553
1609.112000,0.209950
1609.113000,0.331218
1609.114000,0.404627
1609.115000,0.575113
1609.116000,0.517226
1609.117000,0.570206
1609.118000,0.616844
1609.119000,0.501158
1609.120000,0.311748
1609.121000,0.455463
1609.122000,0.579342
1609.123000,0.370594
1609.124000,0.313765
1609.125000,0.142041
1609.126000,0.197627
1609.127000,0.180389
1609.128000,0.152741
1609.129000,0.126382
1609.130000,0.027524
1609.131000,0.122601
1609.132000,0.049133
1609.133000,0.210710
1609.134000,0.314217
1609.135000,0.347845
1609.136000,0.208256
1609.137000,0.254569
1609.138000,0.250588
1609.139000,0.144534
1609.140000,0.382157
1609.141000,0.308123
1609.142000,0.469123
1609.143000,0.383814
1609.144000,0.480397
1609.145000,0.632879
1609.146000,0.827644
1609.147000,0.632841
1609.148000,0.556411
1609.149000,0.347077
1609.150000,0.537029
1609.151000,0.602728
1609.152000,0.805973
1609.153000,0.830653
1609.154000,0.913058
1609.155000,0.884701
1609.156000,0.859178
1609.157000,0.947768
1609.158000,0.950507
1609.159000,0.947843
1609.160000,0.811429
1609.161000,0.632044
1609.162000,0.647824
1609.163000,0.418328
1609.164000,0.387793
1609.165000,0.202599
1609.166000,0.347794
1609.167000,0.306230
1609.168000,0.404672
1609.169000,0.306918
1609.170000,0.114594
1609.171000,0.191296
1609.172000,-0.016610
1609.173000,-0.035373
1609.174000,0.127599
1609.175000,0.117961
1609.176000,0.212438
1609.177000,0.038739
1609.178000,-0.118400
1609.179000,-0.253270
1609.180000,-0.257159
1609.181000,-0.140565
1609.182000,-0.066297
1609.183000,-0.165052
1609.184000,-0.128081
1609.185000,-0.159138
1609.186000,-0.100761
1609.187000,-0.166539
1609.188000,-0.227212
1609.189000,-0.204078
1609.190000,-0.082476
1609.191000,-0.238101
1609.192000,-0.135912
1609.193000,-0.223206
1609.194000,-0.274785
1609.195000,-0.206248
1609.196000,-0.289663
1609.197000,-0.322919
1609.198000,-0.366757
1609.199000,-0.219590
1609.200000,-0.199813
1609.201000,-0.176989
1609.202000,-0.341796
1609.203000,-0.446787
1609.204000,-0.652835
1609.205000,-0.858244
1609.206000,-0.772142
1609.207000,-0.793367
1609.208000,-0.734143
1609.209000,-0.858279
1609.210000,-0.836514
1609.211000,-0.789978
1609.212000,-0.771227
1609.213000,-0.884448
1609.214000,-0.747656
1609.215000,-0.689223
1609.216000,-0.692363
1609.217000,-0.753074
1609.218000,-0.705898
1609.219000,-0.826939
1609.220000,-0.743376
1609.221000,-0.677146
1609.222000,-0.645444
1609.223000,-0.798535
1609.224000,-0.970150
1609.225000,-0.833477
1609.226000,-0.879285
1609.227000,-0.837916
1609.228000,-0.899580
1609.229000,-0.899031
1609.230000,-0.881762
1609.231000,-1.037186
1609.232000,-1.019558
1609.233000,-1.011441
1609.234000,-0.960849
1609.235000,-0.869969
1609.236000,-0.985048
1609.237000,-0.887859
1609.238000,-0.803267
1609.239000,-0.693973
1609.240000,-0.580515
1609.241000,-0.594096
1609.242000,-0.541076
1609.243000,-0.440128
1609.244000,-0.489239
1609.245000,-0.422745
1609.246000,-0.422895
1609.247000,-0.575676
1609.248000,-0.510187
1609.249000,-0.470568
1609.250000,-0.543420
1609.251000,-0.579092
1609.252000,-0.638511
1609.253000,-0.563925
1609.254000,-0.561798
1609.255000,-0.570193
1609.256000,-0.705429
1609.257000,-0.667871
1609.258000,-0.807790
1609.259000,-0.854329
1609.260000,-0.866242
1609.261000,-0.873404
1609.262000,-0.784267
1609.263000,-0.679739
1609.264000,-0.521823
1609.265000,-0.613999
1609.266000,-0.651179
1609.267000,-0.664023
1609.268000,-0.840123
1609.269000,-0.925273
1609.270000,-0.763207
1609.271000,-0.839521
1609.272000,-0.694411
1609.273000,-0.562303
1609.274000,-0.605880
1609.275000,-0.491514
1609.276000,-0.668561
1609.277000,-0.545116
1609.278000,-0.462192
1609.279000,-0.609974
1609.280000,-0.504897
1609.281000,-0.568954
1609.282000,-0.415196
1609.283000,-0.257873
1609.284000,-0.338475
1609.285000,-0.271752
1609.286000,-0.340748
1609.287000,-0.372208
1609.288000,-0.320662
1609.289000,-0.235216
1609.290000,-0.241979
1609.291000,0.035865
1609.292000,-0.080927
1609.293000,-0.035541
1609.294000,0.108021
1609.295000,0.209215
1609.296000,0.305944
1609.297000,0.321318
1609.298000,0.473393
1609.299000,0.374487
1609.300000,0.432048
1609.301000,0.279027
1609.302000,0.126822
1609.303000,0.177574
1609.304000,0.228294
1609.305000,0.354457
1609.306000,0.383280
1609.307000,0.327836
1609.308000,0.434663
1609.309000,0.339319
1609.310000,0.451634
1609.311000,0.415923
1609.312000,0.237431
1609.313000,0.236167
1609.314000,0.282068
1609.315000,0.226253
1609.316000,0.245831
1609.317000,0.219821
1609.318000,0.312819
1609.319000,0.153624
1609.320000,0.016229
1609.321000,0.039203
1609.322000,0.041231
1609.323000,0.099368
1609.324000,0.184280
1609.325000,0.296128
1609.326000,0.276111
1609.327000,0.163245
1609.328000,0.167946
1609.329000,0.161833
1609.330000,-0.021584
1609.331000,-0.053977
1609.332000,0.066281
1609.333000,0.100562
1609.334000,0.248204
1609.335000,0.335741
1609.336000,0.367702
1609.337000,0.118473
1609.338000,0.185849
1609.339000,0.146236
1609.340000,0.229949
1609.341000,0.291078
1609.342000,0.304788
1609.343000,0.040726
1609.344000,-0.101430
1609.345000,0.035999
1609.346000,-0.188200
1609.347000,-0.177400
1609.348000,-0.222765
1609.349000,-0.149465
1609.350000,-0.396034
1609.351000,-0.313960
1609.352000,-0.277613
1609.353000,-0.257412
1609.354000,-0.292250
1609.355000,-0.357895
1609.356000,-0.330158
1609.357000,-0.245756
1609.358000,-0.124191
1609.359000,-0.058569
1609.360000,-0.209649
1609.361000,-0.365030
1609.362000,-0.426945
1609.363000,-0.455193
1609.364000,-0.410274
1609.365000,-0.615004
1609.366000,-0.567036
1609.367000,-0.456795
1609.368000,-0.425000
1609.369000,-0.202939
1609.370000,-0.120857
1609.371000,-0.134643
1609.372000,0.046494
1609.373000,0.040769
1609.374000,0.072691
1609.375000,0.049513
1609.376000,0.067325
1609.377000,-0.081289
1609.378000,0.104402
1609.379000,0.181649
1609.380000,0.213998
1609.381000,0.290287
1609.382000,0.402785
1609.383000,0.401363
1609.384000,0.332029
1609.385000,0.257581
1609.386000,0.297378
1609.387000,0.416660
1609.388000,0.457588
1609.389000,0.532714
1609.390000,0.666026
1609.391000,0.742983
1609.392000,0.669565
1609.393000,0.832846
1609.394000,0.814544
1609.395000,0.896618
1609.396000,1.037428
1609.397000,1.020355
1609.398000,1.074136
1609.399000,1.128556
1609.400000,1.158276
1609.401000,1.119218
1609.402000,0.991389
1609.403000,1.144886
1609.404000,1.136488
1609.405000,1.236280
1609.406000,1.254146
1609.407000,1.337679
1609.408000,1.422332
1609.409000,1.316064
1609.410000,1.465036
1609.411000,1.514342
1609.412000,1.531788
1609.413000,1.513407
1609.414000,1.510505
1609.415000,1.450799
1609.416000,1.436554
1609.417000,1.504670
1609.418000,1.244204
1609.419000,1.142191
1609.420000,1.099156
1609.421000,1.036260
1609.422000,1.045173
1609.423000,0.997937
1609.424000,1.124008
1609.425000,0.987891
1609.426000,1.062370
1609.427000,0.988319
1609.428000,1.088953
1609.429000,0.901311
1609.430000,0.896843
1609.431000,0.989933
1609.432000,0.940392
1609.433000,0.874148
1609.434000,0.854883
1609.435000,0.907964
1609.436000,1.030177
1609.437000,1.114422
1609.438000,0.983019
1609.439000,0.936783
1609.440000,0.966553
1609.441000,0.977376
1609.442000,0.996318
1609.443000,1.103062
1609.444000,1.039877
1609.445000,1.000447
1609.446000,1.135706
1609.447000,1.130027
1609.448000,1.020528
1609.449000,0.900182
1609.450000,0.829316
1609.451000,0.773626
1609.452000,0.797185
1609.453000,0.751141
1609.454000,0.595728
1609.455000,0.591992
1609.456000,0.380224
1609.457000,0.337049
1609.458000,0.178429
1609.459000,0.113791
1609.460000,0.219007
1609.461000,0.235014
1609.462000,0.197126
1609.463000,0.181880
1609.464000,0.088604
1609.465000,0.061192
1609.466000,0.015296
1609.467000,0.083510
1609.468000,0.222502
1609.469000,0.323102
1609.470000,0.319679
1609.471000,0.184228
1609.472000,-0.012804
1609.473000,-0.141391
1609.474000,-0.214852
1609.475000,-0.058886
1609.476000,-0.041467
1609.477000,-0.028249
1609.478000,0.064317
1609.479000,0.062484
1609.480000,-0.004017
1609.481000,0.089627
1609.482000,-0.053187
1609.483000,-0.258116
1609.484000,-0.380149
1609.485000,-0.374684
1609.486000,-0.502316
1609.487000,-0.419374
1609.488000,-0.211936
1609.489000,-0.433952
1609.490000,-0.408914
1609.491000,-0.498058
1609.492000,-0.389137
1609.493000,-0.441158
1609.494000,-0.526470
1609.495000,-0.475453
1609.496000,-0.388793
1609.497000,-0.183485
1609.498000,-0.154013
1609.499000,-0.122520
1609.500000,-0.051560
1609.501000,-0.075865
1609.502000,-0.009912
1609.503000,0.033805
1609.504000,0.052792
1609.505000,0.073639
1609.506000,-0.063432
1609.507000,-0.258798
1609.508000,-0.085899
1609.509000,0.033379
1609.510000,-0.068636
1609.511000,-0.091705
1609.512000,-0.079444
1609.513000,-0.169200
1609.514000,-0.189700
1609.515000,-0.051655
1609.516000,0.011357
1609.517000,-0.123436
1609.518000,-0.146969
1609.519000,-0.133617
1609.520000,-0.263207
1609.521000,-0.102168
1609.522000,-0.047525
1609.523000,0.074813
1609.524000,-0.102097
1609.525000,-0.097312
1609.526000,-0.015836
1609.527000,0.065978
1609.528000,0.078045
1609.529000,0.138405
1609.530000,0.086100
1609.531000,0.260106
1609.532000,0.021335
1609.533000,0.007563
1609.534000,-0.141658
1609.535000,-0.340521
1609.536000,-0.218420
1609.537000,-0.317964
1609.538000,-0.293064
1609.539000,-0.250375
1609.540000,-0.028703
1609.541000,-0.153062
1609.542000,-0.146571
1609.543000,-0.063691
1609.544000,0.050073
1609.545000,0.002051
1609.546000,-0.078578
1609.547000,-0.224714
1609.548000,-0.201873
1609.549000,-0.206846
1609.550000,-0.276117
1609.551000,-0.268356
1609.552000,-0.386597
1609.553000,-0.239275
1609.554000,-0.460482
1609.555000,-0.424188
1609.556000,-0.597236
1609.557000,-0.580144
1609.558000,-0.610484
1609.559000,-0.498725
1609.560000,-0.447394
1609.561000,-0.481689
1609.562000,-0.509111
1609.563000,-0.234581
1609.564000,-0.316882
1609.565000,-0.212094
1609.566000,-0.219972
1609.567000,-0.321255
1609.568000,-0.270073
1609.569000,-0.311150
1609.570000,-0.354042
1609.571000,-0.303548
1609.572000,-0.190777
1609.573000,-0.183472
1609.574000,-0.220259
1609.575000,-0.119627
1609.576000,-0.101624
1609.577000,-0.297636
1609.578000,-0.281575
1609.579000,-0.232495
1609.580000,-0.140521
1609.581000,-0.250535
1609.582000,-0.386071
1609.583000,-0.428279
1609.584000,-0.352797
1609.585000,-0.386593
1609.586000,-0.378238
1609.587000,-0.370361
1609.588000,-0.152471
1609.589000,-0.218444
1609.590000,-0.412759
1609.591000,-0.480968
1609.592000,-0.369164
1609.593000,-0.446728
1609.594000,-0.485721
1609.595000,-0.453360
1609.596000,-0.512793
1609.597000,-0.441467
1609.598000,-0.554548
1609.599000,-0.586953
1609.600000,-0.539359
1609.601000,-0.750286
1609.602000,-0.737420
1609.603000,-0.633347
1609.604000,-0.722701
1609.605000,-0.462552
1609.606000,-0.459608
1609.607000,-0.423797
1609.608000,-0.541303
1609.609000,-0.380286
1609.610000,-0.404057
1609.611000,-0.370631
1609.612000,-0.482347
1609.613000,-0.350544
1609.614000,-0.626642
1609.615000,-0.566858
1609.616000,-0.689251
1609.617000,-0.707262
1609.618000,-0.580562
1609.619000,-0.682642
1609.620000,-0.717346
1609.621000,-0.722075
1609.622000,-0.541812
1609.623000,-0.402027
1609.624000,-0.259336
1609.625000,-0.341518
1609.626000,-0.528003
1609.627000,-0.813152
1609.628000,-0.846267
1609.629000,-0.762500
1609.630000,-0.681401
1609.631000,-0.658902
1609.632000,-0.719164
1609.633000,-0.733557
1609.634000,-0.675125
1609.635000,-0.726851
1609.636000,-0.725591
1609.637000,-0.682736
1609.638000,-0.427220
1609.639000,-0.455777
1609.640000,-0.323145
1609.641000,-0.477896
1609.642000,-0.379237
1609.643000,-0.372856
1609.644000,-0.382140
1609.645000,-0.301108
1609.646000,-0.357646
1609.647000,-0.278319
1609.648000,-0.155869
1609.649000,-0.031220
1609.650000,-0.001315
1609.651000,-0.128179
1609.652000,-0.184940
1609.653000,-0.201017
1609.654000,-0.314437
1609.655000,-0.268361
1609.656000,-0.232958
1609.657000,-0.039084
1609.658000,-0.049195
1609.659000,-0.182722
1609.660000,-0.290355
1609.661000,-0.312506
1609.662000,-0.378811
1609.663000,-0.270553
1609.664000,-0.353357
1609.665000,-0.202036
1609.666000,-0.149564
1609.667000,-0.148709
1609.668000,-0.092254
1609.669000,0.004505
1609.670000,0.002859
1609.671000,-0.063684
1609.672000,0.053170
1609.673000,-0.014469
1609.674000,0.029388
1609.675000,-0.066747
1609.676000,-0.091484
1609.677000,-0.149138
1609.678000,-0.242674
1609.679000,-0.265118
1609.680000,-0.113591
1609.681000,-0.118891
1609.682000,-0.102611
1609.683000,-0.073367
1609.684000,-0.039327
1609.685000,0.151707
1609.686000,0.081340
1609.687000,0.251983
1609.688000,0.425579
1609.689000,0.271220
1609.690000,0.341013
1609.691000,0.471123
1609.692000,0.564791
1609.693000,0.499057
1609.694000,0.542013
1609.695000,0.687382
1609.696000,0.644718
1609.697000,0.557347
1609.698000,0.675343
1609.699000,0.614998
1609.700000,0.818114
1609.701000,0.844726
1609.702000,0.539427
1609.703000,0.432605
1609.704000,0.429998
1609.705000,0.503620
1609.706000,0.517469
1609.707000,0.639596
1609.708000,0.582870
1609.709000,0.452427
1609.710000,0.447113
1609.711000,0.392510
1609.712000,0.279435
1609.713000,0.258883
1609.714000,0.058453
1609.715000,-0.041302
1609.716000,-0.056448
1609.717000,-0.038791
1609.718000,0.091489
1609.719000,-0.161646
1609.720000,-0.333330
1609.721000,-0.260100
1609.722000,-0.339113
1609.723000,-0.101684
1609.724000,-0.160876
1609.725000,-0.352240
1609.726000,-0.125998
1609.727000,-0.050176
1609.728000,0.311838
1609.729000,0.371232
1609.730000,0.393130
1609.731000,0.316951
1609.732000,0.222461
1609.733000,0.368611
1609.734000,0.095620
1609.735000,0.165805
1609.736000,0.367134
1609.737000,0.176635
1609.738000,0.099102
1609.739000,-0.163033
1609.740000,-0.173623
1609.741000,-0.280369
1609.742000,-0.408140
1609.743000,-0.452981
1609.744000,-0.476146
1609.745000,-0.581501
1609.746000,-0.630157
1609.747000,-0.745929
1609.748000,-0.685382
1609.749000,-0.616371
1609.750000,-0.646948
1609.751000,-0.617050
1609.752000,-0.613746
1609.753000,-0.428427
1609.754000,-0.228740
1609.755000,-0.289146
1609.756000,-0.281387
1609.757000,-0.221710
1609.758000,-0.295450
1609.759000,-0.218475
1609.760000,-0.182701
1609.761000,-0.188311
1609.762000,-0.195815
1609.763000,0.000753
1609.764000,0.034844
1609.765000,0.009311
1609.766000,0.034317
1609.767000,0.000450
1609.768000,-0.061008
1609.769000,-0.127389
1609.770000,-0.037619
1609.771000,-0.017221
1609.772000,0.005152
1609.773000,-0.114079
1609.774000,-0.049678
1609.775000,0.068650
1609.776000,0.183960
1609.777000,0.229714
1609.778000,0.222606
1609.779000,0.160352
1609.780000,0.211068
1609.781000,0.228650
1609.782000,0.359799
1609.783000,0.250418
1609.784000,0.277810
1609.785000,0.333504
1609.786000,0.204155
1609.787000,0.332807
1609.788000,0.226187
1609.789000,0.212852
1609.790000,0.281148
1609.791000,0.351743
1609.792000,0.308976
1609.793000,0.216516
1609.794000,0.353995
1609.795000,0.362366
1609.796000,0.414113
1609.797000,0.614007
1609.798000,0.832100
1609.799000,0.682583
1609.800000,0.960924
1609.801000,1.046192
1609.802000,1.120972
1609.803000,0.937198
1609.804000,0.727347
1609.805000,0.720552
1609.806000,0.648412
1609.807000,0.780248
1609.808000,0.902289
1609.809000,0.949211
1609.810000,0.996563
1609.811000,1.080748
1609.812000,1.086670
1609.813000,1.005379
1609.814000,1.130472
1609.815000,1.179436
1609.816000,1.343852
1609.817000,1.288087
1609.818000,1.251141
1609.819000,1.266630
1609.820000,1.321382
1609.821000,1.290569
1609.822000,1.180995
1609.823000,1.055166
1609.824000,1.036355
1609.825000,1.128719
1609.826000,1.174521
1609.827000,1.119568
1609.828000,0.950884
1609.829000,1.011638
1609.830000,0.926090
1609.831000,1.043200
1609.832000,1.009502
1609.833000,0.956816
1609.834000,0.957854
1609.835000,0.702850
1609.836000,0.694723
1609.837000,0.584077
1609.838000,0.577008
1609.839000,0.497030
1609.840000,0.424135
1609.841000,0.392849
1609.842000,0.593073
1609.843000,0.380446
1609.844000,0.340694
1609.845000,0.260113
1609.846000,0.300404
1609.847000,0.236526
1609.848000,0.319567
1609.849000,0.422003
1609.850000,0.306539
1609.851000,0.431175
1609.852000,0.228109
1609.853000,0.175669
1609.854000,0.166962
1609.855000,0.019474
1609.856000,-0.094152
1609.857000,-0.253958
1609.858000,-0.257646
1609.859000,-0.250791
1609.860000,-0.136418
1609.861000,0.003089
1609.862000,0.082312
1609.863000,0.131885
1609.864000,0.259063
1609.865000,0.202250
1609.866000,0.226729
1609.867000,0.213443
1609.868000,0.253369
1609.869000,0.193900
1609.870000,0.327320
1609.871000,0.279505
1609.872000,0.171922
1609.873000,0.072406
1609.874000,0.086227
1609.875000,-0.039078
1609.876000,-0.104472
1609.877000,-0.089055
1609.878000,-0.213886
1609.879000,-0.284067
1609.880000,-0.099185
1609.881000,-0.249611
1609.882000,-0.217462
1609.883000,-0.451798
1609.884000,-0.540395
1609.885000,-0.679966
1609.886000,-0.586620
1609.887000,-0.607915
1609.888000,-0.500959
1609.889000,-0.489384
1609.890000,-0.672553
1609.891000,-0.790042
1609.892000,-0.597689
1609.893000,-0.383611
1609.894000,-0.341877
1609.895000,-0.559828
1609.896000,-0.507419
1609.897000,-0.468513
1609.898000,-0.507229
1609.899000,-0.558697
1609.900000,-0.466040
1609.901000,-0.586933
1609.902000,-0.649106
1609.903000,-0.681113
1609.904000,-0.620741
1609.905000,-0.453701
1609.906000,-0.500939
1609.907000,-0.521860
1609.908000,-0.486369
1609.909000,-0.560816
1609.910000,-0.432081
1609.911000,-0.436728
1609.912000,-0.436408
1609.913000,-0.287587
1609.914000,-0.431845
1609.915000,-0.498286
1609.916000,-0.348265
1609.917000,-0.360036
1609.918000,-0.523143
1609.919000,-0.457716
1609.920000,-0.624575
1609.921000,-0.571605
1609.922000,-0.748088
1609.923000,-0.884015
1609.924000,-0.829775
1609.925000,-0.691142
1609.926000,-0.716105
1609.927000,-0.671586
1609.928000,-0.657107
1609.929000,-0.635300
1609.930000,-0.672031
1609.931000,-0.737788
1609.932000,-0.761728
1609.933000,-0.607294
1609.934000,-0.641467
1609.935000,-0.797238
1609.936000,-0.683592
1609.937000,-0.736277
1609.938000,-0.764717
1609.939000,-0.695360
1609.940000,-0.684077
1609.941000,-0.603952
1609.942000,-0.671315
1609.943000,-0.712069
1609.944000,-0.681220
1609.945000,-0.614601
1609.946000,-0.547712
1609.947000,-0.677378
1609.948000,-0.638396
1609.949000,-0.589800
1609.950000,-0.654009
1609.951000,-0.676172
1609.952000,-0.549322
1609.953000,-0.579364
1609.954000,-0.383137
1609.955000,-0.315469
1609.956000,-0.409143
1609.957000,-0.405237
1609.958000,-0.543906
1609.959000,-0.495637
1609.960000,-0.483907
1609.961000,-0.333307
1609.962000,-0.405854
1609.963000,-0.540822
1609.964000,-0.457596
1609.965000,-0.263328
1609.966000,-0.249214
1609.967000,-0.199597
1609.968000,-0.182159
1609.969000,-0.123981
1609.970000,-0.191682
1609.971000,-0.225772
1609.972000,-0.000655
1609.973000,0.097456
1609.974000,0.024919
1609.975000,0.022290
1609.976000,0.040468
1609.977000,0.010774
1609.978000,-0.072717
1609.979000,-0.035545
1609.980000,0.066993
1609.981000,0.158026
1609.982000,0.152293
1609.983000,0.091108
1609.984000,0.198363
1609.985000,0.348018
1609.986000,0.331817
1609.987000,0.459144
1609.988000,0.404857
1609.989000,0.355668
1609.990000,0.266231
1609.991000,0.314966
1609.992000,0.276829
1609.993000,0.325241
1609.994000,0.373876
1609.995000,0.456992
1609.996000,0.446479
1609.997000,0.391078
1609.998000,0.492388
1609.999000,0.447810
1610.000000,0.589324
1610.001000,0.634681
1610.002000,0.464749
1610.003000,0.447465
1610.004000,0.536384
1610.005000,0.302439
1610.006000,0.407681
1610.007000,0.333165
1610.008000,0.449937
1610.009000,0.579632
1610.010000,0.485623
1610.011000,0.523253
1610.012000,0.519360
1610.013000,0.436471
1610.014000,0.445514
1610.015000,0.399666
1610.016000,0.371017
1610.017000,0.304678
1610.018000,0.107669
1610.019000,0.110018
1610.020000,0.000411
1610.021000,-0.002173
1610.022000,0.080617
1610.023000,-0.029614
1610.024000,-0.050006
1610.025000,-0.194605
1610.026000,-0.241453
1610.027000,-0.296653
1610.028000,-0.455510
1610.029000,-0.454931
1610.030000,-0.238941
1610.031000,-0.177786
1610.032000,-0.128743
1610.033000,0.051526
1610.034000,-0.011759
1610.035000,0.065519
1610.036000,-0.016550
1610.037000,0.027642
1610.038000,-0.001147
1610.039000,-0.069672
1610.040000,-0.097983
1610.041000,-0.094221
1610.042000,0.130837
1610.043000,0.067662
1610.044000,0.077817
1610.045000,0.171852
1610.046000,0.209569
1610.047000,0.327752
1610.048000,0.348113
1610.049000,0.313327
1610.050000,0.258841
1610.051000,0.243955
1610.052000,0.205745
1610.053000,0.101579
1610.054000,0.081708
1610.055000,0.117588
1610.056000,0.288031
1610.057000,0.086016
1610.058000,0.148492
1610.059000,0.221171
1610.060000,0.292278
1610.061000,0.060119
1610.062000,0.135700
1610.063000,0.230564
1610.064000,0.222296
1610.065000,0.130208
1610.066000,0.051693
1610.067000,-0.118791
1610.068000,-0.057136
1610.069000,-0.152063
1610.070000,-0.209809
1610.071000,-0.232160
1610.072000,-0.246489
1610.073000,-0.167587
1610.074000,0.055953
1610.075000,0.209207
1610.076000,0.130764
1610.077000,0.193551
1610.078000,0.069193
1610.079000,0.215872
1610.080000,0.285068
1610.081000,0.286707
1610.082000,0.275214
1610.083000,0.371921
1610.084000,0.380374
1610.085000,0.413829
1610.086000,0.269854
1610.087000,0.380168
1610.088000,0.453984
1610.089000,0.402415
1610.090000,0.307317
1610.091000,0.196416
1610.092000,0.193248
1610.093000,0.175105
1610.094000,0.126036
1610.095000,0.162645
1610.096000,0.229950
1610.097000,0.080649
1610.098000,0.219122
1610.099000,0.484186
1610.100000,0.370814
1610.101000,0.345663
1610.102000,0.169310
1610.103000,0.091780
1610.104000,0.195567
1610.105000,0.103140
1610.106000,0.197884
1610.107000,0.403198
1610.108000,0.642606
1610.109000,0.611229
1610.110000,0.505438
1610.111000,0.429357
1610.112000,0.281608
1610.113000,0.396980
1610.114000,0.352395
1610.115000,0.250297
1610.116000,0.276087
1610.117000,0.278287
1610.118000,0.179728
1610.119000,0.259157
1610.120000,0.026556
1610.121000,0.091194
1610.122000,0.032876
1610.123000,0.015591
1610.124000,0.162085
1610.125000,0.032677
1610.126000,-0.019433
1610.127000,0.031561
1610.128000,0.056319
1610.129000,0.010534
1610.130000,0.006643
1610.131000,-0.004171
1610.132000,0.122854
1610.133000,0.076023
1610.134000,-0.042954
1610.135000,-0.133194
1610.136000,-0.189701
1610.137000,-0.176201
1610.138000,-0.281717
1610.139000,-0.322368
1610.140000,-0.383085
1610.141000,-0.441843
1610.142000,-0.299032
1610.143000,-0.334267
1610.144000,-0.316859
1610.145000,-0.347123
1610.146000,-0.076359
1610.147000,-0.237937
1610.148000,-0.169046
1610.149000,-0.196194
1610.150000,-0.158244
1610.151000,-0.174147
1610.152000,0.016332
1610.153000,-0.062031
1610.154000,0.056790
1610.155000,0.000942
1610.156000,0.117231
1610.157000,0.148024
1610.158000,-0.041243
1610.159000,-0.169205
1610.160000,-0.282478
1610.161000,-0.265462
1610.162000,-0.176484
1610.163000,-0.087944
1610.164000,-0.046506
1610.165000,0.052090
1610.166000,0.121055
1610.167000,0.109512
1610.168000,0.173355
1610.169000,0.133512
1610.170000,-0.025869
1610.171000,-0.066074
1610.172000,0.083608
1610.173000,0.075336
1610.174000,0.302111
1610.175000,0.238781
1610.176000,0.216473
1610.177000,0.252986
1610.178000,0.250625
1610.179000,0.246729
1610.180000,0.419965
1610.181000,0.379283
1610.182000,0.297575
1610.183000,0.199191
1610.184000,0.361213
1610.185000,0.275918
1610.186000,0.340299
1610.187000,0.315191
1610.188000,0.239451
1610.189000,0.226198
1610.190000,0.264413
1610.191000,0.163544
1610.192000,0.062555
1610.193000,0.181645
1610.194000,0.043562
1610.195000,0.044875
1610.196000,0.116711
1610.197000,0.038015
1610.198000,0.093559
1610.199000,0.223199
1610.200000,0.258877
1610.201000,0.431237
1610.202000,0.376867
1610.203000,0.188289
1610.204000,0.250138
1610.205000,0.134640
1610.206000,-0.050314
1610.207000,-0.072878
1610.208000,-0.156138
1610.209000,-0.121361
1610.210000,-0.215115
1610.211000,-0.247439
1610.212000,-0.566892
1610.213000,-0.595611
1610.214000,-0.616239
1610.215000,-0.536540
1610.216000,-0.674206
1610.217000,-0.629050
1610.218000,-0.699597
1610.219000,-0.636521
1610.220000,-0.634121
1610.221000,-0.648702
1610.222000,-0.581765
1610.223000,-0.619966
1610.224000,-0.546226
1610.225000,-0.481333
1610.226000,-0.465252
1610.227000,-0.382470
1610.228000,-0.575699
1610.229000,-0.510316
1610.230000,-0.397249
1610.231000,-0.602348
1610.232000,-0.442164
1610.233000,-0.396813
1610.234000,-0.431082
1610.235000,-0.508408
1610.236000,-0.422661
1610.237000,-0.429644
1610.238000,-0.566510
1610.239000,-0.698041
1610.240000,-0.966460
1610.241000,-0.963796
1610.242000,-0.982383
1610.243000,-0.855784
1610.244000,-0.807971
1610.245000,-0.884675
1610.246000,-0.820042
1610.247000,-0.836017
1610.248000,-0.759139
1610.249000,-0.558437
1610.250000,-0.416108
1610.251000,-0.487123
1610.252000,-0.419934
1610.253000,-0.568515
1610.254000,-0.411741
1610.255000,-0.431807
1610.256000,-0.472220
1610.257000,-0.420337
1610.258000,-0.306344
1610.259000,-0.344261
1610.260000,-0.118994
1610.261000,0.057710
1610.262000,-0.011900
1610.263000,-0.094252
1610.264000,-0.100745
1610.265000,-0.185749
1610.266000,-0.112806
1610.267000,-0.146612
1610.268000,-0.207599
1610.269000,-0.052370
1610.270000,-0.197911
1610.271000,-0.119643
1610.272000,-0.091191
1610.273000,-0.081099
1610.274000,0.070783
1610.275000,-0.033214
1610.276000,0.100666
1610.277000,0.185881
1610.278000,0.136061
1610.279000,0.285918
1610.280000,0.152456
1610.281000,0.263384
1610.282000,0.274501
1610.283000,0.061393
1610.284000,0.159539
1610.285000,0.108213
1610.286000,0.256634
1610.287000,0.291233
1610.288000,0.459688
1610.289000,0.440669
1610.290000,0.342326
1610.291000,0.371472
1610.292000,0.306856
1610.293000,0.268725
1610.294000,0.261486
1610.295000,0.197567
1610.296000,0.225607
1610.297000,0.340970
1610.298000,0.279769
1610.299000,0.195446
1610.300000,0.220318
1610.301000,0.315787
1610.302000,0.431154
1610.303000,0.395496
1610.304000,0.493459
1610.305000,0.433119
1610.306000,0.529241
1610.307000,0.615779
1610.308000,0.667908
1610.309000,0.534224
1610.310000,0.589913
1610.311000,0.631235
1610.312000,0.635930
1610.313000,0.739732
1610.314000,0.733476
1610.315000,0.699615
1610.316000,0.630094
1610.317000,0.665063
1610.318000,0.628901
1610.319000,0.573811
1610.320000,0.593567
1610.321000,0.496206
1610.322000,0.601406
1610.323000,0.617267
1610.324000,0.691208
1610.325000,0.501656
1610.326000,0.571561
1610.327000,0.665795
1610.328000,0.672486
1610.329000,0.740005
1610.330000,0.905726
1610.331000,0.932832
1610.332000,1.027361
1610.333000,1.090190
1610.334000,1.106548
1610.335000,1.001088
1610.336000,0.863788
1610.337000,0.819138
1610.338000,0.752814
1610.339000,0.726436
1610.340000,0.661996
1610.341000,0.564044
1610.342000,0.426283
1610.343000,0.344391
1610.344000,0.264538
1610.345000,0.317577
1610.346000,0.327791
1610.347000,0.260047
1610.348000,0.217600
1610.349000,0.217137
1610.350000,0.085054
1610.351000,0.078453
1610.352000,0.110411
1610.353000,0.254728
1610.354000,0.182677
1610.355000,0.205704
1610.356000,0.082252
1610.357000,0.097888
1610.358000,0.058553
1610.359000,0.037165
1610.360000,0.099554
1610.361000,0.233230
1610.362000,0.162343
1610.363000,0.128382
1610.364000,0.247202
1610.365000,0.079730
1610.366000,0.032688
1610.367000,0.036309
1610.368000,-0.042617
1610.369000,-0.097794
1610.370000,-0.315149
1610.371000,-0.430162
1610.372000,-0.373631
1610.373000,-0.287266
1610.374000,-0.321042
1610.375000,-0.158607
1610.376000,-0.194373
1610.377000,-0.186045
1610.378000,-0.143691
1610.379000,-0.108513
1610.380000,-0.250575
1610.381000,-0.286292
1610.382000,-0.407277
1610.383000,-0.409076
1610.384000,-0.550269
1610.385000,-0.372869
1610.386000,-0.277482
1610.387000,-0.225564
1610.388000,-0.193263
1610.389000,-0.233767
1610.390000,-0.137285
1610.391000,-0.289010
1610.392000,-0.127709
1610.393000,-0.133288
1610.394000,0.104280
1610.395000,0.027653
1610.396000,-0.185957
1610.397000,-0.330075
1610.398000,-0.298289
1610.399000,-0.387948
1610.400000,-0.432119
1610.401000,-0.462211
1610.402000,-0.468484
1610.403000,-0.418963
1610.404000,-0.343703
1610.405000,-0.465574
1610.406000,-0.613111
1610.407000,-0.633029
1610.408000,-0.520042
1610.409000,-0.553338
1610.410000,-0.368095
1610.411000,-0.394883
1610.412000,-0.367945
1610.413000,-0.509104
1610.414000,-0.633052
1610.415000,-0.659622
1610.416000,-0.521190
1610.417000,-0.348354
1610.418000,-0.372139
1610.419000,-0.136020
1610.420000,-0.054190
1610.421000,0.071753
1610.422000,-0.023023
1610.423000,-0.084162
1610.424000,-0.061997
1610.425000,-0.002893
1610.426000,-0.052697
1610.427000,-0.029002
1610.428000,0.022721
1610.429000,-0.039723
1610.430000,-0.042714
1610.431000,-0.006091
1610.432000,0.066169
1610.433000,0.082091
1610.434000,0.131693
1610.435000,0.080839
1610.436000,0.133178
1610.437000,0.197099
1610.438000,0.366153
1610.439000,0.466240
1610.440000,0.418761
1610.441000,0.437340
1610.442000,0.377200
1610.443000,0.449179
1610.444000,0.415219
1610.445000,0.231406
1610.446000,0.307562
1610.447000,0.250944
1610.448000,0.189077
1610.449000,0.190614
1610.450000,0.270877
1610.451000,0.303199
1610.452000,0.271115
1610.453000,0.225247
1610.454000,0.244051
1610.455000,0.134239
1610.456000,0.198968
1610.457000,0.066643
1610.458000,0.017617
1610.459000,0.096419
1610.460000,0.032754
1610.461000,0.250856
1610.462000,0.498240
1610.463000,0.524729
1610.464000,0.527091
1610.465000,0.419299
1610.466000,0.442077
1610.467000,0.302137
1610.468000,0.191208
1610.469000,0.154621
1610.470000,0.157054
1610.471000,0.084144
1610.472000,0.024905
1610.473000,-0.005180
1610.474000,-0.084921
1610.475000,-0.053854
1610.476000,0.244598
1610.477000,0.361120
1610.478000,0.308886
1610.479000,0.393111
1610.480000,0.266030
1610.481000,0.265813
1610.482000,0.228727
1610.483000,0.055714
1610.484000,0.135191
1610.485000,0.056119
1610.486000,0.225651
1610.487000,0.388681
1610.488000,0.504084
1610.489000,0.540909
1610.490000,0.465678
1610.491000,0.283349
1610.492000,0.063152
1610.493000,0.125696
1610.494000,0.172662
1610.495000,0.122388
1610.496000,0.198584
1610.497000,0.356211
1610.498000,0.189122
1610.499000,0.240936
1610.500000,0.195167
1610.501000,0.258700
1610.502000,0.273916
1610.503000,0.204599
1610.504000,0.245573
1610.505000,0.077856
1610.506000,0.163068
1610.507000,0.041220
1610.508000,-0.133051
1610.509000,-0.231891
1610.510000,-0.296964
1610.511000,-0.418633
1610.512000,-0.371299
1610.513000,-0.588102
1610.514000,-0.531014
1610.515000,-0.535723
1610.516000,-0.617429
1610.517000,-0.680685
1610.518000,-0.747364
1610.519000,-0.646745
1610.520000,-0.701516
1610.521000,-0.643332
1610.522000,-0.478034
1610.523000,-0.455548
1610.524000,-0.328506
1610.525000,-0.281295
1610.526000,-0.406591
1610.527000,-0.485305
1610.528000,-0.439242
1610.529000,-0.503951
1610.530000,-0.457750
1610.531000,-0.385203
1610.532000,-0.330104
1610.533000,-0.349040
1610.534000,-0.314636
1610.535000,-0.403489
1610.536000,-0.473605
1610.537000,-0.454277
1610.538000,-0.415958
1610.539000,-0.318831
1610.540000,-0.177025
1610.541000,-0.292533
1610.542000,-0.432561
1610.543000,-0.454691
1610.544000,-0.369078
1610.545000,-0.412145
1610.546000,-0.416987
1610.547000,-0.530152
1610.548000,-0.352144
1610.549000,-0.367145
1610.550000,-0.391230
1610.551000,-0.507678
1610.552000,-0.496076
1610.553000,-0.511794
1610.554000,-0.480303
1610.555000,-0.519782
1610.556000,-0.478880
1610.557000,-0.555014
1610.558000,-0.497551
1610.559000,-0.526253
1610.560000,-0.588511
1610.561000,-0.552295
1610.562000,-0.512168
1610.563000,-0.641052
1610.564000,-0.562382
1610.565000,-0.531414
1610.566000,-0.273501
1610.567000,-0.214335
1610.568000,-0.147616
1610.569000,-0.109453
1610.570000,-0.028833
1610.571000,-0.050263
1610.572000,-0.099662
1610.573000,0.001061
1610.574000,-0.063717
1610.575000,0.032474
1610.576000,-0.079951
1610.577000,0.235257
1610.578000,0.099477
1610.579000,0.010333
1610.580000,-0.018529
1610.581000,0.106711
1610.582000,0.125402
1610.583000,0.069359
1610.584000,0.100143
1610.585000,0.207332
1610.586000,0.171257
1610.587000,0.283815
1610.588000,0.340784
1610.589000,0.365463
1610.590000,0.486714
1610.591000,0.631631
1610.592000,0.684268
1610.593000,0.722520
1610.594000,0.650778
1610.595000,0.711791
1610.596000,0.842343
1610.597000,0.932127
1610.598000,0.875326
1610.599000,0.928994
1610.600000,0.978368
1610.601000,0.868486
1610.602000,0.647387
1610.603000,0.788797
1610.604000,0.668858
1610.605000,0.512260
1610.606000,0.597807
1610.607000,0.747522
1610.608000,0.708543
1610.609000,0.454033
1610.610000,0.573337
1610.611000,0.710335
1610.612000,0.682349
1610.613000,0.703688
1610.614000,0.584189
1610.615000,0.636575
1610.616000,0.527245
1610.617000,0.478860
1610.618000,0.461011
1610.619000,0.429203
1610.620000,0.394197
1610.621000,0.210188
1610.622000,0.340721
1610.623000,0.430798
1610.624000,0.482793
1610.625000,0.449368
1610.626000,0.511038
1610.627000,0.471614
1610.628000,0.622017
1610.629000,0.435184
1610.630000,0.405536
1610.631000,0.372131
1610.632000,0.569053
1610.633000,0.476060
1610.634000,0.549709
1610.635000,0.611607
1610.636000,0.512219
1610.637000,0.421239
1610.638000,0.224243
1610.639000,0.252905
1610.640000,0.088629
1610.641000,-0.038030
1610.642000,0.088227
1610.643000,0.133150
1610.644000,0.050481
1610.645000,-0.048677
1610.646000,0.024006
1610.647000,-0.067838
1610.648000,0.047901
1610.649000,-0.012298
1610.650000,-0.190051
1610.651000,0.050848
1610.652000,0.125065
1610.653000,0.183667
1610.654000,0.220354
1610.655000,0.092139
1610.656000,0.126761
1610.657000,0.294837
1610.658000,0.327629
1610.659000,0.315883
1610.660000,0.230339
1610.661000,0.409804
1610.662000,0.350672
1610.663000,0.294007
1610.664000,0.383826
1610.665000,0.472764
1610.666000,0.497169
1610.667000,0.483499
1610.668000,0.476515
1610.669000,0.547841
1610.670000,0.522852
1610.671000,0.583112
1610.672000,0.772020
1610.673000,0.739989
1610.674000,0.655890
1610.675000,0.547816
1610.676000,0.572485
1610.677000,0.623769
1610.678000,0.433035
1610.679000,0.610904
1610.680000,0.725967
1610.681000,0.687002
1610.682000,0.610142
1610.683000,0.535338
1610.684000,0.792166
1610.685000,0.804193
1610.686000,0.656526
1610.687000,0.858600
1610.688000,0.919477
1610.689000,0.816113
1610.690000,0.745002
1610.691000,0.754619
1610.692000,0.761579
1610.693000,0.759530
1610.694000,0.601794
1610.695000,0.669723
1610.696000,0.921196
1610.697000,0.858951
1610.698000,0.816253
1610.699000,0.741718
1610.700000,0.731152
1610.701000,0.634742
1610.702000,0.503889
1610.703000,0.423274
1610.704000,0.357151
1610.705000,0.364425
1610.706000,0.351432
1610.707000,0.213138
1610.708000,0.291137
1610.709000,0.192636
1610.710000,0.168938
1610.711000,0.306546
1610.712000,0.284094
1610.713000,0.457344
1610.714000,0.326832
1610.715000,0.287610
1610.716000,0.299666
1610.717000,0.237910
1610.718000,0.022788
1610.719000,0.011143
1610.720000,-0.139631
1610.721000,-0.176832
1610.722000,-0.196436
1610.723000,-0.191009
1610.724000,-0.075856
1610.725000,-0.121357
1610.726000,-0.087847
1610.727000,-0.127091
1610.728000,-0.205676
1610.729000,-0.254866
1610.730000,-0.460343
1610.731000,-0.355147
1610.732000,-0.537215
1610.733000,-0.500730
1610.734000,-0.589206
1610.735000,-0.638243
1610.736000,-0.659390
1610.737000,-0.585496
1610.738000,-0.683951
1610.739000,-0.692568
1610.740000,-0.784682
1610.741000,-0.871914
1610.742000,-0.804524
1610.743000,-0.833905
1610.744000,-0.854412
1610.745000,-0.985395
1610.746000,-0.985059
1610.747000,-1.129450
1610.748000,-1.047139
1610.749000,-0.984684
1610.750000,-0.990366
1610.751000,-1.046639
1610.752000,-0.997684
1610.753000,-1.137207
1610.754000,-0.961101
1610.755000,-0.881121
1610.756000,-1.029444
1610.757000,-1.006342
1610.758000,-1.103700
1610.759000,-1.052031
1610.760000,-1.088194
1610.761000,-0.918736
1610.762000,-0.835995
1610.763000,-0.789755
1610.764000,-0.724585
1610.765000,-0.669452
1610.766000,-0.714071
1610.767000,-0.683464
1610.768000,-0.689937
1610.769000,-0.517310
1610.770000,-0.439864
1610.771000,-0.421669
1610.772000,-0.333923
1610.773000,-0.277609
1610.774000,-0.169203
1610.775000,-0.174740
1610.776000,-0.180726
1610.777000,-0.328888
1610.778000,-0.382531
1610.779000,-0.382437
1610.780000,-0.407074
1610.781000,-0.391620
1610.782000,-0.232529
1610.783000,-0.313624
1610.784000,-0.203820
1610.785000,-0.256137
1610.786000,-0.274987
1610.787000,-0.206057
1610.788000,-0.167016
1610.789000,-0.246125
1610.790000,-0.314153
1610.791000,-0.275094
1610.792000,-0.097753
1610.793000,-0.081748
1610.794000,-0.067988
1610.795000,-0.052363
1610.796000,-0.157210
1610.797000,-0.176754
1610.798000,-0.224577
1610.799000,-0.236181
1610.800000,-0.181522
1610.801000,-0.166535
1610.802000,-0.286406
1610.803000,-0.266056
1610.804000,-0.239941
1610.805000,-0.381453
1610.806000,-0.429553
1610.807000,-0.458002
1610.808000,-0.447729
1610.809000,-0.422493
1610.810000,-0.450364
1610.811000,-0.611948
1610.812000,-0.540934
1610.813000,-0.559505
1610.814000,-0.605489
1610.815000,-0.377580
1610.816000,-0.558399
1610.817000,-0.601300
1610.818000,-0.623785
1610.819000,-0.673938
1610.820000,-0.610086
1610.821000,-0.676002
1610.822000,-0.792783
1610.823000,-0.778026
1610.824000,-0.941723
1610.825000,-1.061955
1610.826000,-1.198087
1610.827000,-1.286967
1610.828000,-1.203003
1610.829000,-1.111280
1610.830000,-0.924749
1610.831000,-0.897057
1610.832000,-0.976164
1610.833000,-1.173339
1610.834000,-1.320985
1610.835000,-1.341461
1610.836000,-1.203495
1610.837000,-1.328096
1610.838000,-1.192972
1610.839000,-1.365137
1610.840000,-1.345484
1610.841000,-1.328909
1610.842000,-1.156679
1610.843000,-1.175216
1610.844000,-1.337946
1610.845000,-1.345843
1610.846000,-1.067624
1610.847000,-0.955717
1610.848000,-0.853073
1610.849000,-0.696490
1610.850000,-0.656371
1610.851000,-0.906587
1610.852000,-1.058793
1610.853000,-0.999595
1610.854000,-1.119764
1610.855000,-1.064660
1610.856000,-1.007582
1610.857000,-1.002616
1610.858000,-0.874929
1610.859000,-0.928890
1610.860000,-0.932875
1610.861000,-0.864974
1610.862000,-0.835223
1610.863000,-0.732378
1610.864000,-0.702804
1610.865000,-0.510918
1610.866000,-0.234981
1610.867000,-0.062658
1610.868000,-0.135534
1610.869000,-0.019476
1610.870000,0.072742
1610.871000,0.131284
1610.872000,0.244469
1610.873000,0.278314
1610.874000,0.297402
1610.875000,0.255734
1610.876000,0.190462
1610.877000,0.110307
1610.878000,0.028820
1610.879000,-0.030996
1610.880000,-0.021896
1610.881000,-0.077973
1610.882000,-0.062090
1610.883000,-0.105855
1610.884000,-0.036606
1610.885000,-0.183874
1610.886000,-0.188272
1610.887000,-0.014459
1610.888000,0.047205
1610.889000,0.192585
1610.890000,0.471480
1610.891000,0.586156
1610.892000,0.569784
1610.893000,0.560917
1610.894000,0.553346
1610.895000,0.526991
1610.896000,0.474025
1610.897000,0.288585
1610.898000,0.325154
1610.899000,0.209918
1610.900000,0.009094
1610.901000,-0.093356
1610.902000,0.129184
1610.903000,0.048498
1610.904000,0.182711
1610.905000,0.243129
1610.906000,0.206706
1610.907000,-0.003458
1610.908000,-0.308172
1610.909000,-0.550450
1610.910000,-0.648372
1610.911000,-0.663303
1610.912000,-0.743292
1610.913000,-0.708856
1610.914000,-0.807551
1610.915000,-0.850245
1610.916000,-1.005311
1610.917000,-0.878896
1610.918000,-0.783328
1610.919000,-0.689048
1610.920000,-0.678244
1610.921000,-0.496510
1610.922000,-0.518881
1610.923000,-0.498754
1610.924000,-0.419827
1610.925000,-0.401186
1610.926000,-0.481145
1610.927000,-0.450953
1610.928000,-0.241503
1610.929000,-0.136352
1610.930000,-0.049218
1610.931000,-0.169132
1610.932000,-0.051168
1610.933000,0.000799
1610.934000,0.016504
1610.935000,-0.044204
1610.936000,0.070250
1610.937000,0.229338
1610.938000,0.258019
1610.939000,0.154914
1610.940000,0.194304
1610.941000,0.243428
1610.942000,0.102420
1610.943000,0.149660
1610.944000,0.196829
1610.945000,0.162911
1610.946000,0.212421
1610.947000,0.124554
1610.948000,0.228876
1610.949000,0.191420
1610.950000,0.303997
1610.951000,0.248660
1610.952000,0.358138
1610.953000,0.279752
1610.954000,0.428811
1610.955000,0.367768
1610.956000,0.348516
1610.957000,0.263935
1610.958000,0.215640
1610.959000,0.218092
1610.960000,0.278243
1610.961000,0.305841
1610.962000,0.567583
1610.963000,0.716307
1610.964000,0.671480
1610.965000,0.548096
1610.966000,0.663492
1610.967000,0.744420
1610.968000,0.955826
1610.969000,0.937523
1610.970000,0.690508
1610.971000,0.688646
1610.972000,0.563670
1610.973000,0.595564
1610.974000,0.559035
1610.975000,0.622572
1610.976000,0.742537
1610.977000,0.549347
1610.978000,0.539313
1610.979000,0.428394
1610.980000,0.355403
1610.981000,0.306203
1610.982000,0.320735
1610.983000,0.495948
1610.984000,0.611733
1610.985000,0.495102
1610.986000,0.490565
1610.987000,0.541305
1610.988000,0.698026
1610.989000,0.788596
1610.990000,0.894956
1610.991000,0.850048
1610.992000,0.889075
1610.993000,0.956053
1610.994000,0.778098
1610.995000,0.772514
1610.996000,0.859683
1610.997000,0.785407
1610.998000,0.920513
1610.999000,1.029871
1611.000000,1.113591
1611.001000,1.069369
1611.002000,0.848998
1611.003000,0.707228
1611.004000,0.663445
1611.005000,0.612050
1611.006000,0.595119
1611.007000,0.592989
1611.008000,0.631446
1611.009000,0.561104
1611.010000,0.652560
1611.011000,0.578591
1611.012000,0.624925
1611.013000,0.374052
1611.014000,0.321378
1611.015000,0.119835
1611.016000,0.123873
1611.017000,0.237067
1611.018000,0.162343
1611.019000,0.169755
1611.020000,0.157155
1611.021000,0.265861
1611.022000,0.053850
1611.023000,-0.081068
1611.024000,-0.059182
1611.025000,-0.054758
1611.026000,-0.147441
1611.027000,-0.068252
1611.028000,-0.145355
1611.029000,-0.166891
1611.030000,-0.043976
1611.031000,0.083640
1611.032000,0.330294
1611.033000,0.208560
1611.034000,0.340808
1611.035000,0.338770
1611.036000,0.496090
1611.037000,0.402070
1611.038000,0.268078
1611.039000,0.170835
1611.040000,0.208015
1611.041000,0.265343
1611.042000,0.277733
1611.043000,0.408991
1611.044000,0.408828
1611.045000,0.302144
1611.046000,0.180287
1611.047000,0.158441
1611.048000,0.276383
1611.049000,0.302976
1611.050000,0.462177
1611.051000,0.394427
1611.052000,0.504101
1611.053000,0.570835
1611.054000,0.523947
1611.055000,0.656814
1611.056000,0.729641
1611.057000,0.569548
1611.058000,0.497922
1611.059000,0.430428
1611.060000,0.411416
1611.061000,0.281303
1611.062000,0.344689
1611.063000,0.390056
1611.064000,0.365478
1611.065000,0.373246
1611.066000,0.525837
1611.067000,0.436993
1611.068000,0.316592
1611.069000,0.309155
1611.070000,0.281873
1611.071000,0.285619
1611.072000,0.139823
1611.073000,0.102348
1611.074000,0.152680
1611.075000,0.104757
1611.076000,0.002326
1611.077000,-0.155102
1611.078000,-0.118031
1611.079000,-0.065524
1611.080000,-0.156026
1611.081000,-0.253800
1611.082000,-0.179900
1611.083000,-0.248369
1611.084000,-0.317282
1611.085000,-0.169380
1611.086000,-0.138267
1611.087000,-0.262600
1611.088000,-0.309392
1611.089000,-0.364924
1611.090000,-0.439401
1611.091000,-0.400292
1611.092000,-0.482169
1611.093000,-0.678389
1611.094000,-0.676336
1611.095000,-0.407447
1611.096000,-0.340780
1611.097000,-0.192198
1611.098000,-0.103314
1611.099000,-0.210899
1611.100000,-0.248089
1611.101000,-0.276953
1611.102000,-0.147155
1611.103000,-0.072798
1611.104000,0.117712
1611.105000,0.068824
1611.106000,-0.001225
1611.107000,0.035894
1611.108000,0.027748
1611.109000,0.100848
1611.110000,0.138919
1611.111000,0.192257
1611.112000,0.135480
1611.113000,0.128739
1611.114000,0.080692
1611.115000,0.208779
1611.116000,0.318322
1611.117000,0.435450
1611.118000,0.443816
1611.119000,0.372500
1611.120000,0.379784
1611.121000,0.310750
1611.122000,0.350120
1611.123000,0.515038
1611.124000,0.583514
1611.125000,0.483385
1611.126000,0.542054
1611.127000,0.575514
1611.128000,0.677223
1611.129000,0.394868
1611.130000,0.459601
1611.131000,0.421853
1611.132000,0.415194
1611.133000,0.509159
1611.134000,0.570202
1611.135000,0.531871
1611.136000,0.185800
1611.137000,-0.009550
1611.138000,-0.016781
1611.139000,-0.040092
1611.140000,-0.013030
1611.141000,-0.027908
1611.142000,0.018915
1611.143000,-0.248615
1611.144000,-0.352669
1611.145000,-0.404023
1611.146000,-0.306107
1611.147000,-0.248423
1611.148000,-0.300894
1611.149000,-0.297550
1611.150000,-0.123209
1611.151000,-0.001358
1611.152000,-0.121514
1611.153000,-0.103032
1611.154000,-0.006682
1611.155000,0.001371
1611.156000,-0.002089
1611.157000,0.044385
1611.158000,0.202569
1611.159000,-0.018826
1611.160000,-0.067343
1611.161000,-0.088786
1611.162000,-0.099616
1611.163000,-0.174112
1611.164000,-0.264579
1611.165000,-0.193839
1611.166000,-0.127608
1611.167000,-0.182931
1611.168000,-0.284558
1611.169000,-0.313610
1611.170000,-0.246496
1611.171000,-0.147834
1611.172000,-0.321856
1611.173000,-0.433041
1611.174000,-0.508317
1611.175000,-0.390890
1611.176000,-0.290993
1611.177000,-0.301072
1611.178000,-0.353833
1611.179000,-0.514108
1611.180000,-0.734597
1611.181000,-0.733233
1611.182000,-0.742740
1611.183000,-0.809898
1611.184000,-0.734321
1611.185000,-0.757957
1611.186000,-0.652164
1611.187000,-0.630082
1611.188000,-0.387637
1611.189000,-0.332456
1611.190000,-0.446426
1611.191000,-0.496677
1611.192000,-0.410487
1611.193000,-0.262017
1611.194000,-0.299523
1611.195000,-0.349017
1611.196000,-0.237124
1611.197000,-0.384591
1611.198000,-0.367822
1611.199000,-0.339293
1611.200000,-0.409132
1611.201000,-0.218800
1611.202000,-0.417073
1611.203000,-0.369204
1611.204000,-0.221892
1611.205000,-0.204407
1611.206000,-0.418873
1611.207000,-0.372690
1611.208000,-0.276435
1611.209000,-0.176914
1611.210000,-0.079492
1611.211000,-0.207854
1611.212000,-0.142295
1611.213000,-0.105830
1611.214000,-0.033278
1611.215000,0.058626
1611.216000,0.095397
1611.217000,0.220583
1611.218000,0.140879
1611.219000,0.062099
1611.220000,0.123869
1611.221000,0.104579
1611.222000,0.039953
1611.223000,0.289070
1611.224000,0.301903
1611.225000,0.311720
1611.226000,0.368971
1611.227000,0.320240
1611.228000,0.221210
1611.229000,0.241345
1611.230000,0.288168
1611.231000,0.261618
1611.232000,0.223484
1611.233000,0.120892
1611.234000,0.047322
1611.235000,-0.001709
1611.236000,-0.132240
1611.237000,-0.263633
1611.238000,-0.314796
1611.239000,-0.303026
1611.240000,-0.092452
1611.241000,-0.082327
1611.242000,-0.103063
1611.243000,-0.141386
1611.244000,-0.003851
1611.245000,0.108424
1611.246000,0.154863
1611.247000,0.370458
1611.248000,0.374456
1611.249000,0.402018
1611.250000,0.481229
1611.251000,0.392037
1611.252000,0.385621
1611.253000,0.474732
1611.254000,0.478352
1611.255000,0.485548
1611.256000,0.465046
1611.257000,0.408407
1611.258000,0.292054
1611.259000,0.145986
1611.260000,0.226175
1611.261000,0.259973
1611.262000,0.203404
1611.263000,0.258958
1611.264000,0.122686
1611.265000,0.084215
1611.266000,-0.029136
1611.267000,0.133727
1611.268000,-0.149527
1611.269000,-0.046979
1611.270000,-0.136757
1611.271000,-0.400554
1611.272000,-0.253663
1611.273000,-0.502134
1611.274000,-0.585692
1611.275000,-0.633009
1611.276000,-0.556497
1611.277000,-0.610432
1611.278000,-0.683468
1611.279000,-0.609794
1611.280000,-0.466291
1611.281000,-0.498160
1611.282000,-0.565450
1611.283000,-0.514223
1611.284000,-0.693605
1611.285000,-0.551852
1611.286000,-0.535488
1611.287000,-0.591011
1611.288000,-0.572374
1611.289000,-0.577979
1611.290000,-0.658610
1611.291000,-0.642587
1611.292000,-0.331962
1611.293000,-0.259153
1611.294000,-0.223427
1611.295000,-0.268649
1611.296000,-0.264614
1611.297000,-0.239354
1611.298000,-0.233548
1611.299000,-0.479730
1611.300000,-0.450118
1611.301000,-0.528027
1611.302000,-0.550855
1611.303000,-0.473516
1611.304000,-0.569126
1611.305000,-0.568613
1611.306000,-0.401540
1611.307000,-0.219702
1611.308000,-0.056228
1611.309000,-0.053530
1611.310000,0.005611
1611.311000,0.029841
1611.312000,0.129890
1611.313000,0.106040
1611.314000,0.056484
1611.315000,-0.044475
1611.316000,-0.073836
1611.317000,-0.155728
1611.318000,-0.273453
1611.319000,-0.294131
1611.320000,-0.254930
1611.321000,-0.218761
1611.322000,-0.381884
1611.323000,-0.296608
1611.324000,-0.185151
1611.325000,0.078988
1611.326000,-0.035115
1611.327000,0.066348
1611.328000,0.123054
1611.329000,0.065842
1611.330000,0.032213
1611.331000,-0.110487
1611.332000,-0.334585
1611.333000,-0.392030
1611.334000,-0.306083
1611.335000,-0.239688
1611.336000,-0.232626
1611.337000,-0.336259
1611.338000,-0.414549
1611.339000,-0.490043
1611.340000,-0.315679
1611.341000,-0.393036
1611.342000,-0.384542
1611.343000,-0.374444
1611.344000,-0.374010
1611.345000,-0.420959
1611.346000,-0.473424
1611.347000,-0.490603
1611.348000,-0.615816
1611.349000,-0.616161
1611.350000,-0.604512
1611.351000,-0.540424
1611.352000,-0.592493
1611.353000,-0.564640
1611.354000,-0.422913
1611.355000,-0.278753
1611.356000,-0.271331
1611.357000,-0.244909
1611.358000,-0.212625
1611.359000,-0.054455
1611.360000,0.071637
1611.361000,0.061134
1611.362000,0.162052
1611.363000,0.198859
1611.364000,0.357093
1611.365000,0.462654
1611.366000,0.381791
1611.367000,0.338787
1611.368000,0.455980
1611.369000,0.491263
1611.370000,0.496530
1611.371000,0.586106
1611.372000,0.614136
1611.373000,0.536375
1611.374000,0.654201
1611.375000,0.796089
1611.376000,0.876913
1611.377000,0.936152
1611.378000,0.769528
1611.379000,0.839305
1611.380000,0.663469
1611.381000,0.807636
1611.382000,0.692967
1611.383000,0.753421
1611.384000,0.794397
1611.385000,0.872276
1611.386000,0.675698
1611.387000,0.752685
1611.388000,0.898427
1611.389000,0.878971
1611.390000,0.673280
1611.391000,0.618069
1611.392000,0.784389
1611.393000,0.777666
1611.394000,0.739214
1611.395000,0.897358
1611.396000,0.905126
1611.397000,0.907302
1611.398000,0.849228
1611.399000,0.895205
1611.400000,0.916528
1611.401000,1.055247
1611.402000,1.176494
1611.403000,1.075499
1611.404000,1.094488
1611.405000,1.047493
1611.406000,0.981780
1611.407000,0.892149
1611.408000,0.864620
1611.409000,0.882884
1611.410000,0.702005
1611.411000,0.773756
1611.412000,0.756109
1611.413000,0.773573
1611.414000,0.702718
1611.415000,0.587221
1611.416000,0.774193
1611.417000,1.011822
1611.418000,1.008909
1611.419000,0.856261
1611.420000,0.847520
1611.421000,0.866255
1611.422000,0.892863
1611.423000,0.740439
1611.424000,0.646218
1611.425000,0.975842
1611.426000,0.957590
1611.427000,0.885245
1611.428000,0.850667
1611.429000,0.716446
1611.430000,0.799989
1611.431000,0.918554
1611.432000,0.999313
1611.433000,0.931383
1611.434000,1.050824
1611.435000,0.855745
1611.436000,0.751692
1611.437000,0.637950
1611.438000,0.358941
1611.439000,0.245688
1611.440000,0.228860
1611.441000,0.068801
1611.442000,0.030993
1611.443000,-0.000404
1611.444000,-0.143677
1611.445000,-0.167190
1611.446000,-0.031170
1611.447000,-0.017816
1611.448000,0.039928
1611.449000,0.066022
1611.450000,0.036416
1611.451000,0.039364
1611.452000,-0.024180
1611.453000,-0.134627
1611.454000,-0.138974
1611.455000,-0.087718
1611.456000,0.014716
1611.457000,-0.092216
1611.458000,0.045128
1611.459000,0.169730
1611.460000,0.270055
1611.461000,0.084570
1611.462000,0.019676
1611.463000,0.111976
1611.464000,0.165293
1611.465000,0.186875
1611.466000,0.318212
1611.467000,0.291624
1611.468000,0.303813
1611.469000,0.291738
1611.470000,0.212618
1611.471000,0.142780
1611.472000,0.137380
1611.473000,0.149777
1611.474000,0.201140
1611.475000,0.149262
1611.476000,0.340206
1611.477000,0.227268
1611.478000,0.421739
1611.479000,0.371211
1611.480000,0.267159
1611.481000,0.454945
1611.482000,0.456269
1611.483000,0.665231
1611.484000,0.682599
1611.485000,0.623984
1611.486000,0.501749
1611.487000,0.502416
1611.488000,0.435038
1611.489000,0.250250
1611.490000,0.206367
1611.491000,0.195591
1611.492000,0.121249
1611.493000,0.026614
1611.494000,0.073025
1611.495000,0.137166
1611.496000,0.227320
1611.497000,-0.006216
1611.498000,-0.074442
1611.499000,-0.099277
1611.500000,-0.034545
1611.501000,-0.112637
1611.502000,-0.182746
1611.503000,-0.227360
1611.504000,-0.296606
1611.505000,-0.361899
1611.506000,-0.438983
1611.507000,-0.559613
1611.508000,-0.509701
1611.509000,-0.338771
1611.510000,-0.358041
1611.511000,-0.273325
1611.512000,-0.230211
1611.513000,-0.392110
1611.514000,-0.491583
1611.515000,-0.451789
1611.516000,-0.514579
1611.517000,-0.602652
1611.518000,-0.571777
1611.519000,-0.705417
1611.520000,-0.563580
1611.521000,-0.665789
1611.522000,-0.708432
1611.523000,-0.662743
1611.524000,-0.790231
1611.525000,-0.790607
1611.526000,-0.847644
1611.527000,-0.872994
1611.528000,-0.897922
1611.529000,-0.737582
1611.530000,-0.724644
1611.531000,-0.592394
1611.532000,-0.512658
1611.533000,-0.661687
1611.534000,-0.462853
1611.535000,-0.320893
1611.536000,-0.291432
1611.537000,-0.207950
1611.538000,-0.172942
1611.539000,-0.217932
1611.540000,-0.212517
1611.541000,-0.081977
1611.542000,-0.034661
1611.543000,-0.061594
1611.544000,-0.071262
1611.545000,-0.080376
1611.546000,0.056814
1611.547000,-0.039513
1611.548000,-0.219000
1611.549000,-0.231428
1611.550000,-0.263608
1611.551000,-0.304732
1611.552000,-0.367293
1611.553000,-0.358461
1611.554000,-0.563824
1611.555000,-0.654506
1611.556000,-0.684264
1611.557000,-0.572132
1611.558000,-0.517042
1611.559000,-0.477380
1611.560000,-0.541778
1611.561000,-0.448089
1611.562000,-0.568367
1611.563000,-0.680192
1611.564000,-0.645665
1611.565000,-0.676290
1611.566000,-0.517233
1611.567000,-0.491178
1611.568000,-0.252465
1611.569000,-0.299476
1611.570000,-0.367970
1611.571000,-0.451790
1611.572000,-0.438024
1611.573000,-0.282795
1611.574000,-0.018073
1611.575000,0.009369
1611.576000,0.131570
1611.577000,0.011779
1611.578000,-0.109418
1611.579000,-0.032832
1611.580000,-0.025508
1611.581000,0.067507
1611.582000,0.057902
1611.583000,0.070724
1611.584000,0.180183
1611.585000,0.062148
1611.586000,0.028302
1611.587000,0.193442
1611.588000,0.088685
1611.589000,0.056557
1611.590000,0.022344
1611.591000,-0.039782
1611.592000,-0.071801
1611.593000,-0.063389
1611.594000,-0.119013
1611.595000,-0.115462
1611.596000,-0.217137
1611.597000,-0.460473
1611.598000,-0.559327
1611.599000,-0.676475
1611.600000,-0.623723
1611.601000,-0.535299
1611.602000,-0.653662
1611.603000,-0.721979
1611.604000,-0.546281
1611.605000,-0.334559
1611.606000,-0.476204
1611.607000,-0.213301
1611.608000,-0.477523
1611.609000,-0.283882
1611.610000,-0.176255
1611.611000,-0.252252
1611.612000,-0.111015
1611.613000,0.039740
1611.614000,0.133088
1611.615000,0.158311
1611.616000,0.025383
1611.617000,-0.112950
1611.618000,-0.100935
1611.619000,-0.228502
1611.620000,-0.104785
1611.621000,0.103804
1611.622000,0.008477
1611.623000,0.085790
1611.624000,0.099693
1611.625000,0.123863
1611.626000,0.049207
1611.627000,-0.023592
1611.628000,-0.056155
1611.629000,0.016734
1611.630000,-0.039490
1611.631000,0.108774
1611.632000,0.015897
1611.633000,0.208684
1611.634000,0.115266
1611.635000,0.065055
1611.636000,0.147286
1611.637000,0.127671
1611.638000,0.201035
1611.639000,0.054564
1611.640000,0.027590
1611.641000,0.093790
1611.642000,0.060577
1611.643000,0.030509
1611.644000,0.057379
1611.645000,0.068791
1611.646000,0.108379
1611.647000,0.092542
1611.648000,0.127530
1611.649000,0.110572
1611.650000,0.051205
1611.651000,0.141435
1611.652000,0.142363
1611.653000,0.286629
1611.654000,0.294308
1611.655000,0.282862
1611.656000,0.247093
1611.657000,0.228180
1611.658000,0.146559
1611.659000,0.048621
1611.660000,-0.009722
1611.661000,-0.063226
1611.662000,-0.061269
1611.663000,-0.198252
1611.664000,-0.209472
1611.665000,-0.333434
1611.666000,-0.324988
1611.667000,-0.268862
1611.668000,-0.419735
1611.669000,-0.468221
1611.670000,-0.405704
1611.671000,-0.477227
1611.672000,-0.444857
1611.673000,-0.433470
1611.674000,-0.588569
1611.675000,-0.699362
1611.676000,-0.644834
1611.677000,-0.848517
1611.678000,-0.870246
1611.679000,-0.873478
1611.680000,-0.643591
1611.681000,-0.489546
1611.682000,-0.542258
1611.683000,-0.719281
1611.684000,-0.676910
1611.685000,-0.806098
1611.686000,-0.739424
1611.687000,-0.745912
1611.688000,-0.706575
1611.689000,-0.699258
1611.690000,-0.654277
1611.691000,-0.687747
1611.692000,-0.804151
1611.693000,-0.773890
1611.694000,-0.730080
1611.695000,-0.695933
1611.696000,-0.730895
1611.697000,-0.776756
1611.698000,-0.804270
1611.699000,-0.639146
1611.700000,-0.570732
1611.701000,-0.499595
1611.702000,-0.444450
1611.703000,-0.408411
1611.704000,-0.513307
1611.705000,-0.661486
1611.706000,-0.696858
1611.707000,-0.620573
1611.708000,-0.596572
1611.709000,-0.562169
1611.710000,-0.557447
1611.711000,-0.664522
1611.712000,-0.567474
1611.713000,-0.427048
1611.714000,-0.355132
1611.715000,-0.346440
1611.716000,-0.345287
1611.717000,-0.268385
1611.718000,-0.327890
1611.719000,-0.324556
1611.720000,-0.271886
1611.721000,-0.320375
1611.722000,-0.348990
1611.723000,-0.363493
1611.724000,-0.431941
1611.725000,-0.507987
1611.726000,-0.304519
1611.727000,-0.198106
1611.728000,-0.345224
1611.729000,-0.366658
1611.730000,-0.104880
1611.731000,-0.027354
1611.732000,0.035538
1611.733000,0.101190
1611.734000,0.038070
1611.735000,0.016069
1611.736000,0.045648
1611.737000,0.167652
1611.738000,0.239499
1611.739000,0.267501
1611.740000,0.057953
1611.741000,0.056128
1611.742000,0.158345
1611.743000,0.301519
1611.744000,0.414056
1611.745000,0.316667
1611.746000,0.275430
1611.747000,0.234032
1611.748000,0.315386
1611.749000,0.255579
1611.750000,0.410412
1611.751000,0.605281
1611.752000,0.581115
1611.753000,0.609400
1611.754000,0.599328
1611.755000,0.766022
1611.756000,0.749081
1611.757000,0.820034
1611.758000,1.017158
1611.759000,0.821407
1611.760000,0.797826
1611.761000,0.895444
1611.762000,0.744069
1611.763000,0.773556
1611.764000,0.866772
1611.765000,0.816753
1611.766000,0.747988
1611.767000,0.728961
1611.768000,0.755033
1611.769000,0.730474
1611.770000,0.520548
1611.771000,0.391942
1611.772000,0.268075
1611.773000,0.560109
1611.774000,0.461139
1611.775000,0.546226
1611.776000,0.427421
1611.777000,0.405705
1611.778000,0.487398
1611.779000,0.428921
1611.780000,0.338409
1611.781000,0.386761
1611.782000,0.226739
1611.783000,0.262675
1611.784000,0.031055
1611.785000,-0.048805
1611.786000,0.081753
1611.787000,0.195075
1611.788000,0.124648
1611.789000,0.181264
1611.790000,0.049879
1611.791000,0.135327
1611.792000,0.187907
1611.793000,0.318185
1611.794000,0.442472
1611.795000,0.464832
1611.796000,0.463173
1611.797000,0.380692
1611.798000,0.292699
1611.799000,0.290916
1611.800000,0.085455
1611.801000,0.141981
1611.802000,0.010812
1611.803000,0.179189
1611.804000,0.421887
1611.805000,0.504270
1611.806000,0.688500
1611.807000,0.687764
1611.808000,0.767030
1611.809000,0.671036
1611.810000,0.578979
1611.811000,0.555193
1611.812000,0.554596
1611.813000,0.475067
1611.814000,0.397626
1611.815000,0.221908
1611.816000,0.246270
1611.817000,0.360271
1611.818000,0.273026
1611.819000,0.325400
1611.820000,0.318269
1611.821000,0.361945
1611.822000,0.231328
1611.823000,0.268092
1611.824000,0.091648
1611.825000,-0.134904
1611.826000,-0.167561
1611.827000,-0.159354
1611.828000,0.128599
1611.829000,0.293579
1611.830000,0.294803
1611.831000,0.328203
1611.832000,0.313173
1611.833000,0.315368
1611.834000,0.226182
1611.835000,-0.029413
1611.836000,-0.160787
1611.837000,-0.181634
1611.838000,-0.047483
1611.839000,-0.023475
1611.840000,-0.105845
1611.841000,0.030793
1611.842000,0.033585
1611.843000,0.127082
1611.844000,0.118167
1611.845000,0.042996
1611.846000,-0.123327
1611.847000,-0.223234
1611.848000,-0.306327
1611.849000,-0.279907
1611.850000,-0.402090
1611.851000,-0.380960
1611.852000,-0.446770
1611.853000,-0.580568
1611.854000,-0.545823
1611.855000,-0.496394
1611.856000,-0.563538
1611.857000,-0.832188
1611.858000,-0.898917
1611.859000,-1.051659
1611.860000,-1.000670
1611.861000,-1.026963
1611.862000,-1.056386
1611.863000,-0.920661
1611.864000,-0.774386
1611.865000,-0.840571
1611.866000,-0.715485
1611.867000,-0.693906
1611.868000,-0.478435
1611.869000,-0.672664
1611.870000,-0.729312
1611.871000,-0.684360
1611.872000,-0.748731
1611.873000,-0.727839
1611.874000,-0.551075
1611.875000,-0.580197
1611.876000,-0.629372
1611.877000,-0.398508
1611.878000,-0.428540
1611.879000,-0.390077
1611.880000,-0.359398
1611.881000,-0.198845
1611.882000,-0.081184
1611.883000,-0.208456
1611.884000,-0.140688
1611.885000,0.064255
1611.886000,0.167733
1611.887000,0.135021
1611.888000,0.100472
1611.889000,0.035821
1611.890000,-0.002872
1611.891000,-0.146383
1611.892000,-0.234670
1611.893000,-0.238910
1611.894000,-0.459600
1611.895000,-0.524557
1611.896000,-0.451629
1611.897000,-0.482230
1611.898000,-0.633708
1611.899000,-0.341219
1611.900000,-0.338454
1611.901000,-0.326417
1611.902000,-0.215394
1611.903000,-0.381600
1611.904000,-0.359068
1611.905000,-0.395952
1611.906000,-0.466689
1611.907000,-0.352054
1611.908000,-0.144569
1611.909000,-0.163086
1611.910000,-0.003369
1611.911000,-0.105782
1611.912000,0.025158
1611.913000,-0.220797
1611.914000,-0.385549
1611.915000,-0.307169
1611.916000,-0.296091
1611.917000,-0.279169
1611.918000,-0.247497
1611.919000,-0.274270
1611.920000,-0.148671
1611.921000,-0.231532
1611.922000,-0.214861
1611.923000,-0.236937
1611.924000,-0.140063
1611.925000,-0.150419
1611.926000,-0.119077
1611.927000,-0.050611
1611.928000,-0.061815
1611.929000,-0.135059
1611.930000,-0.021384
1611.931000,0.007082
1611.932000,-0.056805
1611.933000,0.019607
1611.934000,0.038943
1611.935000,-0.190655
1611.936000,-0.087417
1611.937000,0.027582
1611.938000,0.052851
1611.939000,0.043595
1611.940000,-0.021827
1611.941000,0.094910
1611.942000,-0.094943
1611.943000,-0.021164
1611.944000,-0.230381
1611.945000,-0.290430
1611.946000,-0.287200
1611.947000,-0.252765
1611.948000,-0.234019
1611.949000,-0.142118
1611.950000,-0.078728
1611.951000,-0.030630
1611.952000,-0.007402
1611.953000,-0.093016
1611.954000,-0.227439
1611.955000,-0.269992
1611.956000,-0.142369
1611.957000,-0.093300
1611.958000,-0.091591
1611.959000,-0.097143
1611.960000,-0.083623
1611.961000,0.076378
1611.962000,0.070947
1611.963000,0.021354
1611.964000,0.059005
1611.965000,0.009600
1611.966000,0.136628
1611.967000,-0.069984
1611.968000,-0.042210
1611.969000,-0.094174
1611.970000,0.011031
1611.971000,-0.003803
1611.972000,0.079569
1611.973000,0.187607
1611.974000,0.269919
1611.975000,0.312675
1611.976000,0.285105
1611.977000,0.271314
1611.978000,0.232995
1611.979000,0.058375
1611.980000,0.266353
1611.981000,0.182309
1611.982000,0.144469
1611.983000,0.212337
1611.984000,0.267933
1611.985000,0.180470
1611.986000,0.186519
1611.987000,0.259217
1611.988000,0.260651
1611.989000,0.186050
1611.990000,0.166425
1611.991000,0.242255
1611.992000,0.344893
1611.993000,0.291170
1611.994000,0.405539
1611.995000,0.511074
1611.996000,0.457098
1611.997000,0.442606
1611.998000,0.348380
1611.999000,0.135980
1612.000000,0.270694
1612.001000,0.228376
1612.002000,0.175214
1612.003000,0.182552
1612.004000,0.269933
1612.005000,0.381508
1612.006000,0.426330
1612.007000,0.504191
1612.008000,0.625925
1612.009000,0.750984
1612.010000,0.858067
1612.011000,0.746961
1612.012000,0.840390
1612.013000,0.901209
1612.014000,0.798785
1612.015000,0.736439
1612.016000,0.703998
1612.017000,0.798800
1612.018000,0.737107
1612.019000,0.667695
1612.020000,0.777576
1612.021000,0.782969
1612.022000,0.675810
1612.023000,0.916336
1612.024000,0.807638
1612.025000,0.883837
1612.026000,0.972916
1612.027000,1.133976
1612.028000,1.105476
1612.029000,1.148271
1612.030000,1.224071
1612.031000,1.378837
1612.032000,1.297260
1612.033000,1.410328
1612.034000,1.334826
1612.035000,1.425038
1612.036000,1.503092
1612.037000,1.450398
1612.038000,1.424310
1612.039000,1.310503
1612.040000,1.312816
1612.041000,1.269810
1612.042000,1.208543
1612.043000,1.055598
1612.044000,0.999027
1612.045000,0.898970
1612.046000,1.093090
1612.047000,0.833593
1612.048000,0.856777
1612.049000,0.648706
1612.050000,0.496656
1612.051000,0.406740
1612.052000,0.463051
1612.053000,0.483582
1612.054000,0.530019
1612.055000,0.405922
1612.056000,0.390800
1612.057000,0.335927
1612.058000,0.127452
1612.059000,-0.016843
1612.060000,-0.019315
1612.061000,-0.121406
1612.062000,-0.166190
1612.063000,-0.050936
1612.064000,-0.043645
1612.065000,-0.114360
1612.066000,-0.153063
1612.067000,-0.122437
1612.068000,-0.033139
1612.069000,0.001709
1612.070000,-0.098077
1612.071000,0.077006
1612.072000,0.054618
1612.073000,0.009357
1612.074000,-0.107583
1612.075000,-0.081096
1612.076000,-0.194867
1612.077000,-0.098129
1612.078000,0.050536
1612.079000,-0.107383
1612.080000,-0.140766
1612.081000,-0.156970
1612.082000,-0.368021
1612.083000,-0.441946
1612.084000,-0.510352
1612.085000,-0.563489
1612.086000,-0.630694
1612.087000,-0.677837
1612.088000,-0.726580
1612.089000,-0.564386
1612.090000,-0.599103
1612.091000,-0.549662
1612.092000,-0.704043
1612.093000,-0.636405
1612.094000,-0.527767
1612.095000,-0.528899
1612.096000,-0.732422
1612.097000,-0.651977
1612.098000,-0.857864
1612.099000,-0.854119
1612.100000,-0.783829
1612.101000,-0.871569
1612.102000,-0.755508
1612.103000,-0.726885
1612.104000,-0.704323
1612.105000,-0.946340
1612.106000,-0.961670
1612.107000,-1.066440
1612.108000,-0.990984
1612.109000,-1.063915
1612.110000,-0.956267
1612.111000,-1.056815
1612.112000,-1.069582
1612.113000,-1.009839
1612.114000,-1.060705
1612.115000,-1.156161
1612.116000,-1.170022
1612.117000,-1.178535
1612.118000,-1.053673
1612.119000,-0.988844
1612.120000,-0.927859
1612.121000,-0.709659
1612.122000,-0.591132
1612.123000,-0.842524
1612.124000,-0.712253
1612.125000,-0.558203
1612.126000,-0.650719
1612.127000,-0.800802
1612.128000,-0.778598
1612.129000,-0.698386
1612.130000,-0.771779
1612.131000,-0.833198
1612.132000,-0.960163
1612.133000,-0.916408
1612.134000,-0.812894
1612.135000,-0.679751
1612.136000,-0.670822
1612.137000,-0.678608
1612.138000,-0.647848
1612.139000,-0.500234
1612.140000,-0.452919
1612.141000,-0.612751
1612.142000,-0.475698
1612.143000,-0.542303
1612.144000,-0.666910
1612.145000,-0.628163
1612.146000,-0.844365
1612.147000,-0.844870
1612.148000,-0.776397
1612.149000,-0.893963
1612.150000,-0.784288
1612.151000,-0.709661
1612.152000,-0.590129
1612.153000,-0.545402
1612.154000,-0.461679
1612.155000,-0.464766
1612.156000,-0.414232
1612.157000,-0.375982
1612.158000,-0.330078
1612.159000,-0.326767
1612.160000,-0.149625
1612.161000,-0.169136
1612.162000,-0.181716
1612.163000,-0.376203
1612.164000,-0.455626
1612.165000,-0.450678
1612.166000,-0.712855
1612.167000,-0.694546
1612.168000,-0.696813
1612.169000,-0.768849
1612.170000,-0.690232
1612.171000,-0.668342
1612.172000,-0.687103
1612.173000,-0.725198
1612.174000,-0.742986
1612.175000,-0.766985
1612.176000,-0.788904
1612.177000,-0.794948
1612.178000,-0.763953
1612.179000,-0.639163
1612.180000,-0.597515
1612.181000,-0.591192
1612.182000,-0.731360
1612.183000,-0.646239
1612.184000,-0.589177
1612.185000,-0.482092
1612.186000,-0.321886
1612.187000,-0.291306
1612.188000,-0.237270
1612.189000,-0.206832
1612.190000,-0.343041
1612.191000,-0.150559
1612.192000,-0.211963
1612.193000,-0.222468
1612.194000,-0.153419
1612.195000,-0.098075
1612.196000,-0.076000
1612.197000,-0.160092
1612.198000,-0.151206
1612.199000,-0.198615
1612.200000,-0.376340
1612.201000,-0.500103
1612.202000,-0.497429
1612.203000,-0.551493
1612.204000,-0.388175
1612.205000,-0.547299
1612.206000,-0.626244
1612.207000,-0.474211
1612.208000,-0.398161
1612.209000,-0.375503
1612.210000,-0.484184
1612.211000,-0.595498
1612.212000,-0.545250
1612.213000,-0.608560
1612.214000,-0.586123
1612.215000,-0.604973
1612.216000,-0.710226
1612.217000,-0.737500
1612.218000,-0.762334
1612.219000,-0.799880
1612.220000,-0.697714
1612.221000,-0.589170
1612.222000,-0.584778
1612.223000,-0.748290
1612.224000,-0.655480
1612.225000,-0.753852
1612.226000,-0.805428
1612.227000,-0.793189
1612.228000,-0.709078
1612.229000,-0.808835
1612.230000,-0.706385
1612.231000,-0.706112
1612.232000,-0.552283
1612.233000,-0.557759
1612.234000,-0.440234
1612.235000,-0.512280
1612.236000,-0.427460
1612.237000,-0.460106
1612.238000,-0.345710
1612.239000,-0.294583
1612.240000,-0.125803
1612.241000,-0.061524
1612.242000,-0.095278
1612.243000,-0.028518
1612.244000,-0.046509
1612.245000,-0.271591
1612.246000,-0.364087
1612.247000,-0.085622
1612.248000,0.069575
1612.249000,0.263850
1612.250000,0.318226
1612.251000,0.416653
1612.252000,0.460325
1612.253000,0.446306
1612.254000,0.454442
1612.255000,0.620364
1612.256000,0.578268
1612.257000,0.527451
1612.258000,0.529551
1612.259000,0.399523
1612.260000,0.463890
1612.261000,0.585625
1612.262000,0.646054
1612.263000,0.580987
1612.264000,0.596398
1612.265000,0.624598
1612.266000,0.680625
1612.267000,0.679617
1612.268000,0.797823
1612.269000,0.695771
1612.270000,0.821309
1612.271000,0.693585
1612.272000,0.785507
1612.273000,0.684806
1612.274000,0.849952
1612.275000,0.804402
1612.276000,0.985754
1612.277000,0.993970
1612.278000,0.812519
1612.279000,0.774590
1612.280000,0.818655
1612.281000,0.677348
1612.282000,0.593557
1612.283000,0.625980
1612.284000,0.776565
1612.285000,0.814817
1612.286000,0.720678
1612.287000,0.915848
1612.288000,0.999965
1612.289000,0.869967
1612.290000,0.886711
1612.291000,0.932444
1612.292000,0.827305
1612.293000,0.729377
1612.294000,0.552591
1612.295000,0.372019
1612.296000,0.148098
1612.297000,0.046091
1612.298000,0.004131
1612.299000,0.041796
1612.300000,0.046590
1612.301000,0.078353
1612.302000,0.270985
1612.303000,0.187062
1612.304000,0.257317
1612.305000,0.211134
1612.306000,0.348280
1612.307000,0.564488
1612.308000,0.544061
1612.309000,0.527092
1612.310000,0.435449
1612.311000,0.517980
1612.312000,0.384885
1612.313000,0.329507
1612.314000,0.327498
1612.315000,0.247333
1612.316000,-0.026545
1612.317000,0.072132
1612.318000,0.010818
1612.319000,-0.076566
1612.320000,-0.106909
1612.321000,-0.229885
1612.322000,-0.272604
1612.323000,-0.385840
1612.324000,-0.423585
1612.325000,-0.573867
1612.326000,-0.719120
1612.327000,-0.754760
1612.328000,-0.833449
1612.329000,-0.884955
1612.330000,-0.896645
1612.331000,-0.724412
1612.332000,-0.546681
1612.333000,-0.563299
1612.334000,-0.769540
1612.335000,-0.680551
1612.336000,-0.727573
1612.337000,-0.625008
1612.338000,-0.620231
1612.339000,-0.708793
1612.340000,-0.558048
1612.341000,-0.737701
1612.342000,-0.679223
1612.343000,-0.665859
1612.344000,-0.707093
1612.345000,-0.558860
1612.346000,-0.542054
1612.347000,-0.395079
1612.348000,-0.391452
1612.349000,-0.299487
1612.350000,-0.367265
1612.351000,-0.378633
1612.352000,-0.215155
1612.353000,-0.153753
1612.354000,-0.165461
1612.355000,-0.024953
1612.356000,0.046037
1612.357000,0.339865
1612.358000,0.284397
1612.359000,0.196082
1612.360000,0.220974
1612.361000,0.100378
1612.362000,0.244502
1612.363000,0.039439
1612.364000,0.231625
1612.365000,0.197537
1612.366000,0.010262
1612.367000,-0.126270
1612.368000,-0.195120
1612.369000,-0.147665
1612.370000,0.000575
1612.371000,-0.125191
1612.372000,0.028754
1612.373000,0.195736
1612.374000,0.158949
1612.375000,0.294790
1612.376000,0.165159
1612.377000,0.117535
1612.378000,0.158260
1612.379000,0.058106
1612.380000,0.094890
1612.381000,0.251036
1612.382000,0.122361
1612.383000,0.160093
1612.384000,0.333941
1612.385000,0.389026
1612.386000,0.382134
1612.387000,0.342578
1612.388000,0.453764
1612.389000,0.423809
1612.390000,0.548160
1612.391000,0.537927
1612.392000,0.584063
1612.393000,0.485246
1612.394000,0.543308
1612.395000,0.705450
1612.396000,0.758282
1612.397000,0.725582
1612.398000,0.820618
1612.399000,0.897409
1612.400000,0.813370
1612.401000,0.731395
1612.402000,0.577006
1612.403000,0.484288
1612.404000,0.504370
1612.405000,0.499885
1612.406000,0.367209
1612.407000,0.356699
1612.408000,0.413082
1612.409000,0.516053
1612.410000,0.564607
1612.411000,0.511084
1612.412000,0.682447
1612.413000,0.638577
1612.414000,0.569896
1612.415000,0.482642
1612.416000,0.414514
1612.417000,0.368216
1612.418000,0.478024
1612.419000,0.529685
1612.420000,0.343780
1612.421000,0.338496
1612.422000,0.342414
1612.423000,0.338021
1612.424000,0.403022
1612.425000,0.427079
1612.426000,0.412746
1612.427000,0.510898
1612.428000,0.619630
1612.429000,0.667398
1612.430000,0.928862
1612.431000,0.874323
1612.432000,0.937855
1612.433000,0.924783
1612.434000,0.752070
1612.435000,0.702211
1612.436000,0.745751
1612.437000,0.835960
1612.438000,0.778670
1612.439000,0.671061
1612.440000,0.708371
1612.441000,0.805387
1612.442000,0.983841
1612.443000,0.898508
1612.444000,0.966953
1612.445000,1.100187
1612.446000,0.970454
1612.447000,0.942643
1612.448000,0.908908
1612.449000,0.787592
1612.450000,0.977055
1612.451000,1.159635
1612.452000,1.176107
1612.453000,1.304394
1612.454000,1.356031
1612.455000,1.128025
1612.456000,0.978479
1612.457000,0.750226
1612.458000,0.581934
1612.459000,0.725647
1612.460000,0.718223
1612.461000,0.678478
1612.462000,0.577869
1612.463000,0.559113
1612.464000,0.530566
1612.465000,0.501952
1612.466000,0.582927
1612.467000,0.632569
1612.468000,0.542506
1612.469000,0.446039
1612.470000,0.346374
1612.471000,0.357350
1612.472000,0.221318
1612.473000,0.106406
1612.474000,0.190095
1612.475000,0.165413
1612.476000,0.007414
1612.477000,0.075552
1612.478000,0.102026
1612.479000,-0.190655
1612.480000,-0.169119
1612.481000,-0.356439
1612.482000,-0.491421
1612.483000,-0.523321
1612.484000,-0.486403
1612.485000,-0.654298
1612.486000,-0.624804
1612.487000,-0.752102
1612.488000,-0.762503
1612.489000,-0.875316
1612.490000,-0.804490
1612.491000,-0.761750
1612.492000,-0.961806
1612.493000,-0.973111
1612.494000,-1.112809
1612.495000,-1.244179
1612.496000,-1.311160
1612.497000,-1.191550
1612.498000,-1.215623
1612.499000,-1.064237
1612.500000,-1.234406
1612.501000,-1.275924
1612.502000,-1.261590
1612.503000,-1.293385
1612.504000,-1.166545
1612.505000,-1.135153
1612.506000,-1.310216
1612.507000,-1.362241
1612.508000,-1.343531
1612.509000,-1.498834
1612.510000,-1.424332
1612.511000,-1.500938
1612.512000,-1.488700
1612.513000,-1.363195
1612.514000,-1.373512
1612.515000,-1.265170
1612.516000,-1.048328
1612.517000,-0.880792
1612.518000,-0.930373
1612.519000,-0.846713
1612.520000,-0.893529
1612.521000,-1.011834
1612.522000,-0.934649
1612.523000,-0.961975
1612.524000,-0.917126
1612.525000,-0.908684
1612.526000,-0.792922
1612.527000,-0.522232
1612.528000,-0.507022
1612.529000,-0.540535
1612.530000,-0.352202
1612.531000,-0.194467
1612.532000,-0.187443
1612.533000,-0.112901
1612.534000,-0.126382
1612.535000,-0.015287
1612.536000,0.075253
1612.537000,0.114414
1612.538000,0.080288
1612.539000,-0.043348
1612.540000,-0.175568
1612.541000,-0.081506
1612.542000,0.003714
1612.543000,0.043362
1612.544000,0.020487
1612.545000,-0.037514
1612.546000,0.028433
1612.547000,0.163913
1612.548000,0.301425
1612.549000,0.519372
1612.550000,0.686078
1612.551000,0.532678
1612.552000,0.663553
1612.553000,0.574070
1612.554000,0.570086
1612.555000,0.546572
1612.556000,0.749910
1612.557000,0.696276
1612.558000,0.657412
1612.559000,0.627776
1612.560000,0.712568
1612.561000,0.761779
1612.562000,0.830327
1612.563000,1.079515
1612.564000,1.137926
1612.565000,1.237666
1612.566000,1.115352
1612.567000,1.043602
1612.568000,1.070559
1612.569000,1.342003
1612.570000,1.214211
1612.571000,1.187950
1612.572000,1.035917
1612.573000,1.006451
1612.574000,0.856242
1612.575000,0.634084
1612.576000,0.642593
1612.577000,0.647987
1612.578000,0.557600
1612.579000,0.328770
1612.580000,0.259308
1612.581000,0.243522
1612.582000,0.254827
1612.583000,0.331446
1612.584000,0.200508
1612.585000,0.188346
1612.586000,0.399892
1612.587000,0.306210
1612.588000,0.299061
1612.589000,0.245294
1612.590000,0.321002
1612.591000,0.379596
1612.592000,0.523669
1612.593000,0.478538
1612.594000,0.616182
1612.595000,0.623660
1612.596000,0.518302
1612.597000,0.573912
1612.598000,0.500510
1612.599000,0.485818
1612.600000,0.315527
1612.601000,0.212786
1612.602000,0.271867
1612.603000,0.261382
1612.604000,0.304322
1612.605000,0.402693
1612.606000,0.415057
1612.607000,0.514969
1612.608000,0.509823
1612.609000,0.756615
1612.610000,0.688765
1612.611000,0.766075
1612.612000,0.801812
1612.613000,0.727171
1612.614000,0.791225
1612.615000,0.991632
1612.616000,0.960945
1612.617000,1.045001
1612.618000,0.914626
1612.619000,0.684897
1612.620000,0.664244
1612.621000,0.810556
1612.622000,0.815425
1612.623000,0.728820
1612.624000,0.558058
1612.625000,0.455592
1612.626000,0.407893
1612.627000,0.508530
1612.628000,0.450731
1612.629000,0.391450
1612.630000,0.474810
1612.631000,0.474183
1612.632000,0.607994
1612.633000,0.630153
1612.634000,0.425559
1612.635000,0.075763
1612.636000,0.116941
1612.637000,0.033821
1612.638000,0.035266
1612.639000,-0.102710
1612.640000,-0.003350
1612.641000,0.112109
1612.642000,-0.008012
1612.643000,-0.048002
1612.644000,-0.022410
1612.645000,-0.088451
1612.646000,0.125010
1612.647000,0.037900
1612.648000,-0.058886
1612.649000,-0.004996
1612.650000,-0.079949
1612.651000,-0.147562
1612.652000,-0.208242
1612.653000,-0.241190
1612.654000,-0.323752
1612.655000,-0.412702
1612.656000,-0.316777
1612.657000,-0.289372
1612.658000,-0.403866
1612.659000,-0.339392
1612.660000,-0.341443
1612.661000,-0.498180
1612.662000,-0.698644
1612.663000,-0.675546
1612.664000,-0.720733
1612.665000,-0.762247
1612.666000,-0.644339
1612.667000,-0.574755
1612.668000,-0.623897
1612.669000,-0.672239
1612.670000,-0.649527
1612.671000,-0.654581
1612.672000,-1.060510
1612.673000,-0.959909
1612.674000,-0.895063
1612.675000,-0.886934
1612.676000,-0.860387
1612.677000,-0.866033
1612.678000,-0.867132
1612.679000,-0.717206
1612.680000,-0.675344
1612.681000,-0.621012
1612.682000,-0.715174
1612.683000,-0.652123
1612.684000,-0.453068
1612.685000,-0.588926
1612.686000,-0.546148
1612.687000,-0.549922
1612.688000,-0.540578
1612.689000,-0.364194
1612.690000,-0.383531
1612.691000,-0.285307
1612.692000,-0.202231
1612.693000,-0.138124
1612.694000,-0.010155
1612.695000,-0.047215
1612.696000,-0.060842
1612.697000,0.151439
1612.698000,0.154886
1612.699000,0.173872
1612.700000,0.032092
1612.701000,0.084113
1612.702000,-0.023619
1612.703000,-0.075115
1612.704000,0.038438
1612.705000,0.157498
1612.706000,0.031406
1612.707000,0.026447
1612.708000,0.044975
1612.709000,-0.099238
1612.710000,-0.002560
1612.711000,-0.133336
1612.712000,-0.109189
1612.713000,0.071481
1612.714000,0.232909
1612.715000,0.064410
1612.716000,-0.088486
1612.717000,-0.277573
1612.718000,-0.176859
1612.719000,-0.267524
1612.720000,-0.154657
1612.721000,-0.000088
1612.722000,0.057744
1612.723000,0.101702
1612.724000,0.215506
1612.725000,0.112463
1612.726000,0.134604
1612.727000,0.327854
1612.728000,0.295344
1612.729000,0.086534
1612.730000,0.071369
1612.731000,0.030589
1612.732000,0.109472
1612.733000,0.088890
1612.734000,-0.101906
1612.735000,-0.165063
1612.736000,-0.186401
1612.737000,-0.157259
1612.738000,-0.240973
1612.739000,-0.133026
1612.740000,0.032137
1612.741000,0.188495
1612.742000,-0.076572
1612.743000,-0.138991
1612.744000,-0.115408
1612.745000,-0.079184
1612.746000,0.011485
1612.747000,0.149288
1612.748000,0.105289
1612.749000,0.105432
1612.750000,0.021024
1612.751000,0.154788
1612.752000,-0.065799
1612.753000,0.075408
1612.754000,0.112740
1612.755000,0.140862
1612.756000,0.163276
1612.757000,0.107421
1612.758000,-0.020811
1612.759000,-0.115552
1612.760000,-0.051719
1612.761000,0.061355
1612.762000,-0.153108
1612.763000,-0.175448
1612.764000,-0.122465
1612.765000,0.050781
1612.766000,0.199286
1612.767000,0.261831
1612.768000,0.271867
1612.769000,0.186302
1612.770000,0.180929
1612.771000,0.260926
1612.772000,0.312392
1612.773000,0.393319
1612.774000,0.379986
1612.775000,0.384941
1612.776000,0.255339
1612.777000,0.279452
1612.778000,0.299701
1612.779000,0.251668
1612.780000,0.270517
1612.781000,0.204650
1612.782000,0.275842
1612.783000,0.212295
1612.784000,0.289768
1612.785000,0.297520
1612.786000,0.014959
1612.787000,0.094544
1612.788000,0.133311
1612.789000,0.335403
1612.790000,0.394033
1612.791000,0.428956
1612.792000,0.446930
1612.793000,0.493126
1612.794000,0.479006
1612.795000,0.479810
1612.796000,0.498181
1612.797000,0.504766
1612.798000,0.412920
1612.799000,0.323388
1612.800000,0.424274
1612.801000,0.229330
1612.802000,0.394833
1612.803000,0.338402
1612.804000,0.621663
1612.805000,0.743154
1612.806000,0.576980
1612.807000,0.469289
1612.808000,0.546598
1612.809000,0.646226
1612.810000,0.484483
1612.811000,0.456811
1612.812000,0.612489
1612.813000,0.551977
1612.814000,0.521029
1612.815000,0.452605
1612.816000,0.298224
1612.817000,0.229147
1612.818000,0.184176
1612.819000,0.045295
1612.820000,0.106942
1612.821000,0.069902
1612.822000,0.046187
1612.823000,-0.083513
1612.824000,-0.253844
1612.825000,-0.183024
1612.826000,-0.176183
1612.827000,-0.226165
1612.828000,-0.121422
1612.829000,-0.102521
1612.830000,0.020003
1612.831000,-0.102153
1612.832000,-0.238530
1612.833000,-0.093784
1612.834000,-0.079779
1612.835000,-0.188216
1612.836000,0.027197
1612.837000,0.163378
1612.838000,0.277296
1612.839000,0.326768
1612.840000,0.303486
1612.841000,0.304886
1612.842000,0.190512
1612.843000,0.252382
1612.844000,0.247302
1612.845000,0.234073
1612.846000,0.097656
1612.847000,0.204565
1612.848000,0.278518
1612.849000,0.178847
1612.850000,0.069984
1612.851000,0.033198
1612.852000,0.098844
1612.853000,0.237705
1612.854000,-0.016056
1612.855000,0.035443
1612.856000,0.070396
1612.857000,0.171171
1612.858000,0.023600
1612.859000,0.134371
1612.860000,0.187784
1612.861000,0.253873
1612.862000,0.229017
1612.863000,0.269528
1612.864000,0.279209
1612.865000,0.138970
1612.866000,0.266936
1612.867000,0.176769
1612.868000,0.230881
1612.869000,0.143811
1612.870000,-0.035351
1612.871000,-0.066212
1612.872000,0.131781
1612.873000,0.179918
1612.874000,0.095377
1612.875000,0.070161
1612.876000,0.211542
1612.877000,0.183729
1612.878000,0.318598
1612.879000,0.440010
1612.880000,0.346611
1612.881000,0.174532
1612.882000,0.181581
1612.883000,0.213885
1612.884000,0.009098
1612.885000,-0.124038
1612.886000,-0.026779
1612.887000,-0.083265
1612.888000,-0.110577
1612.889000,-0.071201
1612.890000,-0.095934
1612.891000,0.069658
1612.892000,0.151079
1612.893000,-0.026418
1612.894000,-0.151119
1612.895000,-0.162313
1612.896000,-0.085965
1612.897000,0.012897
1612.898000,-0.072110
1612.899000,-0.207726
1612.900000,-0.232053
1612.901000,-0.270174
1612.902000,-0.335286
1612.903000,-0.369005
1612.904000,-0.276644
1612.905000,-0.527382
1612.906000,-0.530035
1612.907000,-0.451706
1612.908000,-0.430700
1612.909000,-0.258565
1612.910000,-0.398890
1612.911000,-0.294821
1612.912000,-0.138967
1612.913000,0.056498
1612.914000,-0.019728
1612.915000,-0.040132
1612.916000,0.001231
1612.917000,0.104264
1612.918000,-0.026310
1612.919000,-0.170765
1612.920000,-0.120729
1612.921000,-0.097208
1612.922000,-0.200685
1612.923000,-0.296145
1612.924000,-0.133391
1612.925000,-0.331184
1612.926000,-0.361623
1612.927000,-0.264360
1612.928000,-0.284263
1612.929000,-0.275278
1612.930000,-0.243035
1612.931000,-0.353762
1612.932000,-0.238463
1612.933000,-0.289850
1612.934000,-0.158509
1612.935000,-0.073641
1612.936000,-0.105925
1612.937000,-0.001374
1612.938000,0.117654
1612.939000,0.122068
1612.940000,0.169256
1612.941000,0.385390
1612.942000,0.488817
1612.943000,0.437448
1612.944000,0.421291
1612.945000,0.602602
1612.946000,0.604101
1612.947000,0.756129
1612.948000,0.816857
1612.949000,0.711760
1612.950000,0.783051
1612.951000,0.770140
1612.952000,0.667805
1612.953000,0.477277
1612.954000,0.673908
1612.955000,0.645456
1612.956000,0.705291
1612.957000,0.508745
1612.958000,0.341984
1612.959000,0.270978
1612.960000,0.332421
1612.961000,0.486502
1612.962000,0.531393
1612.963000,0.690511
1612.964000,0.262107
1612.965000,0.380080
1612.966000,0.275737
1612.967000,0.165885
1612.968000,0.128210
1612.969000,-0.117625
1612.970000,-0.282337
1612.971000,-0.257906
1612.972000,-0.363037
1612.973000,-0.313841
1612.974000,-0.206795
1612.975000,-0.212818
1612.976000,-0.094078
1612.977000,0.176040
1612.978000,0.159123
1612.979000,0.254484
1612.980000,0.254583
1612.981000,0.299363
1612.982000,0.244408
1612.983000,0.250293
1612.984000,0.178096
1612.985000,0.169238
1612.986000,-0.000939
1612.987000,0.035998
1612.988000,-0.002483
1612.989000,0.038060
1612.990000,0.136068
1612.991000,0.025592
1612.992000,0.153642
1612.993000,0.214430
1612.994000,0.179620
1612.995000,0.167930
1612.996000,0.180665
1612.997000,0.160602
1612.998000,0.349329
1612.999000,0.342490
1613.000000,0.606541
1613.001000,0.660645
1613.002000,0.708471
1613.003000,0.819408
1613.004000,0.842306
1613.005000,0.802184
1613.006000,0.946623
1613.007000,1.067427
1613.008000,0.918337
1613.009000,0.995409
1613.010000,0.911380
1613.011000,0.906771
1613.012000,1.030684
1613.013000,0.793236
1613.014000,0.665707
1613.015000,0.535524
1613.016000,0.414217
1613.017000,0.315835
1613.018000,0.174859
1613.019000,0.088653
1613.020000,0.185046
1613.021000,-0.024425
1613.022000,-0.114290
1613.023000,-0.133789
1613.024000,-0.184022
1613.025000,-0.135181
1613.026000,-0.317326
1613.027000,-0.519051
1613.028000,-0.501102
1613.029000,-0.470868
1613.030000,-0.569363
1613.031000,-0.593247
1613.032000,-0.618009
1613.033000,-0.673176
1613.034000,-0.857085
1613.035000,-0.889974
1613.036000,-0.991651
1613.037000,-1.127181
1613.038000,-1.288571
1613.039000,-1.306976
1613.040000,-1.178451
1613.041000,-1.232332
1613.042000,-1.318827
1613.043000,-1.421156
1613.044000,-1.254459
1613.045000,-1.407277
1613.046000,-1.397116
1613.047000,-1.394363
1613.048000,-1.341810
1613.049000,-1.180000
1613.050000,-0.959258
1613.051000,-0.731785
1613.052000,-0.785466
1613.053000,-0.712406
1613.054000,-0.863229
1613.055000,-0.723057
1613.056000,-0.917994
1613.057000,-0.993847
1613.058000,-1.045707
1613.059000,-0.949671
1613.060000,-0.896656
1613.061000,-0.946536
1613.062000,-1.084975
1613.063000,-1.002942
1613.064000,-0.806563
1613.065000,-0.815472
1613.066000,-0.880230
1613.067000,-0.703272
1613.068000,-0.824380
1613.069000,-0.920045
1613.070000,-0.887591
1613.071000,-0.826354
1613.072000,-0.741167
1613.073000,-0.641087
1613.074000,-0.447230
1613.075000,-0.202861
1613.076000,-0.360742
1613.077000,-0.235644
1613.078000,-0.298476
1613.079000,-0.225206
1613.080000,-0.131316
1613.081000,0.054044
1613.082000,0.143477
1613.083000,0.151655
1613.084000,0.280040
1613.085000,0.207232
1613.086000,0.217934
1613.087000,0.171367
1613.088000,0.044299
1613.089000,0.017222
1613.090000,0.099732
1613.091000,0.179715
1613.092000,0.276458
1613.093000,0.151722
1613.094000,0.198388
1613.095000,0.204403
1613.096000,0.190256
1613.097000,0.220211
1613.098000,0.046652
1613.099000,-0.025903
1613.100000,0.059259
1613.101000,-0.012108
1613.102000,0.097339
1613.103000,0.030181
1613.104000,0.012568
1613.105000,0.025543
1613.106000,0.110040
1613.107000,0.044761
1613.108000,0.025217
1613.109000,0.150439
1613.110000,0.091361
1613.111000,0.296165
1613.112000,0.257703
1613.113000,0.225654
1613.114000,0.219066
1613.115000,0.064651
1613.116000,0.076632
1613.117000,0.061506
1613.118000,0.110942
1613.119000,-0.090941
1613.120000,-0.041942
1613.121000,-0.278126
1613.122000,-0.167588
1613.123000,-0.102726
1613.124000,-0.110048
1613.125000,-0.035662
1613.126000,0.061436
1613.127000,0.033882
1613.128000,-0.102903
1613.129000,-0.240275
1613.130000,-0.288759
1613.131000,-0.346618
1613.132000,-0.366873
1613.133000,-0.383435
1613.134000,-0.145871
1613.135000,-0.096557
1613.136000,-0.183225
1613.137000,-0.200845
1613.138000,-0.197616
1613.139000,-0.177827
1613.140000,-0.332346
1613.141000,-0.242393
1613.142000,-0.326887
1613.143000,-0.421614
1613.144000,-0.457076
1613.145000,-0.545485
1613.146000,-0.637325
1613.147000,-0.838927
1613.148000,-0.696878
1613.149000,-0.703697
1613.150000,-0.697331
1613.151000,-0.711959
1613.152000,-0.810118
1613.153000,-0.862770
1613.154000,-0.830530
1613.155000,-0.905561
1613.156000,-0.887817
1613.157000,-0.869278
1613.158000,-1.050552
1613.159000,-0.931343
1613.160000,-0.995243
1613.161000,-0.949358
1613.162000,-0.683654
1613.163000,-0.641199
1613.164000,-0.655269
1613.165000,-0.660401
1613.166000,-0.721028
1613.167000,-0.909947
1613.168000,-0.853230
1613.169000,-0.829826
1613.170000,-0.887017
1613.171000,-0.658724
1613.172000,-0.602046
1613.173000,-0.455898
1613.174000,-0.424178
1613.175000,-0.304987
1613.176000,-0.402996
1613.177000,-0.550672
1613.178000,-0.566615
1613.179000,-0.696612
1613.180000,-0.707639
1613.181000,-0.814116
1613.182000,-0.639372
1613.183000,-0.702657
1613.184000,-0.669661
1613.185000,-0.496678
1613.186000,-0.741676
1613.187000,-0.834195
1613.188000,-0.886677
1613.189000,-0.983086
1613.190000,-1.032459
1613.191000,-1.003658
1613.192000,-0.990843
1613.193000,-0.982635
1613.194000,-1.023525
1613.195000,-0.978167
1613.196000,-0.898779
1613.197000,-0.961294
1613.198000,-1.025983
1613.199000,-1.077187
1613.200000,-1.073398
1613.201000,-1.118998
1613.202000,-1.092443
1613.203000,-1.160553
1613.204000,-1.192459
1613.205000,-1.014735
1613.206000,-1.073715
1613.207000,-0.998094
1613.208000,-0.858584
1613.209000,-0.961205
1613.210000,-0.990932
1613.211000,-1.040990
1613.212000,-0.859534
1613.213000,-0.730785
1613.214000,-0.616271
1613.215000,-0.754209
1613.216000,-0.778945
1613.217000,-0.755317
1613.218000,-0.752310
1613.219000,-0.920971
1613.220000,-0.967199
1613.221000,-0.893137
1613.222000,-0.931937
1613.223000,-0.718490
1613.224000,-0.831655
1613.225000,-0.768386
1613.226000,-0.939482
1613.227000,-0.972081
1613.228000,-1.051356
1613.229000,-0.882523
1613.230000,-0.783123
1613.231000,-0.624716
1613.232000,-0.715188
1613.233000,-0.483416
1613.234000,-0.533436
1613.235000,-0.374273
1613.236000,-0.482394
1613.237000,-0.484615
1613.238000,-0.617850
1613.239000,-0.397398
1613.240000,-0.469392
1613.241000,-0.455412
1613.242000,-0.259757
1613.243000,0.017535
1613.244000,-0.000306
1613.245000,0.130641
1613.246000,-0.013442
1613.247000,-0.089509
1613.248000,0.270150
1613.249000,0.380197
1613.250000,0.463894
1613.251000,0.419383
1613.252000,0.409578
1613.253000,0.358159
1613.254000,0.221562
1613.255000,0.352880
1613.256000,0.589923
1613.257000,0.538936
1613.258000,0.597405
1613.259000,0.586133
1613.260000,0.471304
1613.261000,0.226279
1613.262000,0.174776
1613.263000,0.247841
1613.264000,0.279939
1613.265000,0.208991
1613.266000,0.167376
1613.267000,0.228781
1613.268000,0.210720
1613.269000,0.096977
1613.270000,0.035831
1613.271000,-0.104906
1613.272000,0.141657
1613.273000,-0.050897
1613.274000,0.129473
1613.275000,0.169554
1613.276000,0.198235
1613.277000,0.178686
1613.278000,0.155859
1613.279000,0.297693
1613.280000,0.474553
1613.281000,0.421599
1613.282000,0.160806
1613.283000,0.227770
1613.284000,0.172866
1613.285000,0.089904
1613.286000,-0.061281
1613.287000,-0.077072
1613.288000,0.211809
1613.289000,0.283672
1613.290000,0.291673
1613.291000,0.054374
1613.292000,0.015367
1613.293000,0.015477
1613.294000,0.050515
1613.295000,-0.007223
1613.296000,0.124528
1613.297000,0.185501
1613.298000,0.164742
1613.299000,0.126270
1613.300000,0.239725
1613.301000,0.204950
1613.302000,0.168314
1613.303000,0.358288
1613.304000,0.322766
1613.305000,0.365897
1613.306000,0.301896
1613.307000,0.314767
1613.308000,0.331572
1613.309000,0.266757
1613.310000,0.320072
1613.311000,0.107478
1613.312000,0.079253
1613.313000,0.062914
1613.314000,0.241252
1613.315000,0.186804
1613.316000,0.271440
1613.317000,0.523709
1613.318000,0.461711
1613.319000,0.622211
1613.320000,0.617750
1613.321000,0.617441
1613.322000,0.512329
1613.323000,0.438483
1613.324000,0.411096
1613.325000,0.244688
1613.326000,0.248177
1613.327000,0.254664
1613.328000,0.344400
1613.329000,0.307156
1613.330000,0.384005
1613.331000,0.470271
1613.332000,0.603923
1613.333000,0.588292
1613.334000,0.602801
1613.335000,0.630710
1613.336000,0.675913
1613.337000,0.762130
1613.338000,0.674959
1613.339000,0.701322
1613.340000,0.765970
1613.341000,0.747412
1613.342000,0.810949
1613.343000,0.839331
1613.344000,0.934249
1613.345000,0.974395
1613.346000,0.934979
1613.347000,0.877303
1613.348000,0.905056
1613.349000,0.890814
1613.350000,0.776740
1613.351000,0.600315
1613.352000,0.708601
1613.353000,0.670519
1613.354000,0.619050
1613.355000,0.669096
1613.356000,0.587940
1613.357000,0.628903
1613.358000,0.510569
1613.359000,0.658485
1613.360000,0.657548
1613.361000,0.524419
1613.362000,0.541615
1613.363000,0.422545
1613.364000,0.459342
1613.365000,0.566356
1613.366000,0.584046
1613.367000,0.613051
1613.368000,0.501022
1613.369000,0.529132
1613.370000,0.413515
1613.371000,0.580862
1613.372000,0.675601
1613.373000,1.103034
1613.374000,0.950378
1613.375000,0.986698
1613.376000,1.085699
1613.377000,0.852349
1613.378000,0.841008
1613.379000,0.926029
1613.380000,0.736043
1613.381000,0.727960
1613.382000,0.718585
1613.383000,0.850060
1613.384000,0.834972
1613.385000,0.826733
1613.386000,0.810580
1613.387000,0.826464
1613.388000,0.870816
1613.389000,0.531382
1613.390000,0.429670
1613.391000,0.321592
1613.392000,0.179728
1613.393000,0.196234
1613.394000,0.129502
1613.395000,0.166003
1613.396000,0.096810
1613.397000,0.160854
1613.398000,0.212054
1613.399000,0.353469
1613.400000,0.516888
1613.401000,0.587784
1613.402000,0.474447
1613.403000,0.495743
1613.404000,0.379537
1613.405000,0.470372
1613.406000,0.320534
1613.407000,0.278034
1613.408000,0.100198
1613.409000,0.072542
1613.410000,-0.028361
1613.411000,-0.064604
1613.412000,-0.022635
1613.413000,-0.241568
1613.414000,-0.236719
1613.415000,-0.347055
1613.416000,-0.489081
1613.417000,-0.376995
1613.418000,-0.345066
1613.419000,-0.262539
1613.420000,-0.266706
1613.421000,-0.443657
1613.422000,-0.445820
1613.423000,-0.475558
1613.424000,-0.469540
1613.425000,-0.498908
1613.426000,-0.532284
1613.427000,-0.252403
1613.428000,-0.206185
1613.429000,-0.203393
1613.430000,-0.130756
1613.431000,-0.181146
1613.432000,-0.070995
1613.433000,-0.038052
1613.434000,-0.145440
1613.435000,-0.166434
1613.436000,-0.158351
1613.437000,-0.018804
1613.438000,0.035289
1613.439000,0.042523
1613.440000,-0.064202
1613.441000,-0.121733
1613.442000,-0.137255
1613.443000,-0.103960
1613.444000,0.001062
1613.445000,-0.173808
1613.446000,-0.130386
1613.447000,-0.148197
1613.448000,-0.202877
1613.449000,-0.192421
1613.450000,-0.075895
1613.451000,-0.092716
1613.452000,0.063965
1613.453000,0.095231
1613.454000,0.110061
1613.455000,0.040489
1613.456000,-0.007302
1613.457000,0.087279
1613.458000,0.066469
1613.459000,0.188046
1613.460000,0.303227
1613.461000,0.283891
1613.462000,0.310101
1613.463000,0.305518
1613.464000,0.290299
1613.465000,0.193577
1613.466000,0.078286
1613.467000,0.127873
1613.468000,0.324625
1613.469000,0.384422
1613.470000,0.262045
1613.471000,0.382888
1613.472000,0.292032
1613.473000,0.262907
1613.474000,0.039792
1613.475000,-0.018485
1613.476000,-0.015697
1613.477000,-0.091092
1613.478000,-0.246305
1613.479000,-0.297892
1613.480000,-0.350047
1613.481000,-0.280480
1613.482000,-0.285132
1613.483000,-0.250444
1613.484000,-0.291204
1613.485000,-0.067142
1613.486000,-0.109927
1613.487000,-0.047544
1613.488000,-0.263905
1613.489000,-0.251771
1613.490000,-0.180028
1613.491000,-0.200349
1613.492000,-0.166291
1613.493000,-0.199265
1613.494000,-0.123818
1613.495000,0.100262
1613.496000,-0.138150
1613.497000,-0.252271
1613.498000,-0.230846
1613.499000,-0.319987
1613.500000,-0.273529
1613.501000,-0.335300
1613.502000,-0.367071
1613.503000,-0.335677
1613.504000,-0.570180
1613.505000,-0.558508
1613.506000,-0.579675
1613.507000,-0.546767
1613.508000,-0.370308
1613.509000,-0.164382
1613.510000,-0.042900
1613.511000,-0.103505
1613.512000,0.027940
1613.513000,0.116604
1613.514000,0.094981
1613.515000,0.352449
1613.516000,0.286756
1613.517000,0.199548
1613.518000,0.038138
1613.519000,0.197511
1613.520000,0.121334
1613.521000,-0.042920
1613.522000,-0.058426
1613.523000,-0.070799
1613.524000,-0.126514
1613.525000,-0.150470
1613.526000,-0.060956
1613.527000,0.059401
1613.528000,-0.026969
1613.529000,0.198251
1613.530000,0.130702
1613.531000,0.146510
1613.532000,0.084648
1613.533000,0.275432
1613.534000,0.203454
1613.535000,0.234569
1613.536000,0.382855
1613.537000,0.427514
1613.538000,0.393116
1613.539000,0.472179
1613.540000,0.660379
1613.541000,0.824121
1613.542000,0.707911
1613.543000,0.765815
1613.544000,0.652147
1613.545000,0.535083
1613.546000,0.493678
1613.547000,0.457691
1613.548000,0.356387
1613.549000,0.312681
1613.550000,0.272620
1613.551000,0.454523
1613.552000,0.376483
1613.553000,0.304283
1613.554000,0.257673
1613.555000,0.357445
1613.556000,0.419747
1613.557000,0.433400
1613.558000,0.325740
1613.559000,0.397834
1613.560000,0.498265
1613.561000,0.504781
1613.562000,0.298543
1613.563000,0.525394
1613.564000,0.474450
1613.565000,0.400016
1613.566000,0.245178
1613.567000,0.120347
1613.568000,0.049706
1613.569000,0.092645
1613.570000,0.155838
1613.571000,0.155339
1613.572000,0.030187
1613.573000,-0.059187
1613.574000,-0.195103
1613.575000,-0.108848
1613.576000,-0.112219
1613.577000,-0.033408
1613.578000,-0.095582
1613.579000,-0.080422
1613.580000,-0.220111
1613.581000,-0.106936
1613.582000,-0.251824
1613.583000,-0.190015
1613.584000,-0.174508
1613.585000,-0.107435
1613.586000,-0.049875
1613.587000,0.042767
1613.588000,-0.039862
1613.589000,-0.024480
1613.590000,0.031647
1613.591000,-0.100541
1613.592000,-0.037992
1613.593000,-0.025116
1613.594000,-0.031854
1613.595000,-0.104030
1613.596000,-0.200130
1613.597000,-0.256264
1613.598000,-0.227342
1613.599000,-0.070131
1613.600000,0.024350
1613.601000,-0.030396
1613.602000,0.020830
1613.603000,-0.112690
1613.604000,-0.035406
1613.605000,-0.069534
1613.606000,-0.135683
1613.607000,-0.044857
1613.608000,-0.090187
1613.609000,-0.004145
1613.610000,0.017022
1613.611000,0.183402
1613.612000,0.249594
1613.613000,0.317398
1613.614000,0.495803
1613.615000,0.582024
1613.616000,0.611309
1613.617000,0.437626
1613.618000,0.541743
1613.619000,0.564949
1613.620000,0.529418
1613.621000,0.686848
1613.622000,0.878520
1613.623000,0.739156
1613.624000,0.657053
1613.625000,0.563106
1613.626000,0.457163
1613.627000,0.639314
1613.628000,0.651692
1613.629000,0.669006
1613.630000,0.705670
1613.631000,0.679512
1613.632000,0.725448
1613.633000,0.648035
1613.634000,0.616912
1613.635000,0.775481
1613.636000,0.785517
1613.637000,0.798367
1613.638000,0.737557
1613.639000,0.577507
1613.640000,0.604221
1613.641000,0.597339
1613.642000,0.644237
1613.643000,0.490945
1613.644000,0.515377
1613.645000,0.536181
1613.646000,0.572350
1613.647000,0.599372
1613.648000,0.526630
1613.649000,0.485716
1613.650000,0.472222
1613.651000,0.449509
1613.652000,0.327506
1613.653000,0.385697
1613.654000,0.377663
1613.655000,0.317982
1613.656000,0.149673
1613.657000,0.247473
1613.658000,0.404396
1613.659000,0.157181
1613.660000,0.045761
1613.661000,-0.120087
1613.662000,0.006644
1613.663000,-0.069021
1613.664000,0.024119
1613.665000,0.046458
1613.666000,0.156722
1613.667000,0.135570
1613.668000,-0.095765
1613.669000,-0.229417
1613.670000,-0.145584
1613.671000,-0.082127
1613.672000,0.000638
1613.673000,-0.150921
1613.674000,-0.074865
1613.675000,-0.018362
1613.676000,-0.208033
1613.677000,-0.375537
1613.678000,-0.442699
1613.679000,-0.346594
1613.680000,-0.373382
1613.681000,-0.464962
1613.682000,-0.647477
1613.683000,-0.758741
1613.684000,-0.770351
1613.685000,-0.849756
1613.686000,-0.789738
1613.687000,-0.917423
1613.688000,-0.831326
1613.689000,-0.837823
1613.690000,-0.788274
1613.691000,-0.948393
1613.692000,-0.970442
1613.693000,-0.954775
1613.694000,-0.988984
1613.695000,-1.024754
1613.696000,-0.845989
1613.697000,-0.717184
1613.698000,-0.544597
1613.699000,-0.545297
1613.700000,-0.490137
1613.701000,-0.513247
1613.702000,-0.610346
1613.703000,-0.550205
1613.704000,-0.455180
1613.705000,-0.462972
1613.706000,-0.354374
1613.707000,-0.473974
1613.708000,-0.583953
1613.709000,-0.525419
1613.710000,-0.429482
1613.711000,-0.456485
1613.712000,-0.528300
1613.713000,-0.647737
1613.714000,-0.538002
1613.715000,-0.538186
1613.716000,-0.335418
1613.717000,-0.388318
1613.718000,-0.376680
1613.719000,-0.476845
1613.720000,-0.526969
1613.721000,-0.706506
1613.722000,-0.455336
1613.723000,-0.455778
1613.724000,-0.383848
1613.725000,-0.461976
1613.726000,-0.612966
1613.727000,-0.664974
1613.728000,-0.650195
1613.729000,-0.741330
1613.730000,-0.789277
1613.731000,-0.618880
1613.732000,-0.558610
1613.733000,-0.565475
1613.734000,-0.561728
1613.735000,-0.649807
1613.736000,-0.472733
1613.737000,-0.473157
1613.738000,-0.431776
1613.739000,-0.396436
1613.740000,-0.459553
1613.741000,-0.461945
1613.742000,-0.424997
1613.743000,-0.478680
1613.744000,-0.498469
1613.745000,-0.504240
1613.746000,-0.426390
1613.747000,-0.398393
1613.748000,-0.490755
1613.749000,-0.337406
1613.750000,-0.374515
1613.751000,-0.376162
1613.752000,-0.246266
1613.753000,-0.236542
1613.754000,-0.232373
1613.755000,-0.168787
1613.756000,-0.201687
1613.757000,-0.000343
1613.758000,-0.089440
1613.759000,-0.128760
1613.760000,-0.077750
1613.761000,0.018113
1613.762000,-0.145502
1613.763000,-0.011814
1613.764000,-0.041712
1613.765000,-0.028390
1613.766000,-0.054270
1613.767000,-0.096726
1613.768000,-0.094837
1613.769000,0.144298
1613.770000,0.197801
1613.771000,0.194956
1613.772000,0.206260
1613.773000,0.217097
1613.774000,0.254448
1613.775000,0.130716
1613.776000,0.083202
1613.777000,0.084229
1613.778000,0.193954
1613.779000,0.095443
1613.780000,0.100004
1613.781000,0.133343
1613.782000,0.134171
1613.783000,0.093799
1613.784000,0.158476
1613.785000,0.006899
1613.786000,0.066151
1613.787000,0.129637
1613.788000,0.015555
1613.789000,-0.062120
1613.790000,-0.102931
1613.791000,-0.032444
1613.792000,-0.011935
1613.793000,0.017755
1613.794000,-0.018726
1613.795000,0.167142
1613.796000,0.045530
1613.797000,0.061434
1613.798000,0.009743
1613.799000,0.225350
1613.800000,0.290050
1613.801000,0.426628
1613.802000,0.264451
1613.803000,0.289083
1613.804000,0.143902
1613.805000,0.193423
1613.806000,0.121927
1613.807000,0.185343
1613.808000,0.227055
1613.809000,0.319950
1613.810000,0.443030
1613.811000,0.544293
1613.812000,0.463859
1613.813000,0.335807
1613.814000,0.241862
1613.815000,0.390235
1613.816000,0.370618
1613.817000,0.375305
1613.818000,0.488819
1613.819000,0.324519
1613.820000,0.367778
1613.821000,0.448255
1613.822000,0.368625
1613.823000,0.364781
1613.824000,0.282889
1613.825000,0.312220
1613.826000,0.229189
1613.827000,0.212230
1613.828000,0.241582
1613.829000,0.179657
1613.830000,0.090836
1613.831000,0.056607
1613.832000,-0.091393
1613.833000,-0.007940
1613.834000,-0.018390
1613.835000,0.011149
1613.836000,-0.003092
1613.837000,0.108870
1613.838000,0.165667
1613.839000,0.090772
1613.840000,0.026079
1613.841000,-0.050202
1613.842000,-0.059450
1613.843000,-0.013436
1613.844000,0.037259
1613.845000,0.112766
1613.846000,0.163376
1613.847000,0.211321
1613.848000,0.178123
1613.849000,0.338054
1613.850000,0.269590
1613.851000,0.305215
1613.852000,0.353939
1613.853000,0.381204
1613.854000,0.281560
1613.855000,0.375346
1613.856000,0.196830
1613.857000,0.136666
1613.858000,-0.049836
1613.859000,0.064812
1613.860000,0.022112
1613.861000,-0.042227
1613.862000,0.068069
1613.863000,0.160549
1613.864000,0.105328
1613.865000,0.239229
1613.866000,0.125724
1613.867000,0.014459
1613.868000,-0.120767
1613.869000,-0.144040
1613.870000,0.078765
1613.871000,0.173063
1613.872000,0.009551
1613.873000,0.020988
1613.874000,-0.173188
1613.875000,-0.251059
1613.876000,-0.351914
1613.877000,-0.282996
1613.878000,-0.609997
1613.879000,-0.657301
1613.880000,-0.692981
1613.881000,-0.644662
1613.882000,-0.821362
1613.883000,-0.946359
1613.884000,-0.932564
1613.885000,-0.758255
1613.886000,-0.917732
1613.887000,-0.914025
1613.888000,-0.927403
1613.889000,-0.853798
1613.890000,-0.978788
1613.891000,-0.901539
1613.892000,-0.867150
1613.893000,-0.843147
1613.894000,-0.789379
1613.895000,-0.701340
1613.896000,-0.577276
1613.897000,-0.451344
1613.898000,-0.416763
1613.899000,-0.445775
1613.900000,-0.472657
1613.901000,-0.370894
1613.902000,-0.138436
1613.903000,-0.170529
1613.904000,-0.295817
1613.905000,-0.247544
1613.906000,-0.262725
1613.907000,-0.309624
1613.908000,-0.333398
1613.909000,-0.213813
1613.910000,-0.272098
1613.911000,-0.513143
1613.912000,-0.394502
1613.913000,-0.396843
1613.914000,-0.404580
1613.915000,-0.496597
1613.916000,-0.438508
1613.917000,-0.689442
1613.918000,-0.628643
1613.919000,-0.576713
1613.920000,-0.427004
1613.921000,-0.426174
1613.922000,-0.369847
1613.923000,-0.464713
1613.924000,-0.394472
1613.925000,-0.553027
1613.926000,-0.598110
1613.927000,-0.573335
1613.928000,-0.378553
1613.929000,-0.354428
1613.930000,-0.270656
1613.931000,-0.216070
1613.932000,-0.245716
1613.933000,-0.275874
1613.934000,-0.164677
1613.935000,-0.148316
1613.936000,0.099739
1613.937000,0.141794
1613.938000,0.327877
1613.939000,0.304535
1613.940000,0.259402
1613.941000,0.091917
1613.942000,-0.082651
1613.943000,-0.050451
1613.944000,-0.266514
1613.945000,-0.250509
1613.946000,-0.176987
1613.947000,-0.168340
1613.948000,-0.185382
1613.949000,-0.321038
1613.950000,-0.211152
1613.951000,-0.052306
1613.952000,-0.177278
1613.953000,-0.261806
1613.954000,-0.323841
1613.955000,-0.291333
1613.956000,-0.201253
1613.957000,-0.200160
1613.958000,-0.278189
1613.959000,-0.361712
1613.960000,-0.291747
1613.961000,-0.316920
1613.962000,-0.173393
1613.963000,-0.028245
1613.964000,0.057065
1613.965000,0.126422
1613.966000,0.117755
1613.967000,0.130477
1613.968000,0.076235
1613.969000,0.059849
1613.970000,-0.067097
1613.971000,-0.084879
1613.972000,0.027308
1613.973000,0.084702
1613.974000,0.167100
1613.975000,0.035255
1613.976000,0.033900
1613.977000,-0.101115
1613.978000,-0.140601
1613.979000,0.068573
1613.980000,0.165269
1613.981000,0.361128
1613.982000,0.355575
1613.983000,0.441504
1613.984000,0.482435
1613.985000,0.491156
1613.986000,0.619290
1613.987000,0.552488
1613.988000,0.640157
1613.989000,0.592955
1613.990000,0.651108
1613.991000,0.598484
1613.992000,0.524023
1613.993000,0.605832
1613.994000,0.714540
1613.995000,0.604095
1613.996000,0.462370
1613.997000,0.466622
1613.998000,0.493003
1613.999000,0.287687
1614.000000,0.432949
1614.001000,0.335856
1614.002000,0.380823
1614.003000,0.317457
1614.004000,0.137396
1614.005000,0.179377
1614.006000,0.139426
1614.007000,0.089485
1614.008000,0.135035
1614.009000,0.109743
1614.010000,0.196860
1614.011000,0.191367
1614.012000,0.102721
1614.013000,0.232931
1614.014000,0.253006
1614.015000,0.244464
1614.016000,0.286394
1614.017000,0.336378
1614.018000,0.396567
1614.019000,0.213507
1614.020000,0.143367
1614.021000,0.093578
1614.022000,0.155557
1614.023000,0.115257
1614.024000,0.030331
1614.025000,0.216731
1614.026000,0.271995
1614.027000,0.096910
1614.028000,0.075009
1614.029000,0.315936
1614.030000,0.432369
1614.031000,0.331517
1614.032000,0.303137
1614.033000,0.237314
1614.034000,0.413932
1614.035000,0.571370
1614.036000,0.635257
1614.037000,0.682771
1614.038000,0.595671
1614.039000,0.485964
1614.040000,0.614666
1614.041000,0.909287
1614.042000,0.941130
1614.043000,0.810548
1614.044000,0.771070
1614.045000,0.882089
1614.046000,0.941565
1614.047000,0.926199
1614.048000,1.061427
1614.049000,1.053757
1614.050000,1.053372
1614.051000,1.105809
1614.052000,1.046928
1614.053000,0.902708
1614.054000,0.845862
1614.055000,1.021185
1614.056000,0.786313
1614.057000,0.655623
1614.058000,0.679942
1614.059000,0.673094
1614.060000,0.593805
1614.061000,0.386890
1614.062000,0.398009
1614.063000,0.440444
1614.064000,0.430655
1614.065000,0.392654
1614.066000,0.265901
1614.067000,0.374516
1614.068000,0.384745
1614.069000,0.391238
1614.070000,0.432930
1614.071000,0.304228
1614.072000,0.283167
1614.073000,0.350646
1614.074000,0.248325
1614.075000,0.367112
1614.076000,0.356863
1614.077000,0.346846
1614.078000,0.473899
1614.079000,0.435902
1614.080000,0.445762
1614.081000,0.468903
1614.082000,0.271850
1614.083000,0.365353
1614.084000,0.296620
1614.085000,0.285162
1614.086000,0.367535
1614.087000,0.525421
1614.088000,0.609612
1614.089000,0.477480
1614.090000,0.427345
1614.091000,0.495134
1614.092000,0.564772
1614.093000,0.770090
1614.094000,0.794948
1614.095000,0.724814
1614.096000,0.588567
1614.097000,0.590935
1614.098000,0.604417
1614.099000,0.714100
1614.100000,0.576979
1614.101000,0.481335
1614.102000,0.520287
1614.103000,0.585985
1614.104000,0.740141
1614.105000,0.603863
1614.106000,0.558454
1614.107000,0.691501
1614.108000,0.740226
1614.109000,0.785459
1614.110000,0.685430
1614.111000,0.644942
1614.112000,0.657615
1614.113000,0.780599
1614.114000,0.803694
1614.115000,0.756662
1614.116000,0.829641
1614.117000,0.674763
1614.118000,0.565262
1614.119000,0.532241
1614.120000,0.531449
1614.121000,0.417560
1614.122000,0.314143
1614.123000,0.147446
1614.124000,0.273984
1614.125000,0.181113
1614.126000,0.073091
1614.127000,0.092817
1614.128000,0.049194
1614.129000,0.101514
1614.130000,0.028097
1614.131000,0.085041
1614.132000,0.152094
1614.133000,0.152244
1614.134000,0.273858
1614.135000,0.249292
1614.136000,0.264269
1614.137000,0.274696
1614.138000,0.392405
1614.139000,0.375326
1614.140000,0.319791
1614.141000,0.391332
1614.142000,0.263978
1614.143000,0.354757
1614.144000,0.574776
1614.145000,0.357530
1614.146000,0.291091
1614.147000,0.462551
1614.148000,0.501167
1614.149000,0.614382
1614.150000,0.632953
1614.151000,0.643111
1614.152000,0.583715
1614.153000,0.493238
1614.154000,0.532404
1614.155000,0.486320
1614.156000,0.451964
1614.157000,0.351931
1614.158000,0.192959
1614.159000,0.054907
1614.160000,0.271249
1614.161000,0.149854
1614.162000,0.067847
1614.163000,0.103278
1614.164000,0.143902
1614.165000,0.174061
1614.166000,0.132268
1614.167000,-0.040794
1614.168000,-0.088635
1614.169000,-0.279819
1614.170000,-0.310741
1614.171000,-0.382611
1614.172000,-0.432222
1614.173000,-0.430886
1614.174000,-0.534098
1614.175000,-0.474898
1614.176000,-0.379412
1614.177000,-0.515592
1614.178000,-0.362607
1614.179000,-0.338675
1614.180000,-0.250964
1614.181000,-0.098989
1614.182000,-0.220942
1614.183000,-0.156244
1614.184000,-0.232256
1614.185000,-0.268922
1614.186000,-0.391550
1614.187000,-0.380235
1614.188000,-0.292158
1614.189000,-0.112466
1614.190000,-0.162925
1614.191000,-0.141798
1614.192000,-0.028429
1614.193000,-0.003491
1614.194000,-0.122850
1614.195000,-0.123287
1614.196000,-0.285539
1614.197000,-0.328453
1614.198000,-0.282786
1614.199000,-0.459579
1614.200000,-0.553720
1614.201000,-0.724127
1614.202000,-0.782423
1614.203000,-0.936859
1614.204000,-0.997645
1614.205000,-0.882883
1614.206000,-0.882650
1614.207000,-0.846657
1614.208000,-0.860959
1614.209000,-0.784770
1614.210000,-0.702124
1614.211000,-0.790120
1614.212000,-0.809282
1614.213000,-0.944698
1614.214000,-0.751893
1614.215000,-0.779835
1614.216000,-0.674238
1614.217000,-0.620894
1614.218000,-0.457812
1614.219000,-0.473155
1614.220000,-0.456121
1614.221000,-0.473067
1614.222000,-0.325026
1614.223000,-0.408417
1614.224000,-0.601023
1614.225000,-0.696044
1614.226000,-0.667988
1614.227000,-0.855131
1614.228000,-1.082702
1614.229000,-1.061455
1614.230000,-1.002379
1614.231000,-0.945337
1614.232000,-0.783137
1614.233000,-0.906828
1614.234000,-0.803716
1614.235000,-0.674854
1614.236000,-0.538981
1614.237000,-0.610758
1614.238000,-0.581656
1614.239000,-0.628733
1614.240000,-0.475613
1614.241000,-0.446113
1614.242000,-0.395466
1614.243000,-0.317251
1614.244000,-0.500155
1614.245000,-0.562877
1614.246000,-0.582226
1614.247000,-0.707793
1614.248000,-0.726329
1614.249000,-0.550897
1614.250000,-0.553933
1614.251000,-0.484288
1614.252000,-0.742821
1614.253000,-0.692214
1614.254000,-0.715476
1614.255000,-0.638657
1614.256000,-0.583688
1614.257000,-0.784386
1614.258000,-0.814989
1614.259000,-0.803651
1614.260000,-0.871034
1614.261000,-0.919447
1614.262000,-0.833638
1614.263000,-0.924333
1614.264000,-1.098087
1614.265000,-1.005118
1614.266000,-0.855485
1614.267000,-1.247887
1614.268000,-1.285702
1614.269000,-1.263838
1614.270000,-1.154080
1614.271000,-1.010994
1614.272000,-0.959036
1614.273000,-0.921369
1614.274000,-0.893411
1614.275000,-0.819385
1614.276000,-0.650904
1614.277000,-0.565099
1614.278000,-0.381202
1614.279000,-0.233378
1614.280000,-0.344867
1614.281000,-0.293829
1614.282000,-0.454474
1614.283000,-0.432909
1614.284000,-0.562669
1614.285000,-0.480181
1614.286000,-0.212329
1614.287000,-0.077577
1614.288000,-0.048776
1614.289000,-0.049986
1614.290000,0.021909
1614.291000,-0.027298
1614.292000,0.167713
1614.293000,0.128328
1614.294000,0.178517
1614.295000,0.223450
1614.296000,0.094297
1614.297000,0.243646
1614.298000,0.242749
1614.299000,0.310976
1614.300000,0.284911
1614.301000,0.310501
1614.302000,0.368452
1614.303000,0.236477
1614.304000,0.201949
1614.305000,0.324589
1614.306000,0.363265
1614.307000,0.204640
1614.308000,0.254647
1614.309000,0.252130
1614.310000,0.265786
1614.311000,0.295688
1614.312000,0.299093
1614.313000,0.474069
1614.314000,0.356978
1614.315000,0.193555
1614.316000,0.346105
1614.317000,0.226989
1614.318000,0.296313
1614.319000,0.366855
1614.320000,0.467625
1614.321000,0.511551
1614.322000,0.542939
1614.323000,0.458573
1614.324000,0.393581
1614.325000,0.509605
1614.326000,0.524396
1614.327000,0.458635
1614.328000,0.401285
1614.329000,0.350541
1614.330000,0.488676
1614.331000,0.531526
1614.332000,0.547080
1614.333000,0.603295
1614.334000,0.628490
1614.335000,0.751401
1614.336000,0.741511
1614.337000,0.880402
1614.338000,0.614702
1614.339000,0.607460
1614.340000,0.569948
1614.341000,0.499538
1614.342000,0.564452
1614.343000,0.556935
1614.344000,0.364001
1614.345000,0.224448
1614.346000,0.299535
1614.347000,0.188816
1614.348000,0.159300
1614.349000,0.125430
1614.350000,0.205352
1614.351000,0.272136
1614.352000,0.123229
1614.353000,0.122590
1614.354000,0.012252
1614.355000,-0.092550
1614.356000,-0.247773
1614.357000,-0.051326
1614.358000,0.048418
1614.359000,0.188761
1614.360000,0.047833
1614.361000,0.078592
1614.362000,0.088277
1614.363000,0.153144
1614.364000,0.014572
1614.365000,0.166900
1614.366000,-0.047290
1614.367000,0.085559
1614.368000,-0.117453
1614.369000,-0.123256
1614.370000,-0.061803
1614.371000,0.051246
1614.372000,-0.122502
1614.373000,-0.098695
1614.374000,0.043271
1614.375000,0.146494
1614.376000,0.293766
1614.377000,0.270592
1614.378000,0.177309
1614.379000,0.178819
1614.380000,0.217856
1614.381000,0.166467
1614.382000,0.140036
1614.383000,0.293995
1614.384000,0.284338
1614.385000,0.124865
1614.386000,-0.020314
1614.387000,0.034172
1614.388000,0.230066
1614.389000,0.085523
1614.390000,0.123993
1614.391000,0.001084
1614.392000,-0.143008
1614.393000,-0.113150
1614.394000,-0.231456
1614.395000,-0.349497
1614.396000,-0.131368
1614.397000,-0.037005
1614.398000,-0.119574
1614.399000,-0.140705
1614.400000,-0.212392
1614.401000,-0.120229
1614.402000,-0.113311
1614.403000,-0.256659
1614.404000,-0.415738
1614.405000,-0.507775
1614.406000,-0.454781
1614.407000,-0.421881
1614.408000,-0.694856
1614.409000,-0.780659
1614.410000,-0.765835
1614.411000,-0.700352
1614.412000,-0.772730
1614.413000,-0.716231
1614.414000,-0.647012
1614.415000,-0.603471
1614.416000,-0.473355
1614.417000,-0.448540
1614.418000,-0.369093
1614.419000,-0.449075
1614.420000,-0.515890
1614.421000,-0.505539
1614.422000,-0.618484
1614.423000,-0.752675
1614.424000,-0.434673
1614.425000,-0.447447
1614.426000,-0.449842
1614.427000,-0.390457
1614.428000,-0.448138
1614.429000,-0.498535
1614.430000,-0.424912
1614.431000,-0.417574
1614.432000,-0.363083
1614.433000,-0.182999
1614.434000,-0.076267
1614.435000,0.068375
1614.436000,0.034207
1614.437000,-0.054640
1614.438000,0.023343
1614.439000,-0.014369
1614.440000,-0.048241
1614.441000,-0.033306
1614.442000,0.087873
1614.443000,0.062047
1614.444000,0.014755
1614.445000,0.011079
1614.446000,-0.025348
1614.447000,-0.091683
1614.448000,-0.110337
1614.449000,0.006703
1614.450000,-0.009086
1614.451000,0.078049
1614.452000,0.012843
1614.453000,0.035445
1614.454000,0.072104
1614.455000,0.052726
1614.456000,0.044433
1614.457000,-0.083926
1614.458000,0.132561
1614.459000,0.138175
1614.460000,0.076400
1614.461000,0.030414
1614.462000,0.056635
1614.463000,0.147154
1614.464000,0.022807
1614.465000,0.015768
1614.466000,-0.149061
1614.467000,-0.261578
1614.468000,-0.288416
1614.469000,-0.376576
1614.470000,-0.443961
1614.471000,-0.554962
1614.472000,-0.498058
1614.473000,-0.380332
1614.474000,-0.434701
1614.475000,-0.452950
1614.476000,-0.520444
1614.477000,-0.325244
1614.478000,-0.388981
1614.479000,-0.421136
1614.480000,-0.562590
1614.481000,-0.529402
1614.482000,-0.569707
1614.483000,-0.490333
1614.484000,-0.606161
1614.485000,-0.516191
1614.486000,-0.546138
1614.487000,-0.492295
1614.488000,-0.458024
1614.489000,-0.354890
1614.490000,-0.387350
1614.491000,-0.527431
1614.492000,-0.417890
1614.493000,-0.409963
1614.494000,-0.474187
1614.495000,-0.386345
1614.496000,-0.288969
1614.497000,-0.392826
1614.498000,-0.417766
1614.499000,-0.329171
1614.500000,-0.322910
1614.501000,-0.351261
1614.502000,-0.308644
1614.503000,-0.471679
1614.504000,-0.497701
1614.505000,-0.557238
1614.506000,-0.472032
1614.507000,-0.540171
1614.508000,-0.584279
1614.509000,-0.717625
1614.510000,-0.633008
1614.511000,-0.622889
1614.512000,-0.577071
1614.513000,-0.403603
1614.514000,-0.395033
1614.515000,-0.565346
1614.516000,-0.570297
1614.517000,-0.604302
1614.518000,-0.532635
1614.519000,-0.302366
1614.520000,-0.338295
1614.521000,-0.174878
1614.522000,-0.207123
1614.523000,-0.047012
1614.524000,-0.012695
1614.525000,-0.066653
1614.526000,-0.207533
1614.527000,-0.300261
1614.528000,-0.305201
1614.529000,-0.310558
1614.530000,-0.186513
1614.531000,-0.236623
1614.532000,-0.236799
1614.533000,-0.386774
1614.534000,-0.290191
1614.535000,-0.328479
1614.536000,-0.210419
1614.537000,-0.256127
1614.538000,-0.188892
1614.539000,-0.184085
1614.540000,-0.096283
1614.541000,-0.149026
1614.542000,-0.278903
1614.543000,-0.205547
1614.544000,-0.256051
1614.545000,-0.080825
1614.546000,-0.383566
1614.547000,-0.405612
1614.548000,-0.386211
1614.549000,-0.261563
1614.550000,-0.012858
1614.551000,0.057457
1614.552000,0.156478
1614.553000,0.257757
1614.554000,0.319890
1614.555000,0.406872
1614.556000,0.366413
1614.557000,0.369560
1614.558000,0.300753
1614.559000,0.159345
1614.560000,0.098593
1614.561000,0.086047
1614.562000,0.094713
1614.563000,0.275613
1614.564000,0.268076
1614.565000,0.305687
1614.566000,0.384461
1614.567000,0.341591
1614.568000,0.257560
1614.569000,0.183849
1614.570000,0.286370
1614.571000,0.335684
1614.572000,0.501608
1614.573000,0.577302
1614.574000,0.463087
1614.575000,0.474065
1614.576000,0.427240
1614.577000,0.477992
1614.578000,0.506282
1614.579000,0.291906
1614.580000,0.278520
1614.581000,0.200643
1614.582000,0.202020
1614.583000,0.364210
1614.584000,0.345731
1614.585000,0.417985
1614.586000,0.370964
1614.587000,0.365580
1614.588000,0.304488
1614.589000,0.209345
1614.590000,0.166992
1614.591000,0.106045
1614.592000,0.082336
1614.593000,0.023198
1614.594000,-0.085508
1614.595000,0.015139
1614.596000,0.110359
1614.597000,0.017494
1614.598000,0.060554
1614.599000,-0.038651
1614.600000,-0.023949
1614.601000,0.024100
1614.602000,0.051313
1614.603000,0.061933
1614.604000,0.184849
1614.605000,0.175614
1614.606000,0.259149
1614.607000,0.176996
1614.608000,0.192409
1614.609000,0.180385
1614.610000,0.072101
1614.611000,0.224921
1614.612000,0.099166
1614.613000,0.201386
1614.614000,0.113824
1614.615000,0.150286
1614.616000,0.018763
1614.617000,-0.001809
1614.618000,-0.025306
1614.619000,-0.041576
1614.620000,-0.194900
1614.621000,-0.197230
1614.622000,-0.151782
1614.623000,-0.104899
1614.624000,-0.052451
1614.625000,-0.068357
1614.626000,-0.093049
1614.627000,-0.204018
1614.628000,-0.082298
1614.629000,-0.241609
1614.630000,-0.296116
1614.631000,-0.288371
1614.632000,-0.255457
1614.633000,-0.321369
1614.634000,-0.276975
1614.635000,-0.231843
1614.636000,-0.147059
1614.637000,-0.204933
1614.638000,-0.141330
1614.639000,-0.251286
1614.640000,-0.148481
1614.641000,-0.070686
1614.642000,-0.178035
1614.643000,-0.225282
1614.644000,-0.155221
1614.645000,-0.152942
1614.646000,-0.192025
1614.647000,-0.047455
1614.648000,-0.069223
1614.649000,-0.195419
1614.650000,0.023723
1614.651000,0.000753
1614.652000,-0.067579
1614.653000,-0.193885
1614.654000,-0.241809
1614.655000,-0.335046
1614.656000,-0.405889
1614.657000,-0.471202
1614.658000,-0.467640
1614.659000,-0.638592
1614.660000,-0.617708
1614.661000,-0.660343
1614.662000,-0.491550
1614.663000,-0.457280
1614.664000,-0.586216
1614.665000,-0.532054
1614.666000,-0.501855
1614.667000,-0.501351
1614.668000,-0.402150
1614.669000,-0.406870
1614.670000,-0.399843
1614.671000,-0.283414
1614.672000,-0.465665
1614.673000,-0.450813
1614.674000,-0.315979
1614.675000,-0.198920
1614.676000,-0.284842
1614.677000,-0.075243
1614.678000,-0.075330
1614.679000,-0.068342
1614.680000,0.048751
1614.681000,0.055499
1614.682000,0.053419
1614.683000,0.132837
1614.684000,0.131765
1614.685000,0.034993
1614.686000,0.091675
1614.687000,0.151553
1614.688000,0.148051
1614.689000,0.142213
1614.690000,0.305955
1614.691000,0.077474
1614.692000,-0.013611
1614.693000,0.086453
1614.694000,0.055829
1614.695000,-0.138446
1614.696000,0.057202
1614.697000,-0.079888
1614.698000,-0.022192
1614.699000,-0.042115
1614.700000,0.008767
1614.701000,-0.021365
1614.702000,-0.150615
1614.703000,0.077068
1614.704000,0.062070
1614.705000,-0.043063
1614.706000,-0.059773
1614.707000,0.008808
1614.708000,0.005684
1614.709000,0.043380
1614.710000,0.090950
1614.711000,0.137809
1614.712000,0.155188
1614.713000,0.282869
1614.714000,0.393109
1614.715000,0.420833
1614.716000,0.450153
1614.717000,0.428970
1614.718000,0.443235
1614.719000,0.696560
1614.720000,0.673718
1614.721000,0.819766
1614.722000,0.664029
1614.723000,0.794601
1614.724000,0.859203
1614.725000,0.824031
1614.726000,0.707116
1614.727000,0.722717
1614.728000,0.873852
1614.729000,0.940661
1614.730000,1.007889
1614.731000,0.954296
1614.732000,0.982692
1614.733000,0.998706
1614.734000,0.963477
1614.735000,1.113282
1614.736000,1.177213
1614.737000,1.108627
1614.738000,1.142813
1614.739000,1.051092
1614.740000,1.028286
1614.741000,0.858227
1614.742000,0.767636
1614.743000,0.782833
1614.744000,0.912156
1614.745000,0.853685
1614.746000,1.004998
1614.747000,1.136959
1614.748000,1.091584
1614.749000,1.114267
1614.750000,1.058762
1614.751000,1.136272
1614.752000,1.351180
1614.753000,1.178213
1614.754000,1.051300
1614.755000,1.050037
1614.756000,0.925165
1614.757000,0.905671
1614.758000,0.817077
1614.759000,0.657292
1614.760000,0.800057
1614.761000,0.785125
1614.762000,0.901349
1614.763000,0.931055
1614.764000,0.967862
1614.765000,0.870046
1614.766000,0.840528
1614.767000,0.693291
1614.768000,0.731563
1614.769000,0.572815
1614.770000,0.498074
1614.771000,0.666509
1614.772000,0.673137
1614.773000,0.625653
1614.774000,0.642950
1614.775000,0.491626
1614.776000,0.321136
1614.777000,0.314844
1614.778000,0.219226
1614.779000,0.117020
1614.780000,0.016629
1614.781000,-0.148627
1614.782000,-0.268888
1614.783000,-0.528030
1614.784000,-0.409140
1614.785000,-0.414656
1614.786000,-0.233067
1614.787000,-0.208580
1614.788000,-0.217746
1614.789000,-0.268095
1614.790000,-0.220423
1614.791000,-0.366027
1614.792000,-0.295021
1614.793000,-0.155242
1614.794000,-0.216409
1614.795000,-0.013415
1614.796000,-0.102970
1614.797000,-0.026019
1614.798000,-0.100301
1614.799000,-0.112108
1614.800000,-0.044125
1614.801000,-0.264828
1614.802000,-0.048366
1614.803000,-0.112275
1614.804000,-0.343178
1614.805000,-0.477798
1614.806000,-0.601015
1614.807000,-0.585063
1614.808000,-0.467323
1614.809000,-0.427324
1614.810000,-0.313577
1614.811000,-0.179022
1614.812000,-0.449193
1614.813000,-0.689950
1614.814000,-0.801986
1614.815000,-0.707720
1614.816000,-0.651464
1614.817000,-0.717336
1614.818000,-0.741881
1614.819000,-0.616463
1614.820000,-0.653276
1614.821000,-0.689188
1614.822000,-0.606165
1614.823000,-0.401489
1614.824000,-0.558449
1614.825000,-0.323664
1614.826000,-0.349563
1614.827000,-0.458125
1614.828000,-0.539182
1614.829000,-0.591700
1614.830000,-0.527385
1614.831000,-0.573911
1614.832000,-0.583650
1614.833000,-0.579687
1614.834000,-0.648023
1614.835000,-0.608950
1614.836000,-0.626185
1614.837000,-0.584609
1614.838000,-0.493550
1614.839000,-0.424066
1614.840000,-0.409238
1614.841000,-0.334499
1614.842000,-0.492942
1614.843000,-0.514120
1614.844000,-0.716106
1614.845000,-0.592374
1614.846000,-0.449570
1614.847000,-0.497887
1614.848000,-0.542001
1614.849000,-0.492545
1614.850000,-0.244758
1614.851000,-0.220210
1614.852000,-0.240951
1614.853000,-0.006957
1614.854000,-0.029231
1614.855000,-0.002686
1614.856000,-0.121171
1614.857000,-0.125316
1614.858000,0.017882
1614.859000,-0.038241
1614.860000,-0.044807
1614.861000,-0.034772
1614.862000,0.114577
1614.863000,0.205507
1614.864000,0.142777
1614.865000,0.071160
1614.866000,0.251493
1614.867000,0.211071
1614.868000,0.070775
1614.869000,0.065285
1614.870000,0.204660
1614.871000,0.130270
1614.872000,0.154571
1614.873000,0.279078
1614.874000,0.247557
1614.875000,0.241994
1614.876000,0.256756
1614.877000,0.214612
1614.878000,0.244263
1614.879000,0.048084
1614.880000,-0.078916
1614.881000,-0.142885
1614.882000,-0.283898
1614.883000,-0.143728
1614.884000,-0.194687
1614.885000,-0.246084
1614.886000,-0.262405
1614.887000,-0.229263
1614.888000,-0.272198
1614.889000,-0.188256
1614.890000,-0.053582
1614.891000,0.084393
1614.892000,0.094412
1614.893000,0.148077
1614.894000,0.132486
1614.895000,0.018462
1614.896000,-0.010005
1614.897000,0.137084
1614.898000,0.164458
1614.899000,0.266372
1614.900000,0.283754
1614.901000,0.216865
1614.902000,0.126731
1614.903000,0.201132
1614.904000,0.416886
1614.905000,0.526269
1614.906000,0.650965
1614.907000,0.590945
1614.908000,0.761746
1614.909000,0.687787
1614.910000,0.849857
1614.911000,0.843631
1614.912000,0.604342
1614.913000,0.647221
1614.914000,0.552354
1614.915000,0.463107
1614.916000,0.385341
1614.917000,0.292185
1614.918000,0.275366
1614.919000,0.147604
1614.920000,0.128698
1614.921000,0.071517
1614.922000,0.079582
1614.923000,0.064325
1614.924000,-0.012569
1614.925000,0.115196
1614.926000,0.107933
1614.927000,-0.052254
1614.928000,-0.021544
1614.929000,0.045770
1614.930000,0.066927
1614.931000,0.072280
1614.932000,-0.019811
1614.933000,0.076574
1614.934000,-0.051446
1614.935000,-0.128295
1614.936000,-0.099803
1614.937000,-0.113435
1614.938000,-0.089912
1614.939000,-0.208147
1614.940000,-0.114550
1614.941000,-0.129764
1614.942000,-0.103426
1614.943000,-0.119720
1614.944000,-0.318572
1614.945000,-0.288868
1614.946000,-0.289563
1614.947000,-0.332939
1614.948000,-0.367896
1614.949000,-0.248482
1614.950000,-0.108495
1614.951000,-0.212648
1614.952000,-0.436802
1614.953000,-0.482157
1614.954000,-0.300883
1614.955000,-0.275805
1614.956000,-0.355834
1614.957000,-0.397640
1614.958000,-0.327645
1614.959000,-0.325465
1614.960000,-0.507370
1614.961000,-0.386671
1614.962000,-0.473001
1614.963000,-0.544499
1614.964000,-0.412631
1614.965000,-0.408595
1614.966000,-0.297913
1614.967000,-0.476361
1614.968000,-0.423902
1614.969000,-0.402012
1614.970000,-0.374801
1614.971000,-0.468999
1614.972000,-0.456731
1614.973000,-0.603478
1614.974000,-0.575734
1614.975000,-0.315388
1614.976000,-0.272072
1614.977000,-0.180353
1614.978000,-0.081550
1614.979000,-0.122900
1614.980000,0.046171
1614.981000,0.135822
1614.982000,0.027775
1614.983000,0.131096
1614.984000,0.011795
1614.985000,0.042226
1614.986000,0.215229
1614.987000,0.291317
1614.988000,0.283401
1614.989000,0.287059
1614.990000,0.208585
1614.991000,0.141421
1614.992000,0.160605
1614.993000,0.316333
1614.994000,0.376192
1614.995000,0.464824
1614.996000,0.561512
1614.997000,0.609934
1614.998000,0.484053
1614.999000,0.487061
1615.000000,0.598174
1615.001000,0.696567
1615.002000,0.717033
1615.003000,0.792524
1615.004000,0.870817
1615.005000,0.808693
1615.006000,0.843966
1615.007000,0.892982
1615.008000,0.849837
1615.009000,0.716792
1615.010000,0.558749
1615.011000,0.476263
1615.012000,0.509426
1615.013000,0.388273
1615.014000,0.361961
1615.015000,0.212598
1615.016000,0.073960
1615.017000,0.137692
1615.018000,0.183855
1615.019000,0.218934
1615.020000,0.009334
1615.021000,0.069230
1615.022000,0.145074
1615.023000,0.133740
1615.024000,0.044761
1615.025000,0.059604
1615.026000,0.148596
1615.027000,0.211137
1615.028000,0.181496
1615.029000,0.207755
1615.030000,0.169580
1615.031000,0.067567
1615.032000,0.026937
1615.033000,0.178823
1615.034000,0.037808
1615.035000,-0.096990
1615.036000,0.037222
1615.037000,-0.148935
1615.038000,-0.232196
1615.039000,-0.179327
1615.040000,-0.293653
1615.041000,-0.297971
1615.042000,-0.353589
1615.043000,-0.248379
1615.044000,-0.171057
1615.045000,-0.108858
1615.046000,-0.188111
1615.047000,-0.221704
1615.048000,-0.279897
1615.049000,-0.313780
1615.050000,-0.434101
1615.051000,-0.567056
1615.052000,-0.381456
1615.053000,-0.428127
1615.054000,-0.318546
1615.055000,-0.282580
1615.056000,-0.155459
1615.057000,-0.137749
1615.058000,-0.271423
1615.059000,-0.044059
1615.060000,-0.021675
1615.061000,0.040842
1615.062000,-0.080210
1615.063000,0.086178
1615.064000,0.132620
1615.065000,-0.031935
1615.066000,0.014988
1615.067000,0.085307
1615.068000,0.145521
1615.069000,0.311462
1615.070000,0.405792
1615.071000,0.427758
1615.072000,0.446644
1615.073000,0.548618
1615.074000,0.600013
1615.075000,0.608825
1615.076000,0.881973
1615.077000,0.784466
1615.078000,0.750696
1615.079000,0.711881
1615.080000,0.755994
1615.081000,0.652774
1615.082000,0.812038
1615.083000,0.774985
1615.084000,0.826209
1615.085000,0.834847
1615.086000,0.727573
1615.087000,0.594111
1615.088000,0.482498
1615.089000,0.469641
1615.090000,0.456280
1615.091000,0.236178
1615.092000,0.440633
1615.093000,0.574952
1615.094000,0.632200
1615.095000,0.542668
1615.096000,0.868399
1615.097000,1.113506
1615.098000,0.996683
1615.099000,0.920657
1615.100000,1.103881
1615.101000,1.178479
1615.102000,1.108757
1615.103000,0.977839
1615.104000,1.072646
1615.105000,1.080075
1615.106000,1.114535
1615.107000,1.054156
1615.108000,0.905867
1615.109000,0.884703
1615.110000,0.907430
1615.111000,0.828273
1615.112000,0.835191
1615.113000,0.716169
1615.114000,0.653210
1615.115000,0.686689
1615.116000,0.607335
1615.117000,0.523668
1615.118000,0.433757
1615.119000,0.477375
1615.120000,0.336366
1615.121000,0.539405
1615.122000,0.324169
1615.123000,0.171087
1615.124000,0.133078
1615.125000,0.084634
1615.126000,0.176154
1615.127000,0.222549
1615.128000,0.098898
1615.129000,0.003644
1615.130000,0.034636
1615.131000,0.041627
1615.132000,-0.112685
1615.133000,0.012570
1615.134000,0.005148
1615.135000,0.213357
1615.136000,0.150156
1615.137000,0.261864
1615.138000,0.267212
1615.139000,0.299790
1615.140000,0.209433
1615.141000,0.200421
1615.142000,0.085424
1615.143000,-0.007334
1615.144000,0.041357
1615.145000,-0.215394
1615.146000,-0.152599
1615.147000,0.039673
1615.148000,-0.143077
1615.149000,-0.082792
1615.150000,-0.158337
1615.151000,0.099224
1615.152000,0.144206
1615.153000,0.291723
1615.154000,0.331953
1615.155000,0.372416
1615.156000,0.375957
1615.157000,0.266367
1615.158000,0.156281
1615.159000,-0.049906
1615.160000,-0.128236
1615.161000,-0.140410
1615.162000,-0.127915
1615.163000,-0.212424
1615.164000,-0.446243
1615.165000,-0.323840
1615.166000,-0.212416
1615.167000,-0.147952
1615.168000,0.169951
1615.169000,0.268333
1615.170000,0.404179
1615.171000,0.536687
1615.172000,0.496385
1615.173000,0.480939
1615.174000,0.366510
1615.175000,0.401843
1615.176000,0.400606
1615.177000,0.521227
1615.178000,0.325167
1615.179000,0.116022
1615.180000,0.119344
1615.181000,0.166587
1615.182000,0.155943
1615.183000,0.395957
1615.184000,0.450946
1615.185000,0.362748
1615.186000,0.291275
1615.187000,0.558214
1615.188000,0.541642
1615.189000,0.533722
1615.190000,0.397715
1615.191000,0.222829
1615.192000,0.350362
1615.193000,0.187159
1615.194000,0.170213
1615.195000,0.109338
1615.196000,0.064277
1615.197000,0.067139
1615.198000,-0.049311
1615.199000,-0.092825
1615.200000,-0.292169
1615.201000,-0.288732
1615.202000,-0.191599
1615.203000,-0.228975
1615.204000,-0.295494
1615.205000,-0.061291
1615.206000,-0.016047
1615.207000,-0.097499
1615.208000,-0.284951
1615.209000,-0.264046
1615.210000,-0.249435
1615.211000,-0.318794
1615.212000,-0.356670
1615.213000,-0.639690
1615.214000,-0.688537
1615.215000,-0.569598
1615.216000,-0.576440
1615.217000,-0.476879
1615.218000,-0.488043
1615.219000,-0.483332
1615.220000,-0.483550
1615.221000,-0.604470
1615.222000,-0.447172
1615.223000,-0.445255
1615.224000,-0.450063
1615.225000,-0.360167
1615.226000,-0.387278
1615.227000,-0.335465
1615.228000,-0.120928
1615.229000,-0.215830
1615.230000,-0.296443
1615.231000,-0.444041
1615.232000,-0.116500
1615.233000,-0.272302
1615.234000,-0.393887
1615.235000,-0.236156
1615.236000,-0.263499
1615.237000,-0.296406
1615.238000,-0.351965
1615.239000,-0.181737
1615.240000,-0.087260
1615.241000,-0.107232
1615.242000,-0.188867
1615.243000,-0.200924
1615.244000,-0.292013
1615.245000,-0.458043
1615.246000,-0.464722
1615.247000,-0.368752
1615.248000,-0.426006
1615.249000,-0.398108
1615.250000,-0.252077
1615.251000,-0.353377
1615.252000,-0.361608
1615.253000,-0.407610
1615.254000,-0.530957
1615.255000,-0.606045
1615.256000,-0.547597
1615.257000,-0.535664
1615.258000,-0.511083
1615.259000,-0.413482
1615.260000,-0.343285
1615.261000,-0.301496
1615.262000,-0.250342
1615.263000,-0.342895
1615.264000,-0.384938
1615.265000,-0.351143
1615.266000,-0.206805
1615.267000,-0.176695
1615.268000,-0.210929
1615.269000,-0.292705
1615.270000,-0.401494
1615.271000,-0.480619
1615.272000,-0.234858
1615.273000,-0.213626
1615.274000,-0.174567
1615.275000,-0.234442
1615.276000,-0.274867
1615.277000,-0.232506
1615.278000,-0.159801
1615.279000,-0.247305
1615.280000,-0.343954
1615.281000,-0.261587
1615.282000,-0.364794
1615.283000,-0.398096
1615.284000,-0.356638
1615.285000,-0.583589
1615.286000,-0.574244
1615.287000,-0.654925
1615.288000,-0.722206
1615.289000,-0.587007
1615.290000,-0.540288
1615.291000,-0.454167
1615.292000,-0.518049
1615.293000,-0.597533
1615.294000,-0.493518
1615.295000,-0.653465
1615.296000,-0.600852
1615.297000,-0.450514
1615.298000,-0.399570
1615.299000,-0.448308
1615.300000,-0.415114
1615.301000,-0.607102
1615.302000,-0.443564
1615.303000,-0.365735
1615.304000,-0.443290
1615.305000,-0.380570
1615.306000,-0.177963
1615.307000,-0.102267
1615.308000,-0.070386
1615.309000,0.033086
1615.310000,0.128449
1615.311000,0.319105
1615.312000,0.322894
1615.313000,0.414956
1615.314000,0.379585
1615.315000,0.476823
1615.316000,0.553529
1615.317000,0.665148
1615.318000,0.457230
1615.319000,0.511032
1615.320000,0.650898
1615.321000,0.665338
1615.322000,0.572459
1615.323000,0.524721
1615.324000,0.652895
1615.325000,0.487298
1615.326000,0.586338
1615.327000,0.638984
1615.328000,0.712116
1615.329000,0.548099
1615.330000,0.637680
1615.331000,0.811784
1615.332000,0.571130
1615.333000,0.772610
1615.334000,0.822648
1615.335000,0.793828
1615.336000,0.781833
1615.337000,0.642592
1615.338000,0.499452
1615.339000,0.636577
1615.340000,0.548741
1615.341000,0.392642
1615.342000,0.238177
1615.343000,0.328628
1615.344000,0.157493
1615.345000,0.289280
1615.346000,0.438861
1615.347000,0.419885
1615.348000,0.437357
1615.349000,0.305142
1615.350000,0.237219
1615.351000,0.257218
1615.352000,0.241758
1615.353000,0.242645
1615.354000,0.105215
1615.355000,0.020020
1615.356000,0.026329
1615.357000,-0.021338
1615.358000,-0.305572
1615.359000,-0.196892
1615.360000,-0.084903
1615.361000,-0.102657
1615.362000,-0.208251
1615.363000,-0.278787
1615.364000,-0.332041
1615.365000,-0.335720
1615.366000,-0.135244
1615.367000,-0.084990
1615.368000,0.037089
1615.369000,0.184251
1615.370000,0.122887
1615.371000,0.136620
1615.372000,0.182380
1615.373000,0.189196
1615.374000,0.227906
1615.375000,0.279037
1615.376000,0.270326
1615.377000,0.374042
1615.378000,0.413766
1615.379000,0.523992
1615.380000,0.461777
1615.381000,0.297450
1615.382000,0.113592
1615.383000,0.192800
1615.384000,0.207397
1615.385000,0.250479
1615.386000,0.272634
1615.387000,0.252647
1615.388000,0.266977
1615.389000,0.273381
1615.390000,0.126896
1615.391000,0.233432
1615.392000,0.051016
1615.393000,-0.019237
1615.394000,0.100633
1615.395000,0.058602
1615.396000,-0.016681
1615.397000,-0.003963
1615.398000,-0.024242
1615.399000,-0.137300
1615.400000,-0.248829
1615.401000,0.056866
1615.402000,0.131142
1615.403000,0.062757
1615.404000,-0.041279
1615.405000,-0.115682
1615.406000,-0.147705
1615.407000,-0.307850
1615.408000,-0.324258
1615.409000,-0.350344
1615.410000,-0.124516
1615.411000,-0.114139
1615.412000,-0.057743
1615.413000,0.074112
1615.414000,0.086961
1615.415000,0.110914
1615.416000,0.025480
1615.417000,-0.034161
1615.418000,-0.162245
1615.419000,-0.008049
1615.420000,-0.087127
1615.421000,0.116392
1615.422000,0.121077
1615.423000,0.131584
1615.424000,0.082137
1615.425000,0.206025
1615.426000,0.349301
1615.427000,0.323556
1615.428000,0.488572
1615.429000,0.452295
1615.430000,0.588664
1615.431000,0.577737
1615.432000,0.364739
1615.433000,0.327970
1615.434000,0.336700
1615.435000,0.250180
1615.436000,0.026841
1615.437000,0.076045
1615.438000,0.178824
1615.439000,0.282822
1615.440000,0.321388
1615.441000,0.343710
1615.442000,0.349340
1615.443000,0.391548
1615.444000,0.471229
1615.445000,0.490437
1615.446000,0.614908
1615.447000,0.417339
1615.448000,0.392962
1615.449000,0.447320
1615.450000,0.445520
1615.451000,0.353972
1615.452000,0.355089
1615.453000,0.277274
1615.454000,0.551491
1615.455000,0.529383
1615.456000,0.440548
1615.457000,0.325482
1615.458000,0.313328
1615.459000,0.264300
1615.460000,0.264026
1615.461000,0.509084
1615.462000,0.543770
1615.463000,0.505841
1615.464000,0.428424
1615.465000,0.446492
1615.466000,0.503462
1615.467000,0.337770
1615.468000,0.311389
1615.469000,0.227360
1615.470000,0.273108
1615.471000,0.136044
1615.472000,0.346137
1615.473000,0.467122
1615.474000,0.471815
1615.475000,0.439492
1615.476000,0.395236
1615.477000,0.312107
1615.478000,0.315311
1615.479000,0.407137
1615.480000,0.402115
1615.481000,0.296337
1615.482000,0.205368
1615.483000,0.080786
1615.484000,-0.044218
1615.485000,-0.004016
1615.486000,-0.145625
1615.487000,-0.090741
1615.488000,0.098889
1615.489000,0.181774
1615.490000,0.168768
1615.491000,0.140956
1615.492000,0.069494
1615.493000,0.101520
1615.494000,0.001863
1615.495000,0.044818
1615.496000,0.229543
1615.497000,0.261653
1615.498000,0.252476
1615.499000,0.107628
1615.500000,-0.019093
1615.501000,-0.004060
1615.502000,-0.204358
1615.503000,-0.401711
1615.504000,-0.415289
1615.505000,-0.230447
1615.506000,-0.094735
1615.507000,-0.038099
1615.508000,-0.062420
1615.509000,-0.140022
1615.510000,-0.161078
1615.511000,-0.096206
1615.512000,-0.170703
1615.513000,-0.007769
1615.514000,0.005269
1615.515000,-0.002921
1615.516000,-0.029081
1615.517000,-0.002835
1615.518000,-0.048719
1615.519000,-0.080607
1615.520000,-0.196577
1615.521000,-0.331016
1615.522000,-0.351331
1615.523000,-0.391966
1615.524000,-0.362644
1615.525000,-0.428577
1615.526000,-0.356551
1615.527000,-0.366095
1615.528000,-0.574391
1615.529000,-0.715001
1615.530000,-0.839988
1615.531000,-0.996689
1615.532000,-1.066539
1615.533000,-1.047253
1615.534000,-1.218615
1615.535000,-1.263586
1615.536000,-1.275352
1615.537000,-1.287507
1615.538000,-1.391575
1615.539000,-1.441942
1615.540000,-1.603179
1615.541000,-1.502931
1615.542000,-1.402635
1615.543000,-1.581034
1615.544000,-1.533091
1615.545000,-1.504651
1615.546000,-1.606788
1615.547000,-1.552654
1615.548000,-1.380832
1615.549000,-1.432449
1615.550000,-1.339789
1615.551000,-1.131571
1615.552000,-0.929040
1615.553000,-0.997051
1615.554000,-0.951350
1615.555000,-1.004216
1615.556000,-1.055016
1615.557000,-0.938369
1615.558000,-1.030240
1615.559000,-1.012045
1615.560000,-1.081417
1615.561000,-1.087752
1615.562000,-0.918529
1615.563000,-0.976818
1615.564000,-0.914985
1615.565000,-0.936000
1615.566000,-0.734263
1615.567000,-0.574710
1615.568000,-0.265914
1615.569000,-0.137420
1615.570000,-0.205438
1615.571000,-0.209591
1615.572000,-0.220560
1615.573000,-0.516484
1615.574000,-0.500329
1615.575000,-0.626197
1615.576000,-0.549893
1615.577000,-0.737541
1615.578000,-0.719970
1615.579000,-0.669157
1615.580000,-0.720555
1615.581000,-0.647418
1615.582000,-0.634096
1615.583000,-0.635654
1615.584000,-0.477428
1615.585000,-0.624949
1615.586000,-0.722750
1615.587000,-0.545135
1615.588000,-0.632246
1615.589000,-0.730326
1615.590000,-0.606849
1615.591000,-0.502585
1615.592000,-0.328053
1615.593000,-0.167354
1615.594000,-0.124399
1615.595000,-0.144689
1615.596000,-0.122760
1615.597000,-0.267057
1615.598000,-0.090673
1615.599000,-0.360294
1615.600000,-0.179146
1615.601000,-0.086603
1615.602000,0.042370
1615.603000,-0.026684
1615.604000,-0.033844
1615.605000,0.090151
1615.606000,0.011531
1615.607000,0.061878
1615.608000,0.214257
1615.609000,0.234509
1615.610000,0.236107
1615.611000,0.248505
1615.612000,0.135501
1615.613000,0.056853
1615.614000,0.081372
1615.615000,0.192643
1615.616000,0.230104
1615.617000,0.361971
1615.618000,0.417185
1615.619000,0.334220
1615.620000,0.462044
1615.621000,0.423660
1615.622000,0.506882
1615.623000,0.625828
1615.624000,0.575200
1615.625000,0.585387
1615.626000,0.796224
1615.627000,0.901112
1615.628000,0.919155
1615.629000,0.801323
1615.630000,0.884546
1615.631000,1.049410
1615.632000,0.941090
1615.633000,0.814504
1615.634000,0.812676
1615.635000,0.774644
1615.636000,0.678510
1615.637000,0.707549
1615.638000,0.744671
1615.639000,0.694569
1615.640000,0.686890
1615.641000,0.664424
1615.642000,0.514073
1615.643000,0.609043
1615.644000,0.681250
1615.645000,0.597139
1615.646000,0.618107
1615.647000,0.550858
1615.648000,0.473178
1615.649000,0.628093
1615.650000,0.568291
1615.651000,0.527646
1615.652000,0.598189
1615.653000,0.573488
1615.654000,0.674141
1615.655000,0.562402
1615.656000,0.557089
1615.657000,0.576757
1615.658000,0.687486
1615.659000,0.845153
1615.660000,0.666867
1615.661000,0.746442
1615.662000,0.805088
1615.663000,0.849930
1615.664000,0.821266
1615.665000,0.597630
1615.666000,0.624293
1615.667000,0.546458
1615.668000,0.629836
1615.669000,0.565409
1615.670000,0.747369
1615.671000,0.921775
1615.672000,0.878304
1615.673000,0.934273
1615.674000,0.880754
1615.675000,1.060012
1615.676000,1.022367
1615.677000,0.896086
1615.678000,1.023519
1615.679000,0.918427
1615.680000,1.125440
1615.681000,0.982174
1615.682000,0.941844
1615.683000,0.962396
1615.684000,0.829987
1615.685000,0.936535
1615.686000,0.941915
1615.687000,0.672289
1615.688000,0.800714
1615.689000,0.755810
1615.690000,0.794748
1615.691000,0.984413
1615.692000,1.073391
1615.693000,1.075138
1615.694000,1.018043
1615.695000,0.888042
1615.696000,0.749454
1615.697000,0.420581
1615.698000,0.350589
1615.699000,0.323789
1615.700000,0.408086
1615.701000,0.532761
1615.702000,0.420143
1615.703000,0.230314
1615.704000,0.081208
1615.705000,0.032970
1615.706000,0.001076
1615.707000,-0.022852
1615.708000,-0.011874
1615.709000,-0.052634
1615.710000,0.010578
1615.711000,0.189153
1615.712000,0.320445
1615.713000,0.340952
1615.714000,0.478902
1615.715000,0.348062
1615.716000,0.256190
1615.717000,0.301148
1615.718000,0.148493
1615.719000,0.144074
1615.720000,-0.210910
1615.721000,-0.214620
1615.722000,-0.254210
1615.723000,-0.416839
1615.724000,-0.460979
1615.725000,-0.619905
1615.726000,-0.724425
1615.727000,-0.539466
1615.728000,-0.721858
1615.729000,-0.793409
1615.730000,-0.731420
1615.731000,-0.733393
1615.732000,-0.676185
1615.733000,-0.843966
1615.734000,-0.925205
1615.735000,-0.801732
1615.736000,-0.521306
1615.737000,-0.578464
1615.738000,-0.498408
1615.739000,-0.521198
1615.740000,-0.532739
1615.741000,-0.305208
1615.742000,-0.588072
1615.743000,-0.445202
1615.744000,-0.352387
1615.745000,-0.366979
1615.746000,-0.459849
1615.747000,-0.412559
1615.748000,-0.480434
1615.749000,-0.440881
1615.750000,-0.623911
1615.751000,-0.632401
1615.752000,-0.683478
1615.753000,-0.764377
1615.754000,-0.683370
1615.755000,-0.727694
1615.756000,-0.845374
1615.757000,-0.859451
1615.758000,-0.929502
1615.759000,-0.947299
1615.760000,-0.831516
1615.761000,-0.987099
1615.762000,-0.957366
1615.763000,-0.814295
1615.764000,-0.962000
1615.765000,-0.982179
1615.766000,-1.034335
1615.767000,-1.054822
1615.768000,-0.960387
1615.769000,-0.996386
1615.770000,-0.883820
1615.771000,-0.910417
1615.772000,-0.838335
1615.773000,-0.860203
1615.774000,-0.778797
1615.775000,-0.836187
1615.776000,-0.794656
1615.777000,-0.935595
1615.778000,-0.942513
1615.779000,-0.945591
1615.780000,-1.051602
1615.781000,-1.258730
1615.782000,-1.110782
1615.783000,-1.158017
1615.784000,-1.230306
1615.785000,-1.344630
1615.786000,-1.264073
1615.787000,-1.438560
1615.788000,-1.274697
1615.789000,-1.427771
1615.790000,-1.414310
1615.791000,-1.173578
1615.792000,-0.910699
1615.793000,-0.869152
1615.794000,-0.725976
1615.795000,-0.824975
1615.796000,-0.658936
1615.797000,-0.508596
1615.798000,-0.615734
1615.799000,-0.477823
1615.800000,-0.472612
1615.801000,-0.473409
1615.802000,-0.349683
1615.803000,-0.373010
1615.804000,-0.381220
1615.805000,-0.358439
1615.806000,-0.487857
1615.807000,-0.415437
1615.808000,-0.341840
1615.809000,-0.276572
1615.810000,-0.298852
1615.811000,-0.341181
1615.812000,-0.235352
1615.813000,-0.120729
1615.814000,-0.175311
1615.815000,-0.222142
1615.816000,-0.106575
1615.817000,-0.115133
1615.818000,-0.129914
1615.819000,-0.052420
1615.820000,-0.038181
1615.821000,0.051047
1615.822000,0.164890
1615.823000,0.351362
1615.824000,0.437796
1615.825000,0.534772
1615.826000,0.528336
1615.827000,0.627980
1615.828000,0.610535
1615.829000,0.482763
1615.830000,0.462245
1615.831000,0.447420
1615.832000,0.356239
1615.833000,0.365273
1615.834000,0.368284
1615.835000,0.074005
1615.836000,-0.045348
1615.837000,-0.032420
1615.838000,-0.048246
1615.839000,-0.020620
1615.840000,0.034600
1615.841000,0.149634
1615.842000,0.115113
1615.843000,0.012327
1615.844000,-0.088545
1615.845000,-0.113290
1615.846000,-0.201802
1615.847000,-0.232219
1615.848000,-0.219079
1615.849000,0.009997
1615.850000,0.082938
1615.851000,0.152899
1615.852000,0.145186
1615.853000,-0.053917
1615.854000,0.049071
1615.855000,0.130372
1615.856000,0.347132
1615.857000,0.402631
1615.858000,0.477134
1615.859000,0.371175
1615.860000,0.282950
1615.861000,0.206229
1615.862000,0.179043
1615.863000,0.240370
1615.864000,0.175294
1615.865000,0.289753
1615.866000,0.161265
1615.867000,0.035213
1615.868000,0.157935
1615.869000,0.007911
1615.870000,0.058272
1615.871000,-0.034898
1615.872000,-0.087639
1615.873000,-0.073029
1615.874000,0.022131
1615.875000,-0.141245
1615.876000,-0.097469
1615.877000,0.068394
1615.878000,-0.076458
1615.879000,0.010700
1615.880000,-0.054516
1615.881000,0.092365
1615.882000,0.190195
1615.883000,0.254816
1615.884000,0.235999
1615.885000,0.185421
1615.886000,0.256081
1615.887000,0.455772
1615.888000,0.359958
1615.889000,0.283715
1615.890000,0.292939
1615.891000,0.324336
1615.892000,0.282619
1615.893000,0.315283
1615.894000,0.332845
1615.895000,0.409743
1615.896000,0.349713
1615.897000,0.260245
1615.898000,0.036612
1615.899000,0.205727
1615.900000,0.103391
1615.901000,0.394546
1615.902000,0.431782
1615.903000,0.380762
1615.904000,0.316809
1615.905000,0.368989
1615.906000,0.354282
1615.907000,0.354282
1615.908000,0.483369
1615.909000,0.325696
1615.910000,0.250791
1615.911000,0.283179
1615.912000,0.309045
1615.913000,0.326724
1615.914000,0.426866
1615.915000,0.420353
1615.916000,0.352675
1615.917000,0.481673
1615.918000,0.415379
1615.919000,0.459248
1615.920000,0.511254
1615.921000,0.275936
1615.922000,0.261609
1615.923000,0.346641
1615.924000,0.322387
1615.925000,0.370886
1615.926000,0.397821
1615.927000,0.401396
1615.928000,0.413416
1615.929000,0.444957
1615.930000,0.418886
1615.931000,0.421405
1615.932000,0.256849
1615.933000,0.170184
1615.934000,0.101942
1615.935000,0.063202
1615.936000,-0.142083
1615.937000,-0.230020
1615.938000,-0.117158
1615.939000,-0.029738
1615.940000,-0.008276
1615.941000,-0.015539
1615.942000,-0.020667
1615.943000,-0.085439
1615.944000,-0.254010
1615.945000,-0.325689
1615.946000,-0.246141
1615.947000,-0.233550
1615.948000,-0.286789
1615.949000,-0.395566
1615.950000,-0.398274
1615.951000,-0.118942
1615.952000,-0.093190
1615.953000,-0.310121
1615.954000,-0.224317
1615.955000,-0.208556
1615.956000,-0.063254
1615.957000,-0.231903
1615.958000,-0.131367
1615.959000,0.014990
1615.960000,0.161506
1615.961000,0.122590
1615.962000,0.173570
1615.963000,0.166300
1615.964000,0.324900
1615.965000,0.183592
1615.966000,0.313222
1615.967000,0.120690
1615.968000,0.029626
1615.969000,0.078895
1615.970000,-0.017384
1615.971000,-0.090868
1615.972000,-0.095922
1615.973000,-0.155521
1615.974000,-0.132382
1615.975000,-0.128464
1615.976000,-0.090072
1615.977000,-0.077370
1615.978000,0.013649
1615.979000,-0.014423
1615.980000,-0.119962
1615.981000,-0.131251
1615.982000,-0.262028
1615.983000,-0.453777
1615.984000,-0.432978
1615.985000,-0.346676
1615.986000,-0.447312
1615.987000,-0.448834
1615.988000,-0.460194
1615.989000,-0.348449
1615.990000,-0.370775
1615.991000,-0.181221
1615.992000,0.042961
1615.993000,-0.032535
1615.994000,-0.003936
1615.995000,0.087413
1615.996000,0.156852
1615.997000,0.168240
1615.998000,0.198624
1615.999000,0.310508
1616.000000,0.277911
1616.001000,0.237495
1616.002000,0.245531
1616.003000,0.338945
1616.004000,0.315299
1616.005000,0.208433
1616.006000,-0.009715
1616.007000,-0.286080
1616.008000,-0.543022
1616.009000,-0.674161
1616.010000,-0.739125
1616.011000,-0.823608
1616.012000,-0.726416
1616.013000,-0.605124
1616.014000,-0.450386
1616.015000,-0.418084
1616.016000,-0.294491
1616.017000,-0.407013
1616.018000,-0.271738
1616.019000,-0.113669
1616.020000,-0.134173
1616.021000,0.171850
1616.022000,0.207399
1616.023000,0.189649
1616.024000,0.164777
1616.025000,0.006533
1616.026000,0.205352
1616.027000,0.301346
1616.028000,0.305652
1616.029000,0.442771
1616.030000,0.494333
1616.031000,0.525386
1616.032000,0.513952
1616.033000,0.340602
1616.034000,0.465636
1616.035000,0.385233
1616.036000,0.476284
1616.037000,0.419290
1616.038000,0.525420
1616.039000,0.582748
1616.040000,0.561228
1616.041000,0.686454
1616.042000,0.799263
1616.043000,0.847493
1616.044000,0.771948
1616.045000,0.795700
1616.046000,0.721419
1616.047000,0.569989
1616.048000,0.346830
1616.049000,0.316314
1616.050000,0.452952
1616.051000,0.401332
1616.052000,0.342032
1616.053000,0.234424
1616.054000,0.360507
1616.055000,0.351498
1616.056000,0.396600
1616.057000,0.280252
1616.058000,0.302494
1616.059000,0.513166
1616.060000,0.503596
1616.061000,0.352206
1616.062000,0.243203
1616.063000,0.189457
1616.064000,0.090868
1616.065000,0.180881
1616.066000,0.363433
1616.067000,0.372984
1616.068000,0.331707
1616.069000,0.427588
1616.070000,0.402738
1616.071000,0.407497
1616.072000,0.381652
1616.073000,0.336381
1616.074000,0.427413
1616.075000,0.231190
1616.076000,0.201401
1616.077000,0.019412
1616.078000,0.084575
1616.079000,0.219030
1616.080000,0.148406
1616.081000,0.064811
1616.082000,0.053918
1616.083000,0.183065
1616.084000,0.147415
1616.085000,0.298997
1616.086000,0.343878
1616.087000,0.132707
1616.088000,-0.057518
1616.089000,-0.110117
1616.090000,0.022688
1616.091000,-0.029672
1616.092000,0.000326
1616.093000,0.034504
1616.094000,-0.099215
1616.095000,-0.148885
1616.096000,-0.265783
1616.097000,-0.009232
1616.098000,-0.083044
1616.099000,0.057422
1616.100000,0.124897
1616.101000,0.175424
1616.102000,0.153004
1616.103000,0.215545
1616.104000,0.382934
1616.105000,0.232211
1616.106000,0.152106
1616.107000,0.300590
1616.108000,0.284097
1616.109000,0.249024
1616.110000,0.241883
1616.111000,0.128095
1616.112000,0.250079
1616.113000,0.266086
1616.114000,0.339773
1616.115000,0.575550
1616.116000,0.595455
1616.117000,0.621772
1616.118000,0.544701
1616.119000,0.529282
1616.120000,0.538280
1616.121000,0.347602
1616.122000,-0.043293
1616.123000,-0.046456
1616.124000,-0.188300
1616.125000,-0.415258
1616.126000,-0.371450
1616.127000,-0.259349
1616.128000,-0.159216
1616.129000,-0.230581
1616.130000,-0.295975
1616.131000,-0.268293
1616.132000,-0.254987
1616.133000,-0.402235
1616.134000,-0.263752
1616.135000,-0.379635
1616.136000,-0.516598
1616.137000,-0.582768
1616.138000,-0.672046
1616.139000,-0.496165
1616.140000,-0.527464
1616.141000,-0.582107
1616.142000,-0.485286
1616.143000,-0.490035
1616.144000,-0.423759
1616.145000,-0.570431
1616.146000,-0.541637
1616.147000,-0.470242
1616.148000,-0.422069
1616.149000,-0.557273
1616.150000,-0.489709
1616.151000,-0.435757
1616.152000,-0.365906
1616.153000,-0.323513
1616.154000,-0.362044
1616.155000,-0.438522
1616.156000,-0.479574
1616.157000,-0.504107
1616.158000,-0.511795
1616.159000,-0.439020
1616.160000,-0.388120
1616.161000,-0.333112
1616.162000,-0.345994
1616.163000,-0.489491
1616.164000,-0.377048
1616.165000,-0.523147
1616.166000,-0.510880
1616.167000,-0.524921
1616.168000,-0.537005
1616.169000,-0.621842
1616.170000,-0.703252
1616.171000,-0.689858
1616.172000,-0.631697
1616.173000,-0.598658
1616.174000,-0.631816
1616.175000,-0.581131
1616.176000,-0.623342
1616.177000,-0.670630
1616.178000,-0.698820
1616.179000,-0.687457
1616.180000,-0.589398
1616.181000,-0.684593
1616.182000,-0.693469
1616.183000,-0.735110
1616.184000,-0.752600
1616.185000,-0.725415
1616.186000,-0.690277
1616.187000,-0.728645
1616.188000,-0.632597
1616.189000,-0.704236
1616.190000,-0.585755
1616.191000,-0.684211
1616.192000,-0.728739
1616.193000,-0.837125
1616.194000,-0.917788
1616.195000,-0.951721
1616.196000,-0.834042
1616.197000,-0.776583
1616.198000,-0.913609
1616.199000,-0.906279
1616.200000,-0.859861
1616.201000,-0.846451
1616.202000,-0.568867
1616.203000,-0.473586
1616.204000,-0.375466
1616.205000,-0.382705
1616.206000,-0.208566
1616.207000,-0.136877
1616.208000,-0.216929
1616.209000,-0.079721
1616.210000,-0.241749
1616.211000,-0.208131
1616.212000,-0.161417
1616.213000,-0.234430
1616.214000,-0.188141
1616.215000,-0.258487
1616.216000,-0.320797
1616.217000,-0.054339
1616.218000,-0.148847
1616.219000,0.044192
1616.220000,0.156725
1616.221000,0.049960
1616.222000,0.114892
1616.223000,0.186861
1616.224000,0.133657
1616.225000,-0.061692
1616.226000,-0.057234
1616.227000,0.076833
1616.228000,0.022730
1616.229000,-0.061057
1616.230000,-0.102777
1616.231000,0.011832
1616.232000,0.016309
1616.233000,-0.082926
1616.234000,-0.149859
1616.235000,-0.212006
1616.236000,0.015981
1616.237000,0.020754
1616.238000,0.069039
1616.239000,0.095672
1616.240000,0.344062
1616.241000,0.327093
1616.242000,0.518619
1616.243000,0.615010
1616.244000,0.705983
1616.245000,0.559610
1616.246000,0.648112
1616.247000,0.647389
1616.248000,0.812838
1616.249000,0.839201
1616.250000,0.880253
1616.251000,0.796109
1616.252000,0.861642
1616.253000,0.817087
1616.254000,0.848193
1616.255000,0.811433
1616.256000,0.952433
1616.257000,0.959483
1616.258000,1.144983
1616.259000,1.055923
1616.260000,1.015855
1616.261000,1.063463
1616.262000,0.873494
1616.263000,0.975054
1616.264000,0.982242
1616.265000,0.990529
1616.266000,1.024387
1616.267000,0.928082
1616.268000,0.730497
1616.269000,0.758450
1616.270000,0.610948
1616.271000,0.639415
1616.272000,0.668264
1616.273000,0.840627
1616.274000,0.611888
1616.275000,0.558564
1616.276000,0.397122
1616.277000,0.443345
1616.278000,0.327973
1616.279000,0.293937
1616.280000,0.194201
1616.281000,0.123169
1616.282000,-0.013543
1616.283000,0.006191
1616.284000,0.134946
1616.285000,0.027882
1616.286000,0.128642
1616.287000,0.133811
1616.288000,0.172710
1616.289000,0.321787
1616.290000,0.258449
1616.291000,0.142388
1616.292000,0.171605
1616.293000,0.099353
1616.294000,0.040940
1616.295000,0.027130
1616.296000,-0.047967
1616.297000,-0.049490
1616.298000,-0.154344
1616.299000,-0.200418
1616.300000,-0.318521
1616.301000,-0.307859
1616.302000,-0.359553
1616.303000,-0.187233
1616.304000,-0.084318
1616.305000,-0.057332
1616.306000,0.135960
1616.307000,0.186477
1616.308000,0.144209
1616.309000,0.037420
1616.310000,0.203747
1616.311000,0.337514
1616.312000,0.040956
1616.313000,-0.010830
1616.314000,0.082941
1616.315000,0.237869
1616.316000,0.205454
1616.317000,0.274280
1616.318000,0.252639
1616.319000,0.317414
1616.320000,0.186642
1616.321000,0.177146
1616.322000,0.072906
1616.323000,0.028739
1616.324000,0.052959
1616.325000,-0.096548
1616.326000,0.002090
1616.327000,0.061718
1616.328000,0.168452
1616.329000,-0.042661
1616.330000,-0.177151
1616.331000,-0.210647
1616.332000,-0.261782
1616.333000,-0.314358
1616.334000,-0.360723
1616.335000,-0.259102
1616.336000,-0.227048
1616.337000,-0.117803
1616.338000,0.016073
1616.339000,0.167906
1616.340000,0.319561
1616.341000,0.227543
1616.342000,0.120790
1616.343000,0.052559
1616.344000,0.134993
1616.345000,0.220764
1616.346000,0.059892
1616.347000,0.024186
1616.348000,0.023094
1616.349000,0.056269
1616.350000,0.165660
1616.351000,0.223720
1616.352000,0.219658
1616.353000,0.176833
1616.354000,0.425672
1616.355000,0.307469
1616.356000,0.369727
1616.357000,0.275985
1616.358000,0.172703
1616.359000,0.181431
1616.360000,0.154432
1616.361000,0.003715
1616.362000,0.050328
1616.363000,-0.157227
1616.364000,-0.036479
1616.365000,0.048004
1616.366000,-0.144977
1616.367000,-0.359039
1616.368000,-0.438094
1616.369000,-0.310760
1616.370000,-0.274365
1616.371000,-0.137246
1616.372000,-0.125573
1616.373000,-0.146542
1616.374000,-0.198599
1616.375000,-0.228888
1616.376000,-0.085970
1616.377000,-0.153407
1616.378000,-0.068943
1616.379000,-0.230471
1616.380000,-0.011672
1616.381000,0.007967
1616.382000,0.074240
1616.383000,0.102859
1616.384000,0.118882
1616.385000,0.131637
1616.386000,0.135338
1616.387000,0.111337
1616.388000,0.059994
1616.389000,0.062602
1616.390000,0.001250
1616.391000,0.032610
1616.392000,0.122291
1616.393000,0.110513
1616.394000,0.075653
1616.395000,0.065211
1616.396000,0.128383
1616.397000,0.164865
1616.398000,0.192316
1616.399000,0.226718
1616.400000,0.295823
1616.401000,0.350155
1616.402000,0.238969
1616.403000,0.165686
1616.404000,0.021833
1616.405000,-0.015464
1616.406000,-0.007522
1616.407000,-0.113714
1616.408000,-0.023761
1616.409000,-0.077731
1616.410000,-0.105178
1616.411000,-0.178496
1616.412000,-0.169424
1616.413000,-0.089392
1616.414000,0.013487
1616.415000,0.144960
1616.416000,-0.122090
1616.417000,-0.098145
1616.418000,-0.163742
1616.419000,-0.281202
1616.420000,-0.253614
1616.421000,-0.342726
1616.422000,-0.193958
1616.423000,-0.229641
1616.424000,-0.107140
1616.425000,0.034951
1616.426000,-0.005951
1616.427000,-0.077563
1616.428000,0.052215
1616.429000,0.065157
1616.430000,0.092057
1616.431000,0.137477
1616.432000,0.073174
1616.433000,0.010984
1616.434000,-0.170142
1616.435000,-0.114651
1616.436000,-0.234813
1616.437000,-0.052960
1616.438000,-0.100698
1616.439000,-0.166581
1616.440000,-0.047557
1616.441000,-0.224166
1616.442000,-0.186724
1616.443000,-0.184425
1616.444000,-0.154730
1616.445000,-0.256233
1616.446000,-0.233059
1616.447000,-0.128289
1616.448000,-0.124032
1616.449000,-0.101860
1616.450000,-0.156918
1616.451000,-0.195270
1616.452000,-0.162190
1616.453000,-0.108680
1616.454000,-0.322313
1616.455000,-0.304423
1616.456000,-0.230795
1616.457000,-0.118650
1616.458000,-0.077863
1616.459000,-0.077270
1616.460000,-0.123052
1616.461000,-0.124594
1616.462000,-0.231101
1616.463000,-0.238403
1616.464000,-0.250578
1616.465000,-0.475607
1616.466000,-0.376662
1616.467000,-0.362385
1616.468000,-0.393503
1616.469000,-0.438886
1616.470000,-0.444746
1616.471000,-0.528361
1616.472000,-0.590705
1616.473000,-0.457051
1616.474000,-0.486721
1616.475000,-0.429533
1616.476000,-0.397030
1616.477000,-0.336196
1616.478000,-0.351181
1616.479000,-0.298144
1616.480000,-0.380635
1616.481000,-0.287420
1616.482000,-0.145386
1616.483000,-0.153145
1616.484000,-0.160379
1616.485000,-0.009799
1616.486000,-0.146941
1616.487000,-0.056339
1616.488000,0.035648
1616.489000,-0.069317
1616.490000,-0.154916
1616.491000,-0.147050
1616.492000,-0.339556
1616.493000,-0.233982
1616.494000,-0.312318
1616.495000,-0.182768
1616.496000,-0.147705
1616.497000,-0.090647
1616.498000,0.055364
1616.499000,0.164037
1616.500000,0.339003
1616.501000,0.176817
1616.502000,0.042876
1616.503000,0.016375
1616.504000,-0.021856
1616.505000,0.155196
1616.506000,0.290959
1616.507000,0.248269
1616.508000,0.292585
1616.509000,0.326047
1616.510000,0.344436
1616.511000,0.484317
1616.512000,0.415742
1616.513000,0.336234
1616.514000,0.205966
1616.515000,0.047642
1616.516000,-0.032743
1616.517000,0.018327
1616.518000,0.080082
1616.519000,0.130894
1616.520000,-0.031020
1616.521000,-0.053355
1616.522000,-0.054759
1616.523000,-0.013788
1616.524000,-0.035429
1616.525000,-0.249416
1616.526000,-0.083537
1616.527000,-0.144860
1616.528000,-0.036245
1616.529000,-0.092040
1616.530000,-0.183711
1616.531000,-0.257868
1616.532000,-0.300595
1616.533000,-0.210383
1616.534000,-0.139334
1616.535000,-0.062937
1616.536000,-0.213573
1616.537000,-0.177864
1616.538000,-0.303674
1616.539000,-0.189963
1616.540000,-0.227501
1616.541000,-0.191986
1616.542000,-0.230273
1616.543000,-0.164739
1616.544000,-0.243698
1616.545000,0.012148
1616.546000,-0.163161
1616.547000,-0.114762
1616.548000,-0.021848
1616.549000,0.093700
1616.550000,0.102003
1616.551000,-0.034412
1616.552000,-0.192774
1616.553000,-0.257542
1616.554000,-0.099403
1616.555000,-0.179727
1616.556000,-0.148625
1616.557000,-0.115332
1616.558000,0.037991
1616.559000,-0.017997
1616.560000,-0.147573
1616.561000,-0.091607
1616.562000,0.000052
1616.563000,0.196786
1616.564000,0.184403
1616.565000,0.353151
1616.566000,0.114727
1616.567000,0.007948
1616.568000,-0.141334
1616.569000,-0.170535
1616.570000,-0.350472
1616.571000,-0.225255
1616.572000,-0.322035
1616.573000,-0.449540
1616.574000,-0.382061
1616.575000,-0.400058
1616.576000,-0.422400
1616.577000,-0.374596
1616.578000,-0.370176
1616.579000,-0.527615
1616.580000,-0.492200
1616.581000,-0.479678
1616.582000,-0.372913
1616.583000,-0.388301
1616.584000,-0.209337
1616.585000,-0.258738
1616.586000,-0.234644
1616.587000,-0.217823
1616.588000,-0.142605
1616.589000,-0.295072
1616.590000,-0.322034
1616.591000,-0.345601
1616.592000,-0.300752
1616.593000,-0.474889
1616.594000,-0.299570
1616.595000,-0.275406
1616.596000,-0.240616
1616.597000,-0.162082
1616.598000,-0.219917
1616.599000,-0.157199
1616.600000,0.021365
1616.601000,-0.136052
1616.602000,-0.207622
1616.603000,-0.153955
1616.604000,-0.259647
1616.605000,-0.201179
1616.606000,-0.033567
1616.607000,-0.044640
1616.608000,-0.031199
1616.609000,-0.056411
1616.610000,0.004547
1616.611000,-0.063079
1616.612000,0.101697
1616.613000,0.046039
1616.614000,0.236861
1616.615000,0.180017
1616.616000,0.249573
1616.617000,0.123850
1616.618000,0.187950
1616.619000,0.032383
1616.620000,0.097894
1616.621000,0.133049
1616.622000,0.021777
1616.623000,0.081911
1616.624000,-0.004970
1616.625000,0.099848
1616.626000,0.091457
1616.627000,0.066621
1616.628000,0.179397
1616.629000,0.134301
1616.630000,0.146265
1616.631000,0.141488
1616.632000,0.208448
1616.633000,0.190829
1616.634000,0.189742
1616.635000,0.181493
1616.636000,0.144147
1616.637000,0.103678
1616.638000,0.095275
1616.639000,-0.004389
1616.640000,0.000597
1616.641000,-0.016656
1616.642000,0.031661
1616.643000,0.248016
1616.644000,0.305185
1616.645000,0.117197
1616.646000,0.086957
1616.647000,0.030867
1616.648000,0.049755
1616.649000,0.006909
1616.650000,-0.010142
1616.651000,-0.053216
1616.652000,-0.145119
1616.653000,-0.186930
1616.654000,-0.348986
1616.655000,-0.260787
1616.656000,-0.224841
1616.657000,-0.195167
1616.658000,-0.245648
1616.659000,-0.267330
1616.660000,-0.363752
1616.661000,-0.214663
1616.662000,-0.124099
1616.663000,-0.153021
1616.664000,-0.167058
1616.665000,0.008219
1616.666000,-0.050115
1616.667000,-0.219677
1616.668000,-0.185827
1616.669000,-0.209040
1616.670000,-0.136393
1616.671000,-0.045908
1616.672000,0.086194
1616.673000,-0.037521
1616.674000,0.128373
1616.675000,-0.028741
1616.676000,-0.149010
1616.677000,-0.281402
1616.678000,-0.432751
1616.679000,-0.528870
1616.680000,-0.449558
1616.681000,-0.227787
1616.682000,-0.124791
1616.683000,0.022301
1616.684000,-0.010724
1616.685000,-0.265255
1616.686000,-0.221710
1616.687000,-0.140223
1616.688000,-0.101461
1616.689000,-0.235243
1616.690000,-0.368467
1616.691000,-0.371741
1616.692000,-0.288446
1616.693000,-0.342370
1616.694000,-0.465213
1616.695000,-0.572105
1616.696000,-0.760886
1616.697000,-0.849096
1616.698000,-0.856908
1616.699000,-0.738392
1616.700000,-0.681518
1616.701000,-0.648764
1616.702000,-0.327720
1616.703000,-0.372903
1616.704000,-0.457773
1616.705000,-0.511997
1616.706000,-0.521034
1616.707000,-0.280906
1616.708000,-0.203956
1616.709000,-0.181089
1616.710000,-0.062399
1616.711000,-0.056881
1616.712000,-0.035225
1616.713000,-0.233519
1616.714000,-0.133727
1616.715000,-0.199215
1616.716000,-0.034161
1616.717000,0.162509
1616.718000,0.089949
1616.719000,0.220025
1616.720000,0.089895
1616.721000,0.127157
1616.722000,0.215816
1616.723000,0.327990
1616.724000,0.215709
1616.725000,0.253258
1616.726000,0.358384
1616.727000,0.383185
1616.728000,0.509928
1616.729000,0.435158
1616.730000,0.454464
1616.731000,0.322139
1616.732000,0.439217
1616.733000,0.540341
1616.734000,0.533527
1616.735000,0.566962
1616.736000,0.566171
1616.737000,0.710439
1616.738000,0.680861
1616.739000,0.534369
1616.740000,0.565478
1616.741000,0.630915
1616.742000,0.409651
1616.743000,0.407238
1616.744000,0.446885
1616.745000,0.441101
1616.746000,0.429248
1616.747000,0.377862
1616.748000,0.283594
1616.749000,0.264710
1616.750000,0.224513
1616.751000,0.229177
1616.752000,0.379227
1616.753000,0.277003
1616.754000,0.203376
1616.755000,0.241164
1616.756000,0.170736
1616.757000,0.241318
1616.758000,0.192674
1616.759000,0.195157
1616.760000,0.184989
1616.761000,0.027693
1616.762000,0.206120
1616.763000,0.043208
1616.764000,0.091296
1616.765000,0.173243
1616.766000,0.035406
1616.767000,-0.029175
1616.768000,0.006198
1616.769000,0.043671
1616.770000,0.198015
1616.771000,0.298151
1616.772000,0.382470
1616.773000,0.341426
1616.774000,0.182891
1616.775000,0.166132
1616.776000,0.218285
1616.777000,0.076575
1616.778000,0.078075
1616.779000,0.145095
1616.780000,0.178756
1616.781000,0.278559
1616.782000,0.394469
1616.783000,0.391651
1616.784000,0.401829
1616.785000,0.356951
1616.786000,0.288849
1616.787000,0.283488
1616.788000,0.334066
1616.789000,0.310158
1616.790000,0.212582
1616.791000,0.135954
1616.792000,0.085410
1616.793000,0.145773
1616.794000,0.347146
1616.795000,0.322144
1616.796000,0.289292
1616.797000,0.059140
1616.798000,0.023640
1616.799000,0.064927
1616.800000,0.002781
1616.801000,-0.072720
1616.802000,-0.187457
1616.803000,-0.100372
1616.804000,0.195632
1616.805000,0.116716
1616.806000,0.191042
1616.807000,0.188334
1616.808000,0.275193
1616.809000,0.135368
1616.810000,0.109426
1616.811000,0.110789
1616.812000,0.090314
1616.813000,-0.059847
1616.814000,-0.146862
1616.815000,-0.187233
1616.816000,-0.016130
1616.817000,0.055479
1616.818000,0.106819
1616.819000,0.077173
1616.820000,0.215009
1616.821000,0.133476
1616.822000,0.337862
1616.823000,0.373434
1616.824000,0.413401
1616.825000,0.425538
1616.826000,0.471096
1616.827000,0.513074
1616.828000,0.587117
1616.829000,0.541426
1616.830000,0.664126
1616.831000,0.510712
1616.832000,0.307826
1616.833000,0.331619
1616.834000,0.457774
1616.835000,0.354420
1616.836000,0.423896
1616.837000,0.494379
1616.838000,0.263188
1616.839000,0.066279
1616.840000,0.297721
1616.841000,0.100737
1616.842000,0.208964
1616.843000,0.181815
1616.844000,0.123740
1616.845000,0.322273
1616.846000,0.191798
1616.847000,0.075280
1616.848000,0.127322
1616.849000,0.116497
1616.850000,-0.054021
1616.851000,-0.187598
1616.852000,-0.247474
1616.853000,-0.151649
1616.854000,-0.187053
1616.855000,-0.087719
1616.856000,0.000454
1616.857000,-0.117867
1616.858000,-0.017994
1616.859000,0.017029
1616.860000,0.055124
1616.861000,-0.021112
1616.862000,0.032690
1616.863000,-0.028638
1616.864000,0.054937
1616.865000,0.284343
1616.866000,0.312615
1616.867000,0.268225
1616.868000,0.316646
1616.869000,0.306493
1616.870000,0.223488
1616.871000,0.237785
1616.872000,0.272227
1616.873000,0.251291
1616.874000,0.137901
1616.875000,0.309291
1616.876000,0.242804
1616.877000,0.243886
1616.878000,0.310222
1616.879000,0.410953
1616.880000,0.377153
1616.881000,0.468173
1616.882000,0.474771
1616.883000,0.361185
1616.884000,0.353730
1616.885000,0.310274
1616.886000,0.446982
1616.887000,0.287483
1616.888000,0.150034
1616.889000,0.232143
1616.890000,0.165787
1616.891000,0.179242
1616.892000,0.171980
1616.893000,0.194829
1616.894000,0.115993
1616.895000,0.168085
1616.896000,0.393667
1616.897000,0.522672
1616.898000,0.281190
1616.899000,0.319735
1616.900000,0.341092
1616.901000,0.259359
1616.902000,0.436152
1616.903000,0.529704
1616.904000,0.505504
1616.905000,0.509569
1616.906000,0.481245
1616.907000,0.416208
1616.908000,0.327449
1616.909000,0.391253
1616.910000,0.396445
1616.911000,0.313259
1616.912000,0.222275
1616.913000,0.212032
1616.914000,0.177967
1616.915000,0.110265
1616.916000,0.161686
1616.917000,-0.016510
1616.918000,-0.191693
1616.919000,-0.114767
1616.920000,-0.174610
1616.921000,-0.054570
1616.922000,-0.235406
1616.923000,-0.386507
1616.924000,-0.300800
1616.925000,-0.062523
1616.926000,-0.086764
1616.927000,0.079346
1616.928000,0.108493
1616.929000,0.130993
1616.930000,0.080082
1616.931000,0.206033
1616.932000,0.210076
1616.933000,0.140888
1616.934000,0.212666
1616.935000,0.234382
1616.936000,0.088071
1616.937000,0.162172
1616.938000,0.148922
1616.939000,0.082601
1616.940000,-0.123608
1616.941000,-0.232590
1616.942000,-0.296514
1616.943000,-0.416689
1616.944000,-0.358310
1616.945000,-0.326982
1616.946000,-0.369047
1616.947000,-0.349617
1616.948000,-0.298059
1616.949000,-0.266997
1616.950000,-0.121173
1616.951000,-0.149010
1616.952000,-0.180562
1616.953000,-0.106786
1616.954000,-0.144366
1616.955000,-0.151317
1616.956000,-0.075490
1616.957000,0.025327
1616.958000,0.181293
1616.959000,0.300738
1616.960000,0.203841
1616.961000,0.364214
1616.962000,0.548484
1616.963000,0.508038
1616.964000,0.538831
1616.965000,0.436820
1616.966000,0.513512
1616.967000,0.351928
1616.968000,0.235411
1616.969000,0.341507
1616.970000,0.444642
1616.971000,0.545133
1616.972000,0.618613
1616.973000,0.516996
1616.974000,0.543442
1616.975000,0.400630
1616.976000,0.582269
1616.977000,0.692729
1616.978000,0.797463
1616.979000,0.665845
1616.980000,0.672891
1616.981000,0.752860
1616.982000,0.599019
1616.983000,0.468763
1616.984000,0.500342
1616.985000,0.325518
1616.986000,0.183859
1616.987000,0.050452
1616.988000,0.024273
1616.989000,0.003211
1616.990000,0.031395
1616.991000,0.158222
1616.992000,0.187485
1616.993000,0.069997
1616.994000,-0.067223
1616.995000,0.024106
1616.996000,0.149050
1616.997000,0.140115
1616.998000,0.152504
1616.999000,0.330459
1617.000000,0.361582
1617.001000,0.295130
1617.002000,0.277120
1617.003000,0.315433
1617.004000,0.195481
1617.005000,0.141446
1617.006000,0.152045
1617.007000,0.247063
1617.008000,0.201827
1617.009000,0.218804
1617.010000,0.298074
1617.011000,0.409833
1617.012000,0.328276
1617.013000,0.411089
1617.014000,0.335961
1617.015000,0.379905
1617.016000,0.374718
1617.017000,0.343729
1617.018000,0.286917
1617.019000,0.350740
1617.020000,0.490731
1617.021000,0.506202
1617.022000,0.487582
1617.023000,0.423111
1617.024000,0.314155
1617.025000,0.149394
1617.026000,0.184352
1617.027000,-0.014466
1617.028000,-0.112992
1617.029000,-0.128705
1617.030000,0.119919
1617.031000,0.069677
1617.032000,-0.083402
1617.033000,-0.110169
1617.034000,-0.261657
1617.035000,-0.335874
1617.036000,-0.274625
1617.037000,-0.383188
1617.038000,-0.207353
1617.039000,-0.508694
1617.040000,-0.524828
1617.041000,-0.434317
1617.042000,-0.450272
1617.043000,-0.448871
1617.044000,-0.320934
1617.045000,-0.282381
1617.046000,-0.343620
1617.047000,-0.500754
1617.048000,-0.539084
1617.049000,-0.541276
1617.050000,-0.594724
1617.051000,-0.655384
1617.052000,-0.520955
1617.053000,-0.617800
1617.054000,-0.611879
1617.055000,-0.663179
1617.056000,-0.563390
1617.057000,-0.442275
1617.058000,-0.333816
1617.059000,-0.266131
1617.060000,-0.459875
1617.061000,-0.645151
1617.062000,-0.717120
1617.063000,-0.780685
1617.064000,-0.826269
1617.065000,-0.782252
1617.066000,-0.693498
1617.067000,-0.786987
1617.068000,-0.830225
1617.069000,-0.761491
1617.070000,-0.796577
1617.071000,-0.628469
1617.072000,-0.533820
1617.073000,-0.393970
1617.074000,-0.432655
1617.075000,-0.523549
1617.076000,-0.424867
1617.077000,-0.328543
1617.078000,-0.258680
1617.079000,-0.175782
1617.080000,-0.360537
1617.081000,-0.332973
1617.082000,-0.278174
1617.083000,-0.185040
1617.084000,-0.224514
1617.085000,-0.353947
1617.086000,-0.330956
1617.087000,-0.284436
1617.088000,-0.298858
1617.089000,-0.298523
1617.090000,-0.198531
1617.091000,-0.039628
1617.092000,0.172859
1617.093000,-0.047454
1617.094000,-0.125399
1617.095000,-0.087760
1617.096000,-0.175005
1617.097000,-0.147543
1617.098000,-0.133929
1617.099000,-0.227359
1617.100000,-0.281984
1617.101000,-0.351545
1617.102000,-0.363924
1617.103000,-0.552602
1617.104000,-0.415385
1617.105000,-0.456705
1617.106000,-0.358985
1617.107000,-0.393759
1617.108000,-0.398348
1617.109000,-0.336204
1617.110000,-0.293373
1617.111000,-0.089468
1617.112000,-0.198548
1617.113000,-0.171446
1617.114000,-0.185732
1617.115000,-0.236290
1617.116000,-0.124799
1617.117000,-0.175518
1617.118000,-0.263832
1617.119000,-0.305038
1617.120000,-0.096682
1617.121000,-0.047458
1617.122000,0.065101
1617.123000,0.132169
1617.124000,0.307212
1617.125000,0.256944
1617.126000,0.294366
1617.127000,0.404381
1617.128000,0.398307
1617.129000,0.292450
1617.130000,0.232035
1617.131000,0.215355
1617.132000,0.045929
1617.133000,-0.063252
1617.134000,0.010767
1617.135000,-0.094013
1617.136000,-0.129817
1617.137000,-0.036511
1617.138000,-0.087296
1617.139000,0.198290
1617.140000,0.315319
1617.141000,0.287512
1617.142000,0.210021
1617.143000,0.153917
1617.144000,0.072180
1617.145000,-0.036116
1617.146000,-0.358397
1617.147000,-0.425381
1617.148000,-0.356447
1617.149000,-0.442965
1617.150000,-0.311731
1617.151000,-0.370234
1617.152000,-0.370652
1617.153000,-0.177376
1617.154000,0.103347
1617.155000,0.066799
1617.156000,-0.055616
1617.157000,-0.075342
1617.158000,-0.105542
1617.159000,0.000859
1617.160000,-0.145080
1617.161000,-0.014188
1617.162000,0.098719
1617.163000,0.215661
1617.164000,0.136334
1617.165000,0.346546
1617.166000,0.251387
1617.167000,0.006170
1617.168000,0.028165
1617.169000,-0.289410
1617.170000,-0.394107
1617.171000,-0.323633
1617.172000,-0.277873
1617.173000,-0.382729
1617.174000,-0.388434
1617.175000,-0.540694
1617.176000,-0.415734
1617.177000,-0.273254
1617.178000,-0.311216
1617.179000,-0.217010
1617.180000,-0.314481
1617.181000,-0.256784
1617.182000,-0.045163
1617.183000,-0.038975
1617.184000,-0.170799
1617.185000,-0.260398
1617.186000,-0.336217
1617.187000,-0.278940
1617.188000,-0.309703
1617.189000,-0.323690
1617.190000,-0.318832
1617.191000,-0.126204
1617.192000,-0.244490
1617.193000,-0.277922
1617.194000,-0.127194
1617.195000,-0.338532
1617.196000,-0.393783
1617.197000,-0.443725
1617.198000,-0.626941
1617.199000,-0.726414
1617.200000,-0.843195
1617.201000,-0.885163
1617.202000,-0.873629
1617.203000,-0.838890
1617.204000,-0.680519
1617.205000,-0.638160
1617.206000,-0.707032
1617.207000,-0.764527
1617.208000,-0.606625
1617.209000,-0.644731
1617.210000,-0.579795
1617.211000,-0.650780
1617.212000,-0.629570
1617.213000,-0.609367
1617.214000,-0.645862
1617.215000,-0.451543
1617.216000,-0.540102
1617.217000,-0.519654
1617.218000,-0.603261
1617.219000,-0.660372
1617.220000,-0.699994
1617.221000,-0.697925
1617.222000,-0.819693
1617.223000,-0.816890
1617.224000,-0.745266
1617.225000,-0.688561
1617.226000,-0.607550
1617.227000,-0.394218
1617.228000,-0.475033
1617.229000,-0.497799
1617.230000,-0.328211
1617.231000,-0.352218
1617.232000,-0.370495
1617.233000,-0.401466
1617.234000,-0.476569
1617.235000,-0.379772
1617.236000,-0.380195
1617.237000,-0.166468
1617.238000,-0.166985
1617.239000,-0.191196
1617.240000,-0.376778
1617.241000,-0.428226
1617.242000,-0.297680
1617.243000,-0.290119
1617.244000,-0.149862
1617.245000,-0.143153
1617.246000,-0.197125
1617.247000,-0.113906
1617.248000,0.033810
1617.249000,0.109930
1617.250000,0.139070
1617.251000,-0.003957
1617.252000,0.086069
1617.253000,0.124131
1617.254000,0.353649
1617.255000,0.333372
1617.256000,0.376190
1617.257000,0.272230
1617.258000,0.358562
1617.259000,0.407186
1617.260000,0.369305
1617.261000,0.496416
1617.262000,0.443240
1617.263000,0.480126
1617.264000,0.452212
1617.265000,0.428423
1617.266000,0.586513
1617.267000,0.592137
1617.268000,0.527496
1617.269000,0.738716
1617.270000,0.845059
1617.271000,0.757159
1617.272000,0.690388
1617.273000,0.770159
1617.274000,0.880301
1617.275000,0.697931
1617.276000,0.761502
1617.277000,0.863013
1617.278000,0.806430
1617.279000,0.763661
1617.280000,0.634974
1617.281000,0.542877
1617.282000,0.580512
1617.283000,0.699144
1617.284000,0.643478
1617.285000,0.499673
1617.286000,0.359296
1617.287000,0.514277
1617.288000,0.542745
1617.289000,0.383395
1617.290000,0.476005
1617.291000,0.343594
1617.292000,0.320814
1617.293000,0.278146
1617.294000,0.312274
1617.295000,0.278921
1617.296000,0.274352
1617.297000,0.270055
1617.298000,0.153327
1617.299000,0.084210
1617.300000,0.082813
1617.301000,0.087197
1617.302000,0.127089
1617.303000,0.048983
1617.304000,-0.028856
1617.305000,-0.019867
1617.306000,0.119927
1617.307000,0.219537
1617.308000,0.236376
1617.309000,0.240987
1617.310000,0.033476
1617.311000,0.110056
1617.312000,0.152932
1617.313000,0.095923
1617.314000,0.198153
1617.315000,0.194253
1617.316000,0.150801
1617.317000,0.028076
1617.318000,0.044176
1617.319000,0.002664
1617.320000,-0.028642
1617.321000,-0.091974
1617.322000,-0.237504
1617.323000,-0.169029
1617.324000,-0.249106
1617.325000,-0.365426
1617.326000,-0.394819
1617.327000,-0.327288
1617.328000,-0.394546
1617.329000,-0.240305
1617.330000,-0.136973
1617.331000,-0.155896
1617.332000,-0.338697
1617.333000,-0.408803
1617.334000,-0.561260
1617.335000,-0.588568
1617.336000,-0.631567
1617.337000,-0.553009
1617.338000,-0.609233
1617.339000,-0.666981
1617.340000,-0.646053
1617.341000,-0.629601
1617.342000,-0.708510
1617.343000,-0.597873
1617.344000,-0.763719
1617.345000,-0.830508
1617.346000,-0.932420
1617.347000,-1.045587
1617.348000,-1.043082
1617.349000,-1.190712
1617.350000,-1.293153
1617.351000,-1.312848
1617.352000,-1.316804
1617.353000,-1.280911
1617.354000,-1.263154
1617.355000,-1.189086
1617.356000,-1.096241
1617.357000,-1.168988
1617.358000,-1.091410
1617.359000,-1.191315
1617.360000,-1.189384
1617.361000,-1.047798
1617.362000,-0.997944
1617.363000,-1.032494
1617.364000,-1.062178
1617.365000,-1.172144
1617.366000,-0.834181
1617.367000,-0.729355
1617.368000,-0.616766
1617.369000,-0.472559
1617.370000,-0.437046
1617.371000,-0.312112
1617.372000,-0.299066
1617.373000,-0.380682
1617.374000,-0.154621
1617.375000,-0.290448
1617.376000,-0.318001
1617.377000,-0.269175
1617.378000,-0.299401
1617.379000,-0.245887
1617.380000,-0.352284
1617.381000,-0.357641
1617.382000,-0.176285
1617.383000,-0.012662
1617.384000,-0.004307
1617.385000,-0.075404
1617.386000,-0.076530
1617.387000,-0.110514
1617.388000,-0.082308
1617.389000,0.116778
1617.390000,0.331769
1617.391000,0.511728
1617.392000,0.504708
1617.393000,0.467833
1617.394000,0.511002
1617.395000,0.520706
1617.396000,0.502012
1617.397000,0.416224
1617.398000,0.485450
1617.399000,0.535174
1617.400000,0.670347
1617.401000,0.769723
1617.402000,0.840821
1617.403000,0.743695
1617.404000,0.764048
1617.405000,0.687687
1617.406000,0.728968
1617.407000,0.628648
1617.408000,0.614130
1617.409000,0.511694
1617.410000,0.437062
1617.411000,0.624804
1617.412000,0.731495
1617.413000,0.835288
1617.414000,0.720914
1617.415000,0.629166
1617.416000,0.651864
1617.417000,0.540974
1617.418000,0.667087
1617.419000,0.647926
1617.420000,0.779813
1617.421000,0.803000
1617.422000,0.858648
1617.423000,0.890975
1617.424000,0.972064
1617.425000,1.129676
1617.426000,1.030127
1617.427000,1.156274
1617.428000,1.253156
1617.429000,1.147330
1617.430000,0.990348
1617.431000,0.916802
1617.432000,1.134744
1617.433000,1.027827
1617.434000,0.834329
1617.435000,0.874287
1617.436000,0.861148
1617.437000,0.728757
1617.438000,0.671463
1617.439000,0.589006
1617.440000,0.696833
1617.441000,0.784626
1617.442000,0.869931
1617.443000,0.779701
1617.444000,0.670093
1617.445000,0.687537
1617.446000,0.709011
1617.447000,0.654165
1617.448000,0.561277
1617.449000,0.516372
1617.450000,0.346038
1617.451000,0.430334
1617.452000,0.556122
1617.453000,0.529559
1617.454000,0.621967
1617.455000,0.638286
1617.456000,0.429671
1617.457000,0.347938
1617.458000,0.355012
1617.459000,0.312751
1617.460000,0.212738
1617.461000,0.175343
1617.462000,0.046741
1617.463000,-0.013633
1617.464000,-0.250499
1617.465000,-0.352783
1617.466000,-0.368115
1617.467000,-0.425052
1617.468000,-0.370868
1617.469000,-0.519248
1617.470000,-0.448744
1617.471000,-0.546068
1617.472000,-0.396129
1617.473000,-0.443328
1617.474000,-0.339583
1617.475000,-0.258924
1617.476000,-0.268185
1617.477000,-0.209812
1617.478000,-0.186681
1617.479000,-0.160909
1617.480000,-0.107426
1617.481000,-0.145472
1617.482000,-0.238330
1617.483000,-0.141221
1617.484000,-0.161729
1617.485000,-0.089615
1617.486000,-0.007078
1617.487000,0.043247
1617.488000,0.084309
1617.489000,-0.035702
1617.490000,-0.114460
1617.491000,-0.024826
1617.492000,-0.019675
1617.493000,-0.034720
1617.494000,0.036632
1617.495000,0.075391
1617.496000,0.169261
1617.497000,0.193984
1617.498000,0.070581
1617.499000,0.041862
1617.500000,0.096625
1617.501000,0.058055
1617.502000,0.118722
1617.503000,0.355276
1617.504000,0.334650
1617.505000,0.390959
1617.506000,0.222989
1617.507000,0.452960
1617.508000,0.448558
1617.509000,0.463445
1617.510000,0.694085
1617.511000,0.706827
1617.512000,0.590830
1617.513000,0.729317
1617.514000,0.776335
1617.515000,0.744293
1617.516000,0.656956
1617.517000,0.473914
1617.518000,0.340512
1617.519000,0.394097
1617.520000,0.483324
1617.521000,0.460769
1617.522000,0.436111
1617.523000,0.616159
1617.524000,0.690854
1617.525000,0.679350
1617.526000,0.659798
1617.527000,0.698421
1617.528000,0.835865
1617.529000,1.015295
1617.530000,1.053713
1617.531000,0.952604
1617.532000,1.022824
1617.533000,1.027165
1617.534000,1.218179
1617.535000,1.097407
1617.536000,1.067846
1617.537000,1.034494
1617.538000,1.049181
1617.539000,1.212203
1617.540000,1.367864
1617.541000,1.217275
1617.542000,1.182501
1617.543000,1.090311
1617.544000,0.940134
1617.545000,0.921005
1617.546000,1.010296
1617.547000,0.967938
1617.548000,0.932147
1617.549000,0.889426
1617.550000,0.873085
1617.551000,0.838062
1617.552000,0.849703
1617.553000,0.725092
1617.554000,0.611701
1617.555000,0.532718
1617.556000,0.291323
1617.557000,0.423447
1617.558000,0.346626
1617.559000,0.267457
1617.560000,0.203612
1617.561000,0.218814
1617.562000,0.165697
1617.563000,0.116814
1617.564000,0.055626
1617.565000,-0.090541
1617.566000,0.011433
1617.567000,0.029064
1617.568000,0.047759
1617.569000,0.142033
1617.570000,0.184258
1617.571000,0.368207
1617.572000,0.361792
1617.573000,0.202587
1617.574000,0.297081
1617.575000,0.172356
1617.576000,0.180725
1617.577000,0.293450
1617.578000,0.201770
1617.579000,0.031836
1617.580000,0.007628
1617.581000,0.075361
1617.582000,-0.017716
1617.583000,0.200839
1617.584000,0.342211
1617.585000,0.210964
1617.586000,0.182042
1617.587000,0.354463
1617.588000,0.352499
1617.589000,0.242029
1617.590000,0.230847
1617.591000,0.117743
1617.592000,0.097754
1617.593000,-0.015538
1617.594000,-0.031730
1617.595000,-0.054225
1617.596000,-0.004698
1617.597000,0.036240
1617.598000,0.005236
1617.599000,0.157186
1617.600000,-0.017064
1617.601000,-0.205032
1617.602000,-0.232395
1617.603000,-0.255063
1617.604000,-0.060536
1617.605000,-0.264932
1617.606000,-0.254934
1617.607000,-0.401807
1617.608000,-0.339220
1617.609000,-0.372098
1617.610000,-0.599374
1617.611000,-0.551723
1617.612000,-0.708983
1617.613000,-0.736641
1617.614000,-0.819575
1617.615000,-0.782467
1617.616000,-0.813896
1617.617000,-0.867088
1617.618000,-0.777520
1617.619000,-0.862097
1617.620000,-0.913609
1617.621000,-0.885860
1617.622000,-0.979793
1617.623000,-0.878563
1617.624000,-0.836623
1617.625000,-0.688700
1617.626000,-0.644386
1617.627000,-0.634185
1617.628000,-0.554585
1617.629000,-0.609654
1617.630000,-0.620753
1617.631000,-0.644054
1617.632000,-0.673263
1617.633000,-0.691215
1617.634000,-0.678563
1617.635000,-0.716740
1617.636000,-0.608309
1617.637000,-0.533428
1617.638000,-0.499823
1617.639000,-0.683470
1617.640000,-0.734523
1617.641000,-0.913759
1617.642000,-0.855396
1617.643000,-0.729760
1617.644000,-0.644781
1617.645000,-0.749681
1617.646000,-0.650278
1617.647000,-0.482265
1617.648000,-0.542601
1617.649000,-0.451922
1617.650000,-0.418970
1617.651000,-0.358207
1617.652000,-0.379951
1617.653000,-0.388305
1617.654000,-0.349921
1617.655000,-0.294601
1617.656000,-0.341484
1617.657000,-0.389798
1617.658000,-0.249751
1617.659000,-0.241343
1617.660000,-0.201507
1617.661000,-0.093017
1617.662000,-0.134305
1617.663000,-0.283912
1617.664000,-0.311887
1617.665000,-0.239316
1617.666000,-0.440328
1617.667000,-0.472546
1617.668000,-0.484385
1617.669000,-0.465418
1617.670000,-0.456614
1617.671000,-0.548352
1617.672000,-0.468225
1617.673000,-0.372102
1617.674000,-0.310095
1617.675000,-0.439256
1617.676000,-0.390353
1617.677000,-0.303893
1617.678000,-0.449652
1617.679000,-0.334603
1617.680000,-0.237555
1617.681000,-0.264626
1617.682000,-0.494784
1617.683000,-0.660310
1617.684000,-0.549423
1617.685000,-0.370021
1617.686000,-0.335742
1617.687000,-0.312091
1617.688000,-0.421955
1617.689000,-0.409296
1617.690000,-0.415555
1617.691000,-0.319663
1617.692000,-0.272347
1617.693000,-0.219884
1617.694000,-0.302421
1617.695000,-0.283481
1617.696000,0.016279
1617.697000,0.040884
1617.698000,0.140124
1617.699000,0.039179
1617.700000,-0.019876
1617.701000,-0.084836
1617.702000,-0.110341
1617.703000,-0.160609
1617.704000,-0.317702
1617.705000,-0.221622
1617.706000,-0.295166
1617.707000,-0.373245
1617.708000,-0.301361
1617.709000,-0.194491
1617.710000,-0.215681
1617.711000,-0.152508
1617.712000,-0.139492
1617.713000,-0.153066
1617.714000,-0.257701
1617.715000,-0.453651
1617.716000,-0.425152
1617.717000,-0.327236
1617.718000,-0.450152
1617.719000,-0.542782
1617.720000,-0.380112
1617.721000,-0.372127
1617.722000,-0.437800
1617.723000,-0.412447
1617.724000,-0.526017
1617.725000,-0.626103
1617.726000,-0.632249
1617.727000,-0.679037
1617.728000,-0.731458
1617.729000,-0.744196
1617.730000,-0.782366
1617.731000,-0.633115
1617.732000,-0.661470
1617.733000,-0.684107
1617.734000,-0.790356
1617.735000,-0.788358
1617.736000,-0.690207
1617.737000,-0.652757
1617.738000,-0.691392
1617.739000,-0.927448
1617.740000,-0.900388
1617.741000,-1.021287
1617.742000,-0.939339
1617.743000,-0.778442
1617.744000,-0.852197
1617.745000,-0.784185
1617.746000,-0.771765
1617.747000,-0.765748
1617.748000,-0.625558
1617.749000,-0.686234
1617.750000,-0.758424
1617.751000,-0.742810
1617.752000,-0.498267
1617.753000,-0.283918
1617.754000,-0.396781
1617.755000,-0.192510
1617.756000,-0.060835
1617.757000,0.019316
1617.758000,0.056695
1617.759000,0.082311
1617.760000,0.151169
1617.761000,0.141167
1617.762000,0.161118
1617.763000,0.343118
1617.764000,0.360849
1617.765000,0.430644
1617.766000,0.683959
1617.767000,0.748788
1617.768000,0.780874
1617.769000,0.815946
1617.770000,0.874935
1617.771000,0.957565
1617.772000,1.167006
1617.773000,1.178642
1617.774000,1.239599
1617.775000,1.259801
1617.776000,1.253044
1617.777000,1.136216
1617.778000,1.046900
1617.779000,1.047335
1617.780000,0.798383
1617.781000,0.942574
1617.782000,0.987878
1617.783000,0.779264
1617.784000,0.524089
1617.785000,0.540364
1617.786000,0.652059
1617.787000,0.822445
1617.788000,0.676242
1617.789000,0.830155
1617.790000,0.782187
1617.791000,0.739275
1617.792000,0.713351
1617.793000,0.470493
1617.794000,0.274234
1617.795000,0.314955
1617.796000,0.339744
1617.797000,0.218624
1617.798000,0.336647
1617.799000,0.491902
1617.800000,0.466681
1617.801000,0.330896
1617.802000,0.298170
1617.803000,0.141509
1617.804000,0.166392
1617.805000,0.022783
1617.806000,-0.025894
1617.807000,-0.032112
1617.808000,-0.137518
1617.809000,-0.120510
1617.810000,0.081160
1617.811000,0.026910
1617.812000,-0.067809
1617.813000,-0.226617
1617.814000,-0.257213
1617.815000,-0.026201
1617.816000,-0.008432
1617.817000,-0.001041
1617.818000,0.019710
1617.819000,-0.011706
1617.820000,0.005253
1617.821000,-0.066392
1617.822000,0.038060
1617.823000,0.127034
1617.824000,0.065894
1617.825000,0.057493
1617.826000,-0.174745
1617.827000,-0.266422
1617.828000,-0.162402
1617.829000,-0.113603
1617.830000,-0.115577
1617.831000,-0.070274
1617.832000,0.073624
1617.833000,0.224543
1617.834000,0.187553
1617.835000,0.174424
1617.836000,0.077353
1617.837000,0.082452
1617.838000,-0.026247
1617.839000,0.074450
1617.840000,-0.023805
1617.841000,-0.184643
1617.842000,-0.232809
1617.843000,-0.299178
1617.844000,-0.248482
1617.845000,-0.231031
1617.846000,-0.439357
1617.847000,-0.490597
1617.848000,-0.636289
1617.849000,-0.573043
1617.850000,-0.601418
1617.851000,-0.567858
1617.852000,-0.552030
1617.853000,-0.757685
1617.854000,-0.726202
1617.855000,-0.672426
1617.856000,-0.731252
1617.857000,-0.696370
1617.858000,-0.761122
1617.859000,-0.791046
1617.860000,-0.589926
1617.861000,-0.478221
1617.862000,-0.444422
1617.863000,-0.374634
1617.864000,-0.408853
1617.865000,-0.311965
1617.866000,-0.247559
1617.867000,-0.099808
1617.868000,-0.083291
1617.869000,-0.064951
1617.870000,-0.176265
1617.871000,0.010922
1617.872000,0.023438
1617.873000,0.060246
1617.874000,0.034530
1617.875000,0.157026
1617.876000,0.384756
1617.877000,0.280336
1617.878000,0.276648
1617.879000,0.254113
1617.880000,0.351029
1617.881000,0.220812
1617.882000,0.170290
1617.883000,0.342866
1617.884000,0.460922
1617.885000,0.499602
1617.886000,0.576716
1617.887000,0.456311
1617.888000,0.523713
1617.889000,0.605270
1617.890000,0.629509
1617.891000,0.606136
1617.892000,0.576289
1617.893000,0.640212
1617.894000,0.854415
1617.895000,0.805259
1617.896000,0.691273
1617.897000,0.770205
1617.898000,0.761097
1617.899000,0.717078
1617.900000,0.612823
1617.901000,0.721293
1617.902000,0.719665
1617.903000,0.806652
1617.904000,0.887934
1617.905000,0.898758
1617.906000,0.854190
1617.907000,0.810063
1617.908000,0.843873
1617.909000,0.928596
1617.910000,0.970812
1617.911000,0.892763
1617.912000,0.938152
1617.913000,0.792193
1617.914000,0.838282
1617.915000,0.782011
1617.916000,0.602878
1617.917000,0.460242
1617.918000,0.399377
1617.919000,0.367420
1617.920000,0.383989
1617.921000,0.290525
1617.922000,0.442994
1617.923000,0.474946
1617.924000,0.423221
1617.925000,0.740884
1617.926000,0.622050
1617.927000,0.639399
1617.928000,0.532707
1617.929000,0.590729
1617.930000,0.583493
1617.931000,0.795219
1617.932000,0.742449
1617.933000,0.914572
1617.934000,0.893754
1617.935000,0.849446
1617.936000,0.980181
1617.937000,1.033496
1617.938000,0.948636
1617.939000,1.054015
1617.940000,1.071647
1617.941000,1.101763
1617.942000,1.115025
1617.943000,1.189683
1617.944000,1.182782
1617.945000,1.075439
1617.946000,0.944073
1617.947000,1.009234
1617.948000,0.869607
1617.949000,0.677166
1617.950000,0.678354
1617.951000,0.685385
1617.952000,0.617624
1617.953000,0.534094
1617.954000,0.319679
1617.955000,0.412874
1617.956000,0.513826
1617.957000,0.509632
1617.958000,0.483625
1617.959000,0.412497
1617.960000,0.507133
1617.961000,0.559473
1617.962000,0.595913
1617.963000,0.455000
1617.964000,0.465792
1617.965000,0.247181
1617.966000,0.248290
1617.967000,0.286767
1617.968000,0.125387
1617.969000,-0.010535
1617.970000,-0.121000
1617.971000,-0.160123
1617.972000,-0.049668
1617.973000,0.140849
1617.974000,0.019166
1617.975000,-0.021760
1617.976000,0.057560
1617.977000,0.014195
1617.978000,-0.080795
1617.979000,-0.046660
1617.980000,-0.128241
1617.981000,-0.166157
1617.982000,-0.114019
1617.983000,0.101703
1617.984000,0.150593
1617.985000,0.139501
1617.986000,0.320782
1617.987000,0.141232
1617.988000,0.085791
1617.989000,0.316746
1617.990000,0.341642
1617.991000,0.106284
1617.992000,-0.015678
1617.993000,0.084693
1617.994000,0.142727
1617.995000,0.164710
1617.996000,0.108646
1617.997000,0.102584
1617.998000,0.418262
1617.999000,0.428493
1618.000000,0.426168
1618.001000,0.271829
1618.002000,0.151680
1618.003000,-0.090190
1618.004000,-0.086662
1618.005000,-0.158558
1618.006000,-0.288915
1618.007000,-0.307077
1618.008000,-0.199849
1618.009000,-0.267948
1618.010000,-0.359894
1618.011000,-0.387494
1618.012000,-0.630059
1618.013000,-0.635172
1618.014000,-0.518670
1618.015000,-0.438966
1618.016000,-0.526820
1618.017000,-0.483224
1618.018000,-0.377564
1618.019000,-0.258715
1618.020000,-0.472857
1618.021000,-0.647059
1618.022000,-0.547967
1618.023000,-0.556154
1618.024000,-0.621416
1618.025000,-0.627345
1618.026000,-0.572670
1618.027000,-0.647901
1618.028000,-0.733327
1618.029000,-0.748185
1618.030000,-0.749353
1618.031000,-0.587195
1618.032000,-0.567717
1618.033000,-0.388483
1618.034000,-0.403891
1618.035000,-0.460778
1618.036000,-0.487088
1618.037000,-0.484194
1618.038000,-0.517029
1618.039000,-0.573361
1618.040000,-0.641378
1618.041000,-0.658201
1618.042000,-0.557089
1618.043000,-0.672238
1618.044000,-0.576448
1618.045000,-0.399391
1618.046000,-0.443472
1618.047000,-0.369165
1618.048000,-0.344317
1618.049000,-0.431320
1618.050000,-0.426449
1618.051000,-0.523431
1618.052000,-0.524960
1618.053000,-0.542544
1618.054000,-0.613475
1618.055000,-0.605285
1618.056000,-0.578644
1618.057000,-0.411767
1618.058000,-0.594014
1618.059000,-0.620116
1618.060000,-0.710073
1618.061000,-0.737803
1618.062000,-0.713079
1618.063000,-0.692438
1618.064000,-0.707478
1618.065000,-0.637274
1618.066000,-0.594445
1618.067000,-0.548216
1618.068000,-0.551726
1618.069000,-0.472833
1618.070000,-0.309959
1618.071000,-0.456261
1618.072000,-0.729153
1618.073000,-0.749773
1618.074000,-0.574332
1618.075000,-0.646311
1618.076000,-0.608649
1618.077000,-0.535333
1618.078000,-0.735656
1618.079000,-0.658629
1618.080000,-0.510099
1618.081000,-0.628340
1618.082000,-0.505298
1618.083000,-0.775499
1618.084000,-0.646430
1618.085000,-0.607508
1618.086000,-0.682887
1618.087000,-0.598706
1618.088000,-0.408084
1618.089000,-0.411011
1618.090000,-0.348753
1618.091000,-0.495633
1618.092000,-0.500851
1618.093000,-0.457871
1618.094000,-0.344240
1618.095000,-0.436596
1618.096000,-0.259778
1618.097000,-0.176064
1618.098000,0.012162
1618.099000,0.023688
1618.100000,-0.019078
1618.101000,0.051653
1618.102000,0.224297
1618.103000,0.194740
1618.104000,0.311944
1618.105000,0.234315
1618.106000,0.023731
1618.107000,0.155855
1618.108000,0.256971
1618.109000,0.361974
1618.110000,0.563487
1618.111000,0.669436
1618.112000,0.596370
1618.113000,0.359551
1618.114000,0.234879
1618.115000,0.299045
1618.116000,0.453517
1618.117000,0.440582
1618.118000,0.388382
1618.119000,0.241586
1618.120000,0.277230
1618.121000,0.413097
1618.122000,0.567236
1618.123000,0.550343
1618.124000,0.615447
1618.125000,0.695998
1618.126000,0.683334
1618.127000,0.550290
1618.128000,0.484692
1618.129000,0.385919
1618.130000,0.359948
1618.131000,0.320128
1618.132000,0.247724
1618.133000,0.062528
1618.134000,0.215020
1618.135000,0.123841
1618.136000,0.121859
1618.137000,0.061172
1618.138000,-0.072092
1618.139000,-0.234104
1618.140000,-0.355824
1618.141000,-0.341065
1618.142000,-0.270337
1618.143000,-0.224631
1618.144000,-0.311870
1618.145000,-0.350562
1618.146000,-0.252691
1618.147000,-0.377214
1618.148000,-0.182679
1618.149000,-0.149440
1618.150000,-0.134891
1618.151000,-0.074609
1618.152000,-0.089227
1618.153000,-0.283698
1618.154000,-0.304524
1618.155000,-0.046969
1618.156000,-0.028967
1618.157000,-0.067402
1618.158000,-0.053407
1618.159000,-0.095889
1618.160000,-0.052659
1618.161000,-0.110353
1618.162000,-0.164304
1618.163000,-0.284379
1618.164000,-0.195438
1618.165000,-0.101172
1618.166000,-0.176922
1618.167000,-0.144525
1618.168000,-0.286448
1618.169000,-0.428382
1618.170000,-0.369538
1618.171000,-0.496907
1618.172000,-0.448816
1618.173000,-0.506719
1618.174000,-0.469297
1618.175000,-0.595086
1618.176000,-0.631186
1618.177000,-0.675572
1618.178000,-0.748405
1618.179000,-0.761274
1618.180000,-0.563712
1618.181000,-0.419347
1618.182000,-0.513054
1618.183000,-0.589963
1618.184000,-0.497030
1618.185000,-0.602027
1618.186000,-0.544181
1618.187000,-0.458788
1618.188000,-0.455963
1618.189000,-0.597253
1618.190000,-0.472465
1618.191000,-0.517909
1618.192000,-0.564032
1618.193000,-0.738919
1618.194000,-0.768641
1618.195000,-0.981885
1618.196000,-0.946664
1618.197000,-0.817725
1618.198000,-0.524409
1618.199000,-0.515028
1618.200000,-0.508540
1618.201000,-0.444589
1618.202000,-0.384763
1618.203000,-0.211684
1618.204000,-0.146424
1618.205000,-0.309426
1618.206000,-0.269324
1618.207000,-0.270837
1618.208000,-0.185003
1618.209000,-0.432355
1618.210000,-0.454362
1618.211000,-0.482482
1618.212000,-0.473720
1618.213000,-0.457383
1618.214000,-0.400328
1618.215000,-0.343230
1618.216000,-0.423735
1618.217000,-0.586318
1618.218000,-0.400788
1618.219000,-0.282259
1618.220000,-0.378822
1618.221000,-0.369721
1618.222000,-0.316931
1618.223000,-0.171174
1618.224000,-0.168527
1618.225000,-0.307927
1618.226000,-0.035827
1618.227000,0.099248
1618.228000,0.167979
1618.229000,0.219873
1618.230000,0.337126
1618.231000,0.264242
1618.232000,0.128523
1618.233000,0.179735
1618.234000,0.161197
1618.235000,-0.000836
1618.236000,0.157632
1618.237000,0.157379
1618.238000,0.060458
1618.239000,0.090620
1618.240000,0.012766
1618.241000,-0.096185
1618.242000,-0.002670
1618.243000,0.012567
1618.244000,0.005221
1618.245000,0.119502
1618.246000,0.087945
1618.247000,0.025690
1618.248000,0.014597
1618.249000,-0.016094
1618.250000,-0.084253
1618.251000,-0.204749
1618.252000,-0.058717
1618.253000,-0.246575
1618.254000,-0.271208
1618.255000,-0.102054
1618.256000,-0.176357
1618.257000,-0.214473
1618.258000,-0.469151
1618.259000,-0.524997
1618.260000,-0.485114
1618.261000,-0.251935
1618.262000,-0.103786
1618.263000,-0.047601
1618.264000,-0.173338
1618.265000,-0.002290
1618.266000,0.013429
1618.267000,-0.020021
1618.268000,-0.091755
1618.269000,-0.170343
1618.270000,-0.074540
1618.271000,0.005829
1618.272000,0.031717
1618.273000,-0.028536
1618.274000,0.098019
1618.275000,0.292303
1618.276000,0.436263
1618.277000,0.478346
1618.278000,0.347693
1618.279000,0.429801
1618.280000,0.393421
1618.281000,0.344390
1618.282000,0.498646
1618.283000,0.615972
1618.284000,0.481032
1618.285000,0.562226
1618.286000,0.516996
1618.287000,0.610180
1618.288000,0.817532
1618.289000,0.736023
1618.290000,0.749410
1618.291000,0.670133
1618.292000,0.783433
1618.293000,0.848047
1618.294000,0.796557
1618.295000,0.835679
1618.296000,0.760643
1618.297000,0.637617
1618.298000,0.893108
1618.299000,0.646599
1618.300000,0.642479
1618.301000,0.650784
1618.302000,0.742294
1618.303000,0.634024
1618.304000,0.819605
1618.305000,0.914077
1618.306000,0.722018
1618.307000,0.632048
1618.308000,0.777916
1618.309000,0.496288
1618.310000,0.484363
1618.311000,0.629904
1618.312000,0.716057
1618.313000,0.774410
1618.314000,0.857350
1618.315000,0.945991
1618.316000,0.986953
1618.317000,1.096688
1618.318000,0.968772
1618.319000,1.077189
1618.320000,1.243382
1618.321000,1.093133
1618.322000,0.962760
1618.323000,1.037199
1618.324000,0.873279
1618.325000,1.091679
1618.326000,0.981956
1618.327000,0.838357
1618.328000,0.782629
1618.329000,0.927545
1618.330000,0.660763
1618.331000,0.706214
1618.332000,0.636968
1618.333000,0.464148
1618.334000,0.436103
1618.335000,0.390393
1618.336000,0.499266
1618.337000,0.397236
1618.338000,0.498825
1618.339000,0.501141
1618.340000,0.574057
1618.341000,0.520118
1618.342000,0.450234
1618.343000,0.331491
1618.344000,0.251026
1618.345000,0.288279
1618.346000,0.417968
1618.347000,0.418432
1618.348000,0.317382
1618.349000,0.330450
1618.350000,0.509063
1618.351000,0.335849
1618.352000,0.512087
1618.353000,0.402485
1618.354000,0.245507
1618.355000,0.282741
1618.356000,0.515553
1618.357000,0.562827
1618.358000,0.533520
1618.359000,0.582944
1618.360000,0.654788
1618.361000,0.748806
1618.362000,0.665669
1618.363000,0.743015
1618.364000,0.618190
1618.365000,0.466842
1618.366000,0.435479
1618.367000,0.470528
1618.368000,0.441862
1618.369000,0.614921
1618.370000,0.629962
1618.371000,0.614071
1618.372000,0.727998
1618.373000,0.810962
1618.374000,0.925106
1618.375000,0.817383
1618.376000,0.921846
1618.377000,1.068847
1618.378000,1.157741
1618.379000,1.142758
1618.380000,1.016866
1618.381000,0.813762
1618.382000,0.817333
1618.383000,0.772674
1618.384000,0.798098
1618.385000,0.528737
1618.386000,0.392482
1618.387000,0.206595
1618.388000,0.082624
1618.389000,0.040395
1618.390000,0.033300
1618.391000,-0.074285
1618.392000,-0.153065
1618.393000,-0.151174
1618.394000,-0.111623
1618.395000,0.097685
1618.396000,0.108476
1618.397000,0.090744
1618.398000,0.048302
1618.399000,0.077211
1618.400000,0.052818
1618.401000,-0.147655
1618.402000,0.126586
1618.403000,0.181583
1618.404000,0.052554
1618.405000,0.028229
1618.406000,-0.160131
1618.407000,-0.333914
1618.408000,-0.444232
1618.409000,-0.393337
1618.410000,-0.378985
1618.411000,-0.441348
1618.412000,-0.590260
1618.413000,-0.628554
1618.414000,-0.772642
1618.415000,-0.602446
1618.416000,-0.679067
1618.417000,-0.678386
1618.418000,-0.671662
1618.419000,-0.618087
1618.420000,-0.540626
1618.421000,-0.622373
1618.422000,-0.809057
1618.423000,-1.021999
1618.424000,-0.831313
1618.425000,-0.655669
1618.426000,-0.654363
1618.427000,-0.697877
1618.428000,-0.698886
1618.429000,-0.676738
1618.430000,-0.727524
1618.431000,-0.669836
1618.432000,-0.824082
1618.433000,-0.944572
1618.434000,-1.037463
1618.435000,-1.006359
1618.436000,-1.002612
1618.437000,-1.088297
1618.438000,-1.179326
1618.439000,-1.544630
1618.440000,-1.331911
1618.441000,-1.494059
1618.442000,-1.299437
1618.443000,-1.420081
1618.444000,-1.634736
1618.445000,-1.624990
1618.446000,-1.609257
1618.447000,-1.411207
1618.448000,-1.559795
1618.449000,-1.665004
1618.450000,-1.527203
1618.451000,-1.356944
1618.452000,-1.313172
1618.453000,-1.434157
1618.454000,-1.377864
1618.455000,-1.398301
1618.456000,-1.412793
1618.457000,-1.340265
1618.458000,-1.259634
1618.459000,-1.460698
1618.460000,-1.265497
1618.461000,-1.201382
1618.462000,-1.148024
1618.463000,-1.104607
1618.464000,-0.987741
1618.465000,-0.852727
1618.466000,-0.676755
1618.467000,-0.583271
1618.468000,-0.538839
1618.469000,-0.567039
1618.470000,-0.782547
1618.471000,-0.708014
1618.472000,-0.728224
1618.473000,-0.802239
1618.474000,-0.657062
1618.475000,-0.507687
1618.476000,-0.455817
1618.477000,-0.418084
1618.478000,-0.289100
1618.479000,-0.262300
1618.480000,-0.231624
1618.481000,-0.137511
1618.482000,-0.017261
1618.483000,-0.123355
1618.484000,-0.171996
1618.485000,-0.301551
1618.486000,-0.291397
1618.487000,-0.279683
1618.488000,-0.176352
1618.489000,-0.119340
1618.490000,-0.127385
1618.491000,0.079654
1618.492000,0.035127
1618.493000,0.183369
1618.494000,0.263255
1618.495000,0.328430
1618.496000,0.252981
1618.497000,0.173755
1618.498000,0.008222
1618.499000,-0.109510
1618.500000,-0.252153
1618.501000,-0.442915
1618.502000,-0.214381
1618.503000,-0.278446
1618.504000,-0.260118
1618.505000,-0.272873
1618.506000,-0.200363
1618.507000,-0.325259
1618.508000,-0.366037
1618.509000,-0.422788
1618.510000,-0.473731
1618.511000,-0.505991
1618.512000,-0.310583
1618.513000,-0.310472
1618.514000,-0.314236
1618.515000,-0.301501
1618.516000,-0.288288
1618.517000,-0.222867
1618.518000,-0.273642
1618.519000,-0.490147
1618.520000,-0.392225
1618.521000,-0.368107
1618.522000,-0.310476
1618.523000,-0.440507
1618.524000,-0.240782
1618.525000,-0.269104
1618.526000,-0.343388
1618.527000,-0.384206
1618.528000,-0.443084
1618.529000,-0.490682
1618.530000,-0.425676
1618.531000,-0.433446
1618.532000,-0.621146
1618.533000,-0.635022
1618.534000,-0.694532
1618.535000,-0.709818
1618.536000,-0.711162
1618.537000,-0.655094
1618.538000,-0.672331
1618.539000,-0.663341
1618.540000,-0.625569
1618.541000,-0.626385
1618.542000,-0.544624
1618.543000,-0.708245
1618.544000,-0.633183
1618.545000,-0.492846
1618.546000,-0.581659
1618.547000,-0.392326
1618.548000,-0.126372
1618.549000,-0.023178
1618.550000,-0.053441
1618.551000,0.061915
1618.552000,0.102406
1618.553000,0.089396
1618.554000,-0.011265
1618.555000,-0.124226
1618.556000,-0.083994
1618.557000,0.004504
1618.558000,0.027495
1618.559000,0.221446
1618.560000,0.369706
1618.561000,0.375529
1618.562000,0.382554
1618.563000,0.273360
1618.564000,0.197633
1618.565000,0.238835
1618.566000,0.197493
1618.567000,0.197161
1618.568000,0.176309
1618.569000,0.049196
1618.570000,0.032514
1618.571000,0.274981
1618.572000,0.223130
1618.573000,0.318712
1618.574000,0.481625
1618.575000,0.443811
1618.576000,0.418977
1618.577000,0.472878
1618.578000,0.569667
1618.579000,0.751069
1618.580000,0.843857
1618.581000,0.833731
1618.582000,0.716604
1618.583000,0.804728
1618.584000,0.747547
1618.585000,0.886600
1618.586000,0.901127
1618.587000,0.874322
1618.588000,0.888317
1618.589000,0.948059
1618.590000,0.983562
1618.591000,1.033397
1618.592000,1.063800
1618.593000,0.988488
1618.594000,0.878224
1618.595000,1.044762
1618.596000,1.000679
1618.597000,1.032469
1618.598000,1.203143
1618.599000,1.462032
1618.600000,1.463153
1618.601000,1.443560
1618.602000,1.495660
1618.603000,1.538800
1618.604000,1.557855
1618.605000,1.442375
1618.606000,1.249725
1618.607000,1.031085
1618.608000,0.949934
1618.609000,1.143665
1618.610000,1.044429
1618.611000,0.988289
1618.612000,0.934283
1618.613000,0.934050
1618.614000,0.894572
1618.615000,0.825874
1618.616000,0.994786
1618.617000,1.142105
1618.618000,1.179997
1618.619000,1.128850
1618.620000,1.173142
1618.621000,1.235805
1618.622000,1.139988
1618.623000,1.012287
1618.624000,1.160408
1618.625000,1.094305
1618.626000,1.135699
1618.627000,0.917153
1618.628000,0.765099
1618.629000,0.501687
1618.630000,0.442006
1618.631000,0.626229
1618.632000,0.500095
1618.633000,0.520286
1618.634000,0.486958
1618.635000,0.418773
1618.636000,0.420485
1618.637000,0.302160
1618.638000,0.273201
1618.639000,0.242492
1618.640000,0.340935
1618.641000,0.546086
1618.642000,0.448524
1618.643000,0.268269
1618.644000,0.257842
1618.645000,0.427804
1618.646000,0.318809
1618.647000,0.253754
1618.648000,0.104169
1618.649000,0.186767
1618.650000,0.170310
1618.651000,0.261273
1618.652000,0.179589
1618.653000,0.213606
1618.654000,0.317312
1618.655000,0.274365
1618.656000,0.316729
1618.657000,0.368777
1618.658000,0.281785
1618.659000,0.119343
1618.660000,0.045293
1618.661000,0.090072
1618.662000,0.040847
1618.663000,0.141504
1618.664000,0.210018
1618.665000,0.224792
1618.666000,0.451125
1618.667000,0.426475
1618.668000,0.443281
1618.669000,0.275766
1618.670000,0.253118
1618.671000,0.182009
1618.672000,0.269401
1618.673000,0.169748
1618.674000,0.201550
1618.675000,0.418485
1618.676000,0.314996
1618.677000,0.245472
1618.678000,0.222772
1618.679000,0.268660
1618.680000,0.256483
1618.681000,0.160120
1618.682000,0.303982
1618.683000,0.143516
1618.684000,-0.026666
1618.685000,-0.080754
1618.686000,-0.027328
1618.687000,-0.079926
1618.688000,-0.173567
1618.689000,-0.106031
1618.690000,-0.167314
1618.691000,-0.076357
1618.692000,-0.117090
1618.693000,-0.046059
1618.694000,-0.030143
1618.695000,0.007879
1618.696000,-0.001876
1618.697000,0.109606
1618.698000,0.033889
1618.699000,-0.147174
1618.700000,-0.149531
1618.701000,-0.134750
1618.702000,0.119812
1618.703000,0.256421
1618.704000,0.032420
1618.705000,0.107163
1618.706000,0.124558
1618.707000,-0.021408
1618.708000,0.122915
1618.709000,0.066260
1618.710000,-0.019350
1618.711000,0.043690
1618.712000,-0.093894
1618.713000,-0.132238
1618.714000,-0.268829
1618.715000,-0.229535
1618.716000,-0.213580
1618.717000,-0.196257
1618.718000,-0.211855
1618.719000,-0.100400
1618.720000,-0.062946
1618.721000,-0.004528
1618.722000,-0.023177
1618.723000,0.034612
1618.724000,-0.024851
1618.725000,0.069820
1618.726000,0.069778
1618.727000,0.272620
1618.728000,0.221349
1618.729000,0.187245
1618.730000,-0.012257
1618.731000,0.030869
1618.732000,0.014748
1618.733000,0.072230
1618.734000,0.173090
1618.735000,0.042651
1618.736000,0.025091
1618.737000,-0.012875
1618.738000,-0.086718
1618.739000,-0.247225
1618.740000,-0.324199
1618.741000,-0.297214
1618.742000,-0.407167
1618.743000,-0.440526
1618.744000,-0.486738
1618.745000,-0.464584
1618.746000,-0.607639
1618.747000,-0.669001
1618.748000,-0.546520
1618.749000,-0.456665
1618.750000,-0.294250
1618.751000,-0.392709
1618.752000,-0.271934
1618.753000,-0.432097
1618.754000,-0.247896
1618.755000,-0.351952
1618.756000,-0.392045
1618.757000,-0.395134
1618.758000,-0.458088
1618.759000,-0.494661
1618.760000,-0.473689
1618.761000,-0.651941
1618.762000,-0.459289
1618.763000,-0.482285
1618.764000,-0.590517
1618.765000,-0.526406
1618.766000,-0.585542
1618.767000,-0.599443
1618.768000,-0.754546
1618.769000,-0.838574
1618.770000,-0.834644
1618.771000,-0.919571
1618.772000,-0.798087
1618.773000,-0.833365
1618.774000,-0.992645
1618.775000,-0.841050
1618.776000,-0.741867
1618.777000,-0.570934
1618.778000,-0.632483
1618.779000,-0.712485
1618.780000,-0.602394
1618.781000,-0.424971
1618.782000,-0.509169
1618.783000,-0.600283
1618.784000,-0.668967
1618.785000,-0.675495
1618.786000,-0.495195
1618.787000,-0.397949
1618.788000,-0.416343
1618.789000,-0.444949
1618.790000,-0.144598
1618.791000,-0.029879
1618.792000,0.022912
1618.793000,-0.008388
1618.794000,-0.114688
1618.795000,-0.010452
1618.796000,-0.042527
1618.797000,-0.003042
1618.798000,-0.091171
1618.799000,-0.158913
1618.800000,-0.135215
1618.801000,-0.126286
1618.802000,-0.117732
1618.803000,-0.060726
1618.804000,-0.222070
1618.805000,-0.253374
1618.806000,-0.112496
1618.807000,-0.019340
1618.808000,-0.185247
1618.809000,-0.115718
1618.810000,-0.125091
1618.811000,-0.164197
1618.812000,-0.135105
1618.813000,-0.021676
1618.814000,-0.047195
1618.815000,-0.120639
1618.816000,-0.080851
1618.817000,-0.099424
1618.818000,0.075586
1618.819000,-0.010572
1618.820000,-0.100689
1618.821000,-0.211561
1618.822000,-0.333823
1618.823000,-0.267766
1618.824000,-0.387008
1618.825000,-0.282540
1618.826000,-0.325415
1618.827000,-0.317109
1618.828000,-0.282066
1618.829000,-0.304970
1618.830000,-0.407092
1618.831000,-0.556668
1618.832000,-0.377391
1618.833000,-0.406151
1618.834000,-0.210301
1618.835000,-0.289431
1618.836000,-0.252680
1618.837000,-0.215024
1618.838000,-0.224697
1618.839000,-0.155162
1618.840000,-0.302893
1618.841000,-0.447397
1618.842000,-0.365330
1618.843000,-0.275841
1618.844000,-0.282525
1618.845000,-0.168332
1618.846000,0.069816
1618.847000,0.205611
1618.848000,0.228010
1618.849000,0.386382
1618.850000,0.434865
1618.851000,0.225094
1618.852000,0.153407
1618.853000,0.230989
1618.854000,0.133372
1618.855000,-0.000051
1618.856000,0.093239
1618.857000,0.421692
1618.858000,0.385525
1618.859000,0.405612
1618.860000,0.458075
1618.861000,0.498598
1618.862000,0.635421
1618.863000,0.649573
1618.864000,0.702829
1618.865000,0.558386
1618.866000,0.710528
1618.867000,0.573662
1618.868000,0.444093
1618.869000,0.414305
1618.870000,0.448857
1618.871000,0.433399
1618.872000,0.368074
1618.873000,0.373693
1618.874000,0.236687
1618.875000,0.205021
1618.876000,-0.103967
1618.877000,-0.225447
1618.878000,-0.229881
1618.879000,-0.254227
1618.880000,-0.198440
1618.881000,-0.299875
1618.882000,-0.207276
1618.883000,-0.350863
1618.884000,-0.402094
1618.885000,-0.684067
1618.886000,-0.611531
1618.887000,-0.539817
1618.888000,-0.592909
1618.889000,-0.541915
1618.890000,-0.490434
1618.891000,-0.416212
1618.892000,-0.471165
1618.893000,-0.332061
1618.894000,-0.207722
1618.895000,-0.323430
1618.896000,-0.321203
1618.897000,-0.209226
1618.898000,-0.204925
1618.899000,-0.267725
1618.900000,-0.375827
1618.901000,-0.341822
1618.902000,-0.335064
1618.903000,-0.236705
1618.904000,-0.187156
1618.905000,-0.202659
1618.906000,-0.263386
1618.907000,-0.291721
1618.908000,-0.264170
1618.909000,-0.350230
1618.910000,-0.216694
1618.911000,-0.277487
1618.912000,-0.183593
1618.913000,-0.220862
1618.914000,-0.308777
1618.915000,-0.477295
1618.916000,-0.356697
1618.917000,-0.469707
1618.918000,-0.227014
1618.919000,-0.282846
1618.920000,-0.444705
1618.921000,-0.552535
1618.922000,-0.529627
1618.923000,-0.628452
1618.924000,-0.577464
1618.925000,-0.639254
1618.926000,-0.690355
1618.927000,-0.749545
1618.928000,-0.645549
1618.929000,-0.598908
1618.930000,-0.546199
1618.931000,-0.443754
1618.932000,-0.358980
1618.933000,-0.216034
1618.934000,-0.155237
1618.935000,0.040144
1618.936000,0.075003
1618.937000,0.072374
1618.938000,0.277911
1618.939000,0.250024
1618.940000,-0.025534
1618.941000,-0.069106
1618.942000,-0.206123
1618.943000,-0.266252
1618.944000,-0.229937
1618.945000,-0.187051
1618.946000,-0.167735
1618.947000,-0.305966
1618.948000,-0.480927
1618.949000,-0.483247
1618.950000,-0.592096
1618.951000,-0.702916
1618.952000,-0.738369
1618.953000,-0.679045
1618.954000,-0.534428
1618.955000,-0.302999
1618.956000,-0.394920
1618.957000,-0.389264
1618.958000,-0.319528
1618.959000,-0.346964
1618.960000,-0.342729
1618.961000,-0.306374
1618.962000,-0.514272
1618.963000,-0.488851
1618.964000,-0.541641
1618.965000,-0.535351
1618.966000,-0.382849
1618.967000,-0.369102
1618.968000,-0.228614
1618.969000,-0.343135
1618.970000,-0.205165
1618.971000,-0.081587
1618.972000,-0.111474
1618.973000,-0.187180
1618.974000,-0.349434
1618.975000,-0.493355
1618.976000,-0.222484
1618.977000,-0.202373
1618.978000,-0.379556
1618.979000,-0.322496
1618.980000,-0.274088
1618.981000,-0.236396
1618.982000,-0.052088
1618.983000,0.014445
1618.984000,0.005749
1618.985000,-0.014499
1618.986000,-0.109211
1618.987000,-0.149303
1618.988000,-0.109760
1618.989000,-0.085362
1618.990000,-0.184550
1618.991000,-0.045272
1618.992000,-0.050151
1618.993000,-0.203092
1618.994000,-0.227976
1618.995000,-0.134955
1618.996000,-0.036571
1618.997000,-0.090982
1618.998000,-0.109486
1618.999000,0.099311
1619.000000,0.208080
1619.001000,0.285029
1619.002000,0.101428
1619.003000,0.101989
1619.004000,0.352940
1619.005000,0.415867
1619.006000,0.347371
1619.007000,0.247101
1619.008000,0.397600
1619.009000,0.597364
1619.010000,0.675569
1619.011000,0.606270
1619.012000,0.572943
1619.013000,0.730670
1619.014000,0.835847
1619.015000,0.801154
1619.016000,0.939733
1619.017000,0.846582
1619.018000,0.759392
1619.019000,0.759559
1619.020000,0.876701
1619.021000,0.795070
1619.022000,0.798640
1619.023000,0.919138
1619.024000,0.936310
1619.025000,0.902541
1619.026000,0.942057
1619.027000,0.911462
1619.028000,0.909268
1619.029000,0.877284
1619.030000,0.970296
1619.031000,0.920867
1619.032000,0.954963
1619.033000,0.919689
1619.034000,1.023177
1619.035000,0.983128
1619.036000,0.992850
1619.037000,0.918310
1619.038000,0.844480
1619.039000,0.967888
1619.040000,0.958520
1619.041000,0.745238
1619.042000,0.648303
1619.043000,0.514454
1619.044000,0.408755
1619.045000,0.319335
1619.046000,0.256182
1619.047000,0.040091
1619.048000,0.120801
1619.049000,-0.016483
1619.050000,0.012238
1619.051000,0.152554
1619.052000,0.022921
1619.053000,0.042023
1619.054000,0.128778
1619.055000,0.275371
1619.056000,0.153138
1619.057000,0.181649
1619.058000,0.287867
1619.059000,0.337902
1619.060000,0.420581
1619.061000,0.300427
1619.062000,0.252666
1619.063000,0.259917
1619.064000,0.236686
1619.065000,0.385672
1619.066000,0.490852
1619.067000,0.588611
1619.068000,0.598821
1619.069000,0.684379
1619.070000,0.543773
1619.071000,0.438494
1619.072000,0.317621
1619.073000,0.461621
1619.074000,0.405949
1619.075000,0.203644
1619.076000,0.144022
1619.077000,0.043660
1619.078000,0.192331
1619.079000,0.344383
1619.080000,0.123106
1619.081000,0.191549
1619.082000,0.382001
1619.083000,0.259212
1619.084000,0.094578
1619.085000,0.070527
1619.086000,0.004235
1619.087000,-0.104365
1619.088000,-0.044020
1619.089000,-0.066971
1619.090000,-0.072172
1619.091000,-0.127069
1619.092000,-0.079303
1619.093000,-0.074373
1619.094000,-0.065597
1619.095000,-0.197066
1619.096000,-0.175160
1619.097000,-0.210165
1619.098000,-0.038963
1619.099000,-0.055545
1619.100000,0.078174
1619.101000,0.036241
1619.102000,-0.051714
1619.103000,-0.135408
1619.104000,-0.027534
1619.105000,-0.138233
1619.106000,-0.210890
1619.107000,-0.158927
1619.108000,-0.199848
1619.109000,-0.233286
1619.110000,-0.227621
1619.111000,-0.315816
1619.112000,-0.306336
1619.113000,-0.313415
1619.114000,-0.229880
1619.115000,-0.493614
1619.116000,-0.783328
1619.117000,-0.774141
1619.118000,-0.570394
1619.119000,-0.616332
1619.120000,-0.704674
1619.121000,-0.505260
1619.122000,-0.516224
1619.123000,-0.331835
1619.124000,-0.363186
1619.125000,-0.233805
1619.126000,-0.101308
1619.127000,-0.131418
1619.128000,-0.120414
1619.129000,-0.033917
1619.130000,-0.030394
1619.131000,-0.002131
1619.132000,-0.076365
1619.133000,-0.237060
1619.134000,-0.235061
1619.135000,-0.199998
1619.136000,0.014448
1619.137000,-0.144892
1619.138000,-0.329163
1619.139000,-0.296452
1619.140000,-0.144499
1619.141000,-0.211003
1619.142000,-0.303827
1619.143000,-0.391888
1619.144000,-0.288004
1619.145000,-0.324979
1619.146000,-0.489551
1619.147000,-0.281004
1619.148000,-0.302569
1619.149000,-0.036051
1619.150000,0.016793
1619.151000,0.032306
1619.152000,0.120181
1619.153000,0.324172
1619.154000,0.313417
1619.155000,0.242613
1619.156000,0.283327
1619.157000,0.397567
1619.158000,0.328159
1619.159000,0.546167
1619.160000,0.572456
1619.161000,0.693960
1619.162000,0.627836
1619.163000,0.657404
1619.164000,0.622251
1619.165000,0.692216
1619.166000,0.538798
1619.167000,0.449705
1619.168000,0.413974
1619.169000,0.532939
1619.170000,0.590041
1619.171000,0.448177
1619.172000,0.487283
1619.173000,0.574452
1619.174000,0.641882
1619.175000,0.505330
1619.176000,0.635462
1619.177000,0.768462
1619.178000,0.641872
1619.179000,0.702775
1619.180000,0.584272
1619.181000,0.429824
1619.182000,0.470723
1619.183000,0.312067
1619.184000,0.252014
1619.185000,0.108584
1619.186000,-0.116292
1619.187000,-0.324071
1619.188000,-0.322002
1619.189000,-0.227461
1619.190000,-0.327520
1619.191000,-0.389217
1619.192000,-0.581212
1619.193000,-0.586449
1619.194000,-0.514921
1619.195000,-0.582710
1619.196000,-0.592312
1619.197000,-0.641701
1619.198000,-0.675153
1619.199000,-0.599176
1619.200000,-0.674758
1619.201000,-0.734010
1619.202000,-0.748631
1619.203000,-0.658315
1619.204000,-0.682658
1619.205000,-0.568430
1619.206000,-0.537842
1619.207000,-0.560704
1619.208000,-0.515485
1619.209000,-0.402770
1619.210000,-0.498972
1619.211000,-0.484002
1619.212000,-0.434661
1619.213000,-0.388816
1619.214000,-0.392886
1619.215000,-0.343271
1619.216000,-0.371597
1619.217000,-0.341677
1619.218000,-0.317021
1619.219000,-0.249122
1619.220000,-0.193714
1619.221000,-0.234267
1619.222000,-0.330109
1619.223000,-0.385685
1619.224000,-0.309094
1619.225000,-0.157473
1619.226000,-0.129059
1619.227000,-0.097117
1619.228000,-0.222423
1619.229000,-0.475879
1619.230000,-0.455583
1619.231000,-0.644595
1619.232000,-0.490303
1619.233000,-0.373858
1619.234000,-0.449096
1619.235000,-0.412395
1619.236000,-0.411853
1619.237000,-0.394535
1619.238000,-0.294224
1619.239000,-0.334885
1619.240000,-0.388533
1619.241000,-0.486283
1619.242000,-0.362045
1619.243000,-0.451145
1619.244000,-0.347441
1619.245000,-0.513393
1619.246000,-0.384349
1619.247000,-0.188421
1619.248000,-0.304925
1619.249000,-0.384069
1619.250000,-0.247626
1619.251000,-0.199023
1619.252000,-0.287276
1619.253000,-0.486609
1619.254000,-0.554384
1619.255000,-0.708695
1619.256000,-0.776220
1619.257000,-0.814197
1619.258000,-0.741345
1619.259000,-0.852114
1619.260000,-0.858583
1619.261000,-0.865824
1619.262000,-0.762581
1619.263000,-0.671684
1619.264000,-0.807246
1619.265000,-0.748545
1619.266000,-0.784053
1619.267000,-0.717508
1619.268000,-0.393626
1619.269000,-0.463174
1619.270000,-0.480285
1619.271000,-0.396901
1619.272000,-0.389252
1619.273000,-0.328235
1619.274000,-0.165273
1619.275000,-0.388127
1619.276000,-0.396716
1619.277000,-0.275523
1619.278000,-0.274671
1619.279000,-0.126388
1619.280000,0.022551
1619.281000,0.072670
1619.282000,0.162541
1619.283000,0.151445
1619.284000,0.077103
1619.285000,-0.009002
1619.286000,0.050547
1619.287000,0.189189
1619.288000,0.078839
1619.289000,0.136678
1619.290000,0.130622
1619.291000,0.216442
1619.292000,0.307853
1619.293000,0.317031
1619.294000,0.328805
1619.295000,0.306394
1619.296000,0.364005
1619.297000,0.386695
1619.298000,0.492289
1619.299000,0.317506
1619.300000,0.463594
1619.301000,0.362762
1619.302000,0.383301
1619.303000,0.343892
1619.304000,0.176251
1619.305000,0.126440
1619.306000,0.148833
1619.307000,-0.027064
1619.308000,0.123027
1619.309000,0.132928
1619.310000,0.275385
1619.311000,0.347110
1619.312000,0.354532
1619.313000,0.331239
1619.314000,0.375387
1619.315000,0.412491
1619.316000,0.396992
1619.317000,0.323166
1619.318000,0.374754
1619.319000,0.339436
1619.320000,0.244250
1619.321000,0.126386
1619.322000,0.187508
1619.323000,0.096756
1619.324000,0.113086
1619.325000,0.099248
1619.326000,0.101302
1619.327000,0.322705
1619.328000,0.347909
1619.329000,0.426288
1619.330000,0.670435
1619.331000,0.779536
1619.332000,0.860247
1619.333000,0.741934
1619.334000,0.706519
1619.335000,0.844110
1619.336000,0.817329
1619.337000,0.822121
1619.338000,0.780586
1619.339000,0.742086
1619.340000,0.642231
1619.341000,0.420698
1619.342000,0.438825
1619.343000,0.391297
1619.344000,0.539709
1619.345000,0.576789
1619.346000,0.540924
1619.347000,0.521201
1619.348000,0.340471
1619.349000,0.254911
1619.350000,0.218037
1619.351000,0.237637
1619.352000,0.307450
1619.353000,0.095304
1619.354000,0.074286
1619.355000,0.186834
1619.356000,-0.041450
1619.357000,-0.030462
1619.358000,0.034521
1619.359000,0.217431
1619.360000,0.186836
1619.361000,0.187170
1619.362000,0.150286
1619.363000,0.213482
1619.364000,0.133357
1619.365000,-0.060321
1619.366000,-0.065383
1619.367000,-0.288382
1619.368000,-0.163434
1619.369000,-0.279957
1619.370000,-0.034289
1619.371000,-0.023602
1619.372000,0.081708
1619.373000,0.155242
1619.374000,0.340331
1619.375000,0.344977
1619.376000,0.304581
1619.377000,0.226537
1619.378000,0.225577
1619.379000,0.114344
1619.380000,0.117585
1619.381000,0.140475
1619.382000,0.239227
1619.383000,0.301860
1619.384000,0.301577
1619.385000,0.214728
1619.386000,0.080797
1619.387000,0.092462
1619.388000,0.162269
1619.389000,0.180760
1619.390000,0.254584
1619.391000,0.257392
1619.392000,0.243881
1619.393000,0.024096
1619.394000,-0.018694
1619.395000,0.059408
1619.396000,-0.205937
1619.397000,-0.189015
1619.398000,-0.144313
1619.399000,-0.040028
1619.400000,-0.016885
1619.401000,0.129456
1619.402000,0.169133
1619.403000,0.242055
1619.404000,0.143361
1619.405000,0.280105
1619.406000,0.149855
1619.407000,0.139307
1619.408000,0.083702
1619.409000,0.025827
1619.410000,0.012856
1619.411000,-0.079604
1619.412000,-0.064139
1619.413000,-0.157715
1619.414000,-0.128318
1619.415000,-0.001905
1619.416000,-0.022531
1619.417000,-0.042359
1619.418000,-0.115756
1619.419000,-0.010383
1619.420000,-0.155036
1619.421000,-0.136940
1619.422000,-0.239445
1619.423000,-0.360755
1619.424000,-0.525560
1619.425000,-0.575543
1619.426000,-0.608857
1619.427000,-0.713625
1619.428000,-0.548496
1619.429000,-0.658354
1619.430000,-0.915226
1619.431000,-1.014839
1619.432000,-0.982592
1619.433000,-1.199082
1619.434000,-1.040125
1619.435000,-1.090378
1619.436000,-1.011704
1619.437000,-0.936576
1619.438000,-1.189637
1619.439000,-0.923096
1619.440000,-1.004738
1619.441000,-1.123197
1619.442000,-1.337722
1619.443000,-1.168909
1619.444000,-1.133997
1619.445000,-1.212311
1619.446000,-1.130786
1619.447000,-1.133830
1619.448000,-0.883214
1619.449000,-0.627348
1619.450000,-0.642156
1619.451000,-0.468831
1619.452000,-0.446512
1619.453000,-0.401372
1619.454000,-0.385025
1619.455000,-0.428717
1619.456000,-0.183835
1619.457000,-0.204658
1619.458000,-0.128795
1619.459000,-0.183572
1619.460000,-0.231367
1619.461000,-0.369752
1619.462000,-0.237074
1619.463000,-0.283499
1619.464000,-0.273259
1619.465000,-0.151146
1619.466000,-0.132039
1619.467000,-0.232198
1619.468000,-0.270229
1619.469000,-0.304105
1619.470000,-0.201058
1619.471000,-0.135333
1619.472000,-0.050906
1619.473000,-0.048969
1619.474000,0.122712
1619.475000,0.227676
1619.476000,0.018112
1619.477000,0.134492
1619.478000,0.192879
1619.479000,0.232768
1619.480000,0.149137
1619.481000,0.075776
1619.482000,0.238110
1619.483000,0.121091
1619.484000,0.182297
1619.485000,0.006624
1619.486000,0.031246
1619.487000,-0.048526
1619.488000,-0.129181
1619.489000,0.056134
1619.490000,0.036288
1619.491000,0.215892
1619.492000,0.434771
1619.493000,0.487391
1619.494000,0.420976
1619.495000,0.316781
1619.496000,0.385291
1619.497000,0.394616
1619.498000,0.476439
1619.499000,0.528387
1619.500000,0.553891
1619.501000,0.628648
1619.502000,0.548546
1619.503000,0.562286
1619.504000,0.423465
1619.505000,0.366890
1619.506000,0.337307
1619.507000,0.298959
1619.508000,0.211545
1619.509000,0.137620
1619.510000,0.186477
1619.511000,0.091002
1619.512000,-0.038728
1619.513000,0.112976
1619.514000,0.160436
1619.515000,0.204259
1619.516000,0.140706
1619.517000,0.259561
1619.518000,0.439447
1619.519000,0.433609
1619.520000,0.320359
1619.521000,0.178919
1619.522000,0.245563
1619.523000,0.259506
1619.524000,0.448651
1619.525000,0.354877
1619.526000,0.394993
1619.527000,0.241758
1619.528000,0.095217
1619.529000,0.143653
1619.530000,0.054749
1619.531000,-0.014400
1619.532000,0.161073
1619.533000,0.200300
1619.534000,0.350598
1619.535000,0.394707
1619.536000,0.330896
1619.537000,0.045699
1619.538000,-0.049503
1619.539000,-0.128509
1619.540000,-0.049652
1619.541000,-0.176459
1619.542000,-0.261484
1619.543000,-0.131220
1619.544000,0.038060
1619.545000,0.138306
1619.546000,0.081395
1619.547000,0.104728
1619.548000,0.250116
1619.549000,0.158367
1619.550000,0.135457
1619.551000,0.247841
1619.552000,0.313004
1619.553000,0.338960
1619.554000,0.288211
1619.555000,0.406734
1619.556000,0.626321
1619.557000,0.434400
1619.558000,0.351123
1619.559000,0.288046
1619.560000,0.404934
1619.561000,0.408801
1619.562000,0.360508
1619.563000,0.178797
1619.564000,0.317731
1619.565000,0.190575
1619.566000,0.275224
1619.567000,0.234307
1619.568000,0.247576
1619.569000,0.160363
1619.570000,0.197486
1619.571000,0.173346
1619.572000,0.106631
1619.573000,-0.039197
1619.574000,-0.166653
1619.575000,-0.179874
1619.576000,-0.084531
1619.577000,-0.164144
1619.578000,-0.078710
1619.579000,-0.042009
1619.580000,-0.008205
1619.581000,0.198487
1619.582000,0.305117
1619.583000,0.302948
1619.584000,0.333629
1619.585000,0.396227
1619.586000,0.303797
1619.587000,0.213241
1619.588000,0.303467
1619.589000,0.216299
1619.590000,0.146610
1619.591000,0.237432
1619.592000,0.155467
1619.593000,0.221324
1619.594000,0.177844
1619.595000,0.168226
1619.596000,0.233882
1619.597000,0.181985
1619.598000,0.190677
1619.599000,0.024229
1619.600000,-0.041238
1619.601000,-0.113893
1619.602000,0.009515
1619.603000,-0.131917
1619.604000,-0.087533
1619.605000,0.000754
1619.606000,-0.001081
1619.607000,-0.055611
1619.608000,-0.076795
1619.609000,-0.109546
1619.610000,0.022651
1619.611000,0.195931
1619.612000,0.349662
1619.613000,0.664581
1619.614000,0.524705
1619.615000,0.474407
1619.616000,0.422877
1619.617000,0.513271
1619.618000,0.599146
1619.619000,0.608512
1619.620000,0.923659
1619.621000,0.982002
1619.622000,1.158713
1619.623000,1.106576
1619.624000,1.003681
1619.625000,0.973300
1619.626000,0.915940
1619.627000,0.992079
1619.628000,1.025745
1619.629000,0.830936
1619.630000,0.960659
1619.631000,0.994110
1619.632000,1.239303
1619.633000,1.292878
1619.634000,1.169108
1619.635000,1.091594
1619.636000,0.878491
1619.637000,0.697287
1619.638000,0.556499
1619.639000,0.572669
1619.640000,0.650332
1619.641000,0.555000
1619.642000,0.763268
1619.643000,0.862615
1619.644000,0.661574
1619.645000,0.793198
1619.646000,0.715663
1619.647000,0.635874
1619.648000,0.576542
1619.649000,0.673610
1619.650000,0.816120
1619.651000,0.791110
1619.652000,0.841914
1619.653000,0.657297
1619.654000,0.641988
1619.655000,0.599215
1619.656000,0.593106
1619.657000,0.801180
1619.658000,0.597817
1619.659000,0.591471
1619.660000,0.483438
1619.661000,0.425774
1619.662000,0.206384
1619.663000,0.243051
1619.664000,0.281212
1619.665000,0.475178
1619.666000,0.353301
1619.667000,0.301959
1619.668000,0.288186
1619.669000,0.461800
1619.670000,0.447959
1619.671000,0.501068
1619.672000,0.432670
1619.673000,0.474176
1619.674000,0.432741
1619.675000,0.313260
1619.676000,0.453665
1619.677000,0.358974
1619.678000,0.413187
1619.679000,0.369062
1619.680000,0.395382
1619.681000,0.202022
1619.682000,0.180372
1619.683000,0.027257
1619.684000,0.029505
1619.685000,-0.105112
1619.686000,-0.071884
1619.687000,-0.066607
1619.688000,-0.122268
1619.689000,-0.029775
1619.690000,0.010828
1619.691000,-0.129884
1619.692000,-0.085664
1619.693000,-0.110637
1619.694000,-0.106614
1619.695000,-0.112771
1619.696000,0.026458
1619.697000,-0.108095
1619.698000,-0.132422
1619.699000,-0.255832
1619.700000,-0.231847
1619.701000,-0.213474
1619.702000,-0.136662
1619.703000,-0.074711
1619.704000,0.034689
1619.705000,0.046824
1619.706000,-0.147521
1619.707000,-0.067287
1619.708000,-0.149075
1619.709000,-0.250246
1619.710000,-0.284211
1619.711000,-0.194537
1619.712000,-0.193285
1619.713000,-0.270314
1619.714000,-0.054442
1619.715000,-0.080990
1619.716000,-0.240945
1619.717000,-0.220484
1619.718000,-0.310319
1619.719000,-0.237475
1619.720000,-0.270983
1619.721000,-0.398844
1619.722000,-0.310945
1619.723000,-0.121728
1619.724000,-0.136138
1619.725000,-0.275526
1619.726000,-0.260829
1619.727000,-0.444228
1619.728000,-0.296725
1619.729000,-0.394078
1619.730000,-0.496698
1619.731000,-0.368067
1619.732000,-0.520307
1619.733000,-0.617180
1619.734000,-0.603946
1619.735000,-0.664595
1619.736000,-0.437438
1619.737000,-0.511633
1619.738000,-0.670595
1619.739000,-0.584405
1619.740000,-0.585880
1619.741000,-0.639643
1619.742000,-0.688150
1619.743000,-0.600310
1619.744000,-0.204504
1619.745000,-0.227304
1619.746000,-0.266219
1619.747000,-0.387650
1619.748000,-0.300795
1619.749000,-0.335563
1619.750000,-0.091395
1619.751000,-0.006233
1619.752000,-0.015725
1619.753000,-0.175039
1619.754000,-0.108669
1619.755000,-0.230858
1619.756000,-0.339286
1619.757000,-0.301908
1619.758000,-0.130365
1619.759000,-0.027449
1619.760000,-0.280928
1619.761000,-0.233103
1619.762000,-0.210458
1619.763000,-0.265866
1619.764000,-0.264086
1619.765000,-0.160855
1619.766000,-0.313770
1619.767000,-0.311897
1619.768000,-0.127080
1619.769000,0.055769
1619.770000,0.123779
1619.771000,-0.060227
1619.772000,-0.221600
1619.773000,-0.323769
1619.774000,-0.273499
1619.775000,-0.278033
1619.776000,-0.309671
1619.777000,-0.425582
1619.778000,-0.525366
1619.779000,-0.429745
1619.780000,-0.483483
1619.781000,-0.449770
1619.782000,-0.388550
1619.783000,-0.299877
1619.784000,-0.139586
1619.785000,-0.386172
1619.786000,-0.416642
1619.787000,-0.569202
1619.788000,-0.608885
1619.789000,-0.721712
1619.790000,-0.435919
1619.791000,-0.326803
1619.792000,-0.460566
1619.793000,-0.335903
1619.794000,-0.299071
1619.795000,-0.343727
1619.796000,-0.330718
1619.797000,-0.245769
1619.798000,-0.426509
1619.799000,-0.259538
1619.800000,-0.157706
1619.801000,-0.221852
1619.802000,-0.326290
1619.803000,-0.336484
1619.804000,-0.238534
1619.805000,-0.321678
1619.806000,-0.274376
1619.807000,-0.287566
1619.808000,-0.260576
1619.809000,-0.234079
1619.810000,-0.334860
1619.811000,-0.350324
1619.812000,-0.401331
1619.813000,-0.294896
1619.814000,-0.291170
1619.815000,-0.186349
1619.816000,-0.215674
1619.817000,-0.370787
1619.818000,-0.386121
1619.819000,-0.571544
1619.820000,-0.792070
1619.821000,-0.740730
1619.822000,-0.494464
1619.823000,-0.601938
1619.824000,-0.502418
1619.825000,-0.478002
1619.826000,-0.521593
1619.827000,-0.704120
1619.828000,-0.739307
1619.829000,-0.648676
1619.830000,-0.459243
1619.831000,-0.390621
1619.832000,-0.406541
1619.833000,-0.179910
1619.834000,-0.119917
1619.835000,-0.217369
1619.836000,-0.117329
1619.837000,-0.146928
1619.838000,-0.244293
1619.839000,-0.460361
1619.840000,-0.423402
1619.841000,-0.457706
1619.842000,-0.413501
1619.843000,-0.230443
1619.844000,-0.179704
1619.845000,-0.084584
1619.846000,-0.083469
1619.847000,-0.271991
1619.848000,-0.127293
1619.849000,-0.039541
1619.850000,-0.104836
1619.851000,0.034351
1619.852000,0.030040
1619.853000,0.149135
1619.854000,-0.008540
1619.855000,-0.068702
1619.856000,0.046476
1619.857000,0.073502
1619.858000,0.165158
1619.859000,-0.047268
1619.860000,-0.166327
1619.861000,-0.045125
1619.862000,-0.047724
1619.863000,0.063659
1619.864000,0.017967
1619.865000,0.124308
1619.866000,0.198261
1619.867000,0.342064
1619.868000,0.431732
1619.869000,0.463481
1619.870000,0.634048
1619.871000,0.636825
1619.872000,0.808427
1619.873000,0.811176
1619.874000,0.983396
1619.875000,0.854252
1619.876000,0.868012
1619.877000,0.574875
1619.878000,0.583855
1619.879000,0.628219
1619.880000,0.667313
1619.881000,0.652790
1619.882000,0.919981
1619.883000,1.029171
1619.884000,0.986173
1619.885000,1.069191
1619.886000,0.923029
1619.887000,0.929573
1619.888000,0.739837
1619.889000,0.842686
1619.890000,0.740559
1619.891000,0.715025
1619.892000,0.618361
1619.893000,0.574167
1619.894000,0.404608
1619.895000,0.553271
1619.896000,0.701696
1619.897000,0.825134
1619.898000,0.915599
1619.899000,0.785483
1619.900000,0.880892
1619.901000,0.830232
1619.902000,0.614112
1619.903000,0.495466
1619.904000,0.638795
1619.905000,0.720578
1619.906000,0.934154
1619.907000,0.897357
1619.908000,0.991202
1619.909000,1.016841
1619.910000,1.090059
1619.911000,1.177067
1619.912000,1.091755
1619.913000,1.069451
1619.914000,1.196766
1619.915000,1.015490
1619.916000,0.885313
1619.917000,0.901198
1619.918000,0.776150
1619.919000,0.673863
1619.920000,0.557497
1619.921000,0.447652
1619.922000,0.574898
1619.923000,0.653494
1619.924000,0.677666
1619.925000,0.745630
1619.926000,0.789750
1619.927000,0.896317
1619.928000,0.925256
1619.929000,0.902510
1619.930000,1.017494
1619.931000,1.308382
1619.932000,1.206143
1619.933000,1.178924
1619.934000,1.059398
1619.935000,0.996470
1619.936000,0.959367
1619.937000,1.056811
1619.938000,1.003769
1619.939000,0.860496
1619.940000,0.820990
1619.941000,0.870597
1619.942000,0.870357
1619.943000,0.912603
1619.944000,0.871682
1619.945000,0.841605
1619.946000,0.804549
1619.947000,0.986546
1619.948000,0.775750
1619.949000,0.768571
1619.950000,0.766086
1619.951000,0.571120
1619.952000,0.499271
1619.953000,0.469866
1619.954000,0.381047
1619.955000,0.396566
1619.956000,0.301601
1619.957000,0.252191
1619.958000,0.201070
1619.959000,0.400907
1619.960000,0.362983
1619.961000,0.307753
1619.962000,0.285922
1619.963000,0.190364
1619.964000,0.127792
1619.965000,-0.002337
1619.966000,-0.075558
1619.967000,-0.059289
1619.968000,0.139232
1619.969000,0.039696
1619.970000,-0.152389
1619.971000,-0.311456
1619.972000,-0.336606
1619.973000,-0.352793
1619.974000,-0.413755
1619.975000,-0.293151
1619.976000,-0.488642
1619.977000,-0.530363
1619.978000,-0.582491
1619.979000,-0.538498
1619.980000,-0.526500
1619.981000,-0.450569
1619.982000,-0.200189
1619.983000,-0.231709
1619.984000,-0.163958
1619.985000,-0.171753
1619.986000,-0.191498
1619.987000,-0.004853
1619.988000,0.061274
1619.989000,0.185823
1619.990000,0.174414
1619.991000,0.172390
1619.992000,-0.023565
1619.993000,0.066310
1619.994000,0.038880
1619.995000,-0.222015
1619.996000,-0.235600
1619.997000,-0.062613
1619.998000,-0.045469
1619.999000,-0.122353
1620.000000,-0.064646
1620.001000,-0.050596
1620.002000,0.037192
1620.003000,-0.182380
1620.004000,-0.160061
1620.005000,-0.278450
1620.006000,-0.327339
1620.007000,-0.338654
1620.008000,-0.374135
1620.009000,-0.303694
1620.010000,-0.305947
1620.011000,-0.254983
1620.012000,-0.076896
1620.013000,-0.007468
1620.014000,-0.246213
1620.015000,-0.266969
1620.016000,-0.113068
1620.017000,-0.146543
1620.018000,-0.131713
1620.019000,-0.144888
1620.020000,-0.306789
1620.021000,-0.341483
1620.022000,-0.182030
1620.023000,-0.092398
1620.024000,-0.083001
1620.025000,-0.297140
1620.026000,-0.473626
1620.027000,-0.491006
1620.028000,-0.478040
1620.029000,-0.361977
1620.030000,-0.267907
1620.031000,-0.308299
1620.032000,-0.164891
1620.033000,-0.166197
1620.034000,-0.139055
1620.035000,-0.240675
1620.036000,-0.267102
1620.037000,-0.448837
1620.038000,-0.429631
1620.039000,-0.523768
1620.040000,-0.493221
1620.041000,-0.428612
1620.042000,-0.421105
1620.043000,-0.396382
1620.044000,-0.516525
1620.045000,-0.415983
1620.046000,-0.397347
1620.047000,-0.398477
1620.048000,-0.414901
1620.049000,-0.487175
1620.050000,-0.346716
1620.051000,-0.344570
1620.052000,-0.162338
1620.053000,-0.171589
1620.054000,-0.084416
1620.055000,-0.058421
1620.056000,-0.195811
1620.057000,-0.267033
1620.058000,-0.335401
1620.059000,-0.276709
1620.060000,-0.201166
1620.061000,-0.101497
1620.062000,-0.099995
1620.063000,-0.132377
1620.064000,-0.197991
1620.065000,-0.422871
1620.066000,-0.257910
1620.067000,-0.227886
1620.068000,-0.349587
1620.069000,-0.265376
1620.070000,-0.469117
1620.071000,-0.535715
1620.072000,-0.402027
1620.073000,-0.576813
1620.074000,-0.581526
1620.075000,-0.654355
1620.076000,-0.644423
1620.077000,-0.627112
1620.078000,-0.527934
1620.079000,-0.495312
1620.080000,-0.470711
1620.081000,-0.374891
1620.082000,-0.177834
1620.083000,-0.303158
1620.084000,-0.354290
1620.085000,-0.136152
1620.086000,-0.269108
1620.087000,-0.423815
1620.088000,-0.295871
1620.089000,-0.514670
1620.090000,-0.478454
1620.091000,-0.527744
1620.092000,-0.527456
1620.093000,-0.561770
1620.094000,-0.659452
1620.095000,-0.652536
1620.096000,-0.672470
1620.097000,-0.736905
1620.098000,-0.760978
1620.099000,-0.944160
1620.100000,-0.920267
1620.101000,-0.821821
1620.102000,-0.756482
1620.103000,-0.733541
1620.104000,-0.815783
1620.105000,-0.853837
1620.106000,-0.860304
1620.107000,-0.761978
1620.108000,-0.558519
1620.109000,-0.688057
1620.110000,-0.780507
1620.111000,-0.694985
1620.112000,-0.698476
1620.113000,-0.678537
1620.114000,-0.478764
1620.115000,-0.414094
1620.116000,-0.281644
1620.117000,-0.453570
1620.118000,-0.488123
1620.119000,-0.490942
1620.120000,-0.295782
1620.121000,-0.243245
1620.122000,-0.362378
1620.123000,-0.476530
1620.124000,-0.483256
1620.125000,-0.428339
1620.126000,-0.231218
1620.127000,-0.137431
1620.128000,-0.166173
1620.129000,-0.351148
1620.130000,-0.413173
1620.131000,-0.473229
1620.132000,-0.415602
1620.133000,-0.413825
1620.134000,-0.240209
1620.135000,-0.327481
1620.136000,-0.415678
1620.137000,-0.504182
1620.138000,-0.594144
1620.139000,-0.351971
1620.140000,-0.226051
1620.141000,-0.171304
1620.142000,-0.218946
1620.143000,-0.330430
1620.144000,-0.298903
1620.145000,-0.363059
1620.146000,-0.349479
1620.147000,-0.390422
1620.148000,-0.601266
1620.149000,-0.604145
1620.150000,-0.556310
1620.151000,-0.560640
1620.152000,-0.473874
1620.153000,-0.615383
1620.154000,-0.502433
1620.155000,-0.562504
1620.156000,-0.359869
1620.157000,-0.521061
1620.158000,-0.422718
1620.159000,-0.413464
1620.160000,-0.412811
1620.161000,-0.480883
1620.162000,-0.317067
1620.163000,-0.386328
1620.164000,-0.300625
1620.165000,-0.264202
1620.166000,-0.291534
1620.167000,-0.404093
1620.168000,-0.510558
1620.169000,-0.598422
1620.170000,-0.442494
1620.171000,-0.628571
1620.172000,-0.534256
1620.173000,-0.435217
1620.174000,-0.325099
1620.175000,-0.167355
1620.176000,-0.099682
1620.177000,-0.033071
1620.178000,0.037152
1620.179000,-0.144194
1620.180000,-0.184280
1620.181000,-0.181282
1620.182000,-0.202939
1620.183000,-0.321395
1620.184000,-0.513057
1620.185000,-0.489859
1620.186000,-0.440954
1620.187000,-0.371410
1620.188000,-0.127667
1620.189000,-0.060913
1620.190000,-0.100254
1620.191000,0.003912
1620.192000,0.165362
1620.193000,0.283737
1620.194000,0.331416
1620.195000,0.349374
1620.196000,0.494187
1620.197000,0.495973
1620.198000,0.534942
1620.199000,0.728601
1620.200000,0.621540
1620.201000,0.547289
1620.202000,0.521379
1620.203000,0.672422
1620.204000,0.734461
1620.205000,0.558262
1620.206000,0.617685
1620.207000,0.590838
1620.208000,0.609630
1620.209000,0.452522
1620.210000,0.386255
1620.211000,0.333796
1620.212000,0.447971
1620.213000,0.237764
1620.214000,0.175024
1620.215000,0.195069
1620.216000,-0.076265
1620.217000,-0.062025
1620.218000,-0.064061
1620.219000,-0.114083
1620.220000,0.030733
1620.221000,0.037400
1620.222000,0.038882
1620.223000,0.041637
1620.224000,0.149801
1620.225000,0.041434
1620.226000,-0.092547
1620.227000,0.010060
1620.228000,0.084349
1620.229000,0.001935
1620.230000,0.061976
1620.231000,0.001238
1620.232000,-0.043894
1620.233000,-0.042317
1620.234000,-0.113817
1620.235000,-0.189213
1620.236000,-0.195581
1620.237000,-0.273460
1620.238000,-0.321744
1620.239000,-0.317637
1620.240000,-0.471815
1620.241000,-0.257140
1620.242000,-0.346029
1620.243000,-0.184508
1620.244000,0.018207
1620.245000,0.166171
1620.246000,0.372074
1620.247000,0.476936
1620.248000,0.424750
1620.249000,0.586025
1620.250000,0.552154
1620.251000,0.589623
1620.252000,0.524285
1620.253000,0.318023
1620.254000,0.506597
1620.255000,0.547387
1620.256000,0.635562
1620.257000,0.619926
1620.258000,0.655369
1620.259000,0.640324
1620.260000,0.659446
1620.261000,0.832600
1620.262000,0.749525
1620.263000,0.661256
1620.264000,0.660856
1620.265000,0.696989
1620.266000,0.580802
1620.267000,0.423662
1620.268000,0.296115
1620.269000,0.413638
1620.270000,0.436813
1620.271000,0.207630
1620.272000,0.183561
1620.273000,0.081394
1620.274000,0.113731
1620.275000,-0.068548
1620.276000,0.055372
1620.277000,-0.015872
1620.278000,0.076465
1620.279000,0.043145
1620.280000,-0.050269
1620.281000,-0.108185
1620.282000,-0.054170
1620.283000,-0.050567
1620.284000,-0.044530
1620.285000,0.070900
1620.286000,-0.062329
1620.287000,-0.110836
1620.288000,-0.076686
1620.289000,-0.092760
1620.290000,-0.033254
1620.291000,0.055912
1620.292000,-0.069800
1620.293000,-0.046509
1620.294000,-0.032679
1620.295000,0.213289
1620.296000,0.275855
1620.297000,0.230238
1620.298000,0.161776
1620.299000,0.014966
1620.300000,0.081194
1620.301000,-0.088814
1620.302000,-0.075220
1620.303000,0.002775
1620.304000,0.080901
1620.305000,0.120796
1620.306000,0.090936
1620.307000,0.215421
1620.308000,0.170417
1620.309000,0.357634
1620.310000,0.421486
1620.311000,0.486898
1620.312000,0.424701
1620.313000,0.519795
1620.314000,0.464980
1620.315000,0.431828
1620.316000,0.353611
1620.317000,0.213656
1620.318000,0.134012
1620.319000,0.312370
1620.320000,0.147390
1620.321000,0.310490
1620.322000,0.112732
1620.323000,0.299425
1620.324000,0.330396
1620.325000,0.241239
1620.326000,0.282172
1620.327000,0.349909
1620.328000,0.445414
1620.329000,0.647740
1620.330000,0.569259
1620.331000,0.544548
1620.332000,0.621121
1620.333000,0.709948
1620.334000,0.680693
1620.335000,0.572505
1620.336000,0.469073
1620.337000,0.507068
1620.338000,0.455469
1620.339000,0.412810
1620.340000,0.331724
1620.341000,0.361563
1620.342000,0.368215
1620.343000,0.286952
1620.344000,0.306413
1620.345000,0.133898
1620.346000,0.080337
1620.347000,0.092271
1620.348000,0.166499
1620.349000,0.338356
1620.350000,0.398486
1620.351000,0.577173
1620.352000,0.440580
1620.353000,0.441603
1620.354000,0.480519
1620.355000,0.457930
1620.356000,0.392399
1620.357000,0.355538
1620.358000,0.308016
1620.359000,0.399843
1620.360000,0.534978
1620.361000,0.611515
1620.362000,0.737103
1620.363000,0.811340
1620.364000,1.000348
1620.365000,0.844979
1620.366000,0.734217
1620.367000,0.625739
1620.368000,0.477852
1620.369000,0.429794
1620.370000,0.325889
1620.371000,0.143285
1620.372000,0.124025
1620.373000,0.149477
1620.374000,0.036367
1620.375000,-0.090990
1620.376000,-0.066563
1620.377000,-0.300294
1620.378000,-0.469650
1620.379000,-0.504612
1620.380000,-0.441117
1620.381000,-0.396467
1620.382000,-0.433432
1620.383000,-0.421034
1620.384000,-0.317846
1620.385000,-0.201301
1620.386000,-0.149759
1620.387000,-0.133721
1620.388000,-0.254168
1620.389000,-0.235334
1620.390000,-0.216665
1620.391000,-0.380575
1620.392000,-0.457362
1620.393000,-0.472539
1620.394000,-0.479024
1620.395000,-0.494714
1620.396000,-0.439248
1620.397000,-0.329020
1620.398000,-0.338824
1620.399000,-0.266991
1620.400000,-0.325464
1620.401000,-0.577266
1620.402000,-0.444757
1620.403000,-0.550482
1620.404000,-0.338474
1620.405000,-0.342017
1620.406000,-0.282459
1620.407000,-0.378080
1620.408000,-0.361217
1620.409000,-0.408450
1620.410000,-0.423134
1620.411000,-0.379126
1620.412000,-0.224748
1620.413000,-0.354654
1620.414000,-0.646031
1620.415000,-0.625996
1620.416000,-0.644014
1620.417000,-0.519925
1620.418000,-0.595796
1620.419000,-0.478686
1620.420000,-0.632052
1620.421000,-0.651960
1620.422000,-0.507187
1620.423000,-0.575516
1620.424000,-0.641069
1620.425000,-0.576607
1620.426000,-0.622197
1620.427000,-0.588885
1620.428000,-0.600406
1620.429000,-0.682867
1620.430000,-0.673057
1620.431000,-0.711110
1620.432000,-0.792857
1620.433000,-0.726634
1620.434000,-0.775286
1620.435000,-0.719677
1620.436000,-0.597804
1620.437000,-0.596817
1620.438000,-0.799476
1620.439000,-0.981916
1620.440000,-0.981476
1620.441000,-0.867089
1620.442000,-0.957317
1620.443000,-0.893517
1620.444000,-0.809556
1620.445000,-0.762293
1620.446000,-0.869218
1620.447000,-0.716722
1620.448000,-0.624527
1620.449000,-0.648385
1620.450000,-0.754018
1620.451000,-0.672988
1620.452000,-0.620203
1620.453000,-0.497187
1620.454000,-0.601267
1620.455000,-0.576260
1620.456000,-0.670606
1620.457000,-0.394336
1620.458000,-0.515942
1620.459000,-0.856845
1620.460000,-0.682655
1620.461000,-0.691235
1620.462000,-0.763081
1620.463000,-0.863580
1620.464000,-0.686232
1620.465000,-0.470127
1620.466000,-0.558113
1620.467000,-0.509483
1620.468000,-0.443904
1620.469000,-0.446461
1620.470000,-0.572050
1620.471000,-0.716545
1620.472000,-0.691931
1620.473000,-0.395699
1620.474000,-0.543823
1620.475000,-0.574018
1620.476000,-0.517740
1620.477000,-0.594160
1620.478000,-0.766860
1620.479000,-0.570762
1620.480000,-0.497637
1620.481000,-0.281797
1620.482000,-0.355534
1620.483000,-0.121663
1620.484000,-0.057237
1620.485000,-0.004353
1620.486000,0.080158
1620.487000,0.222426
1620.488000,0.254629
1620.489000,0.235692
1620.490000,0.253048
1620.491000,0.258408
1620.492000,0.457612
1620.493000,0.309384
1620.494000,0.427912
1620.495000,0.433162
1620.496000,0.431063
1620.497000,0.232720
1620.498000,0.484348
1620.499000,0.518161
1620.500000,0.654508
1620.501000,0.637800
1620.502000,0.727688
1620.503000,0.751545
1620.504000,0.683522
1620.505000,0.740782
1620.506000,0.700594
1620.507000,0.609035
1620.508000,0.596201
1620.509000,0.551171
1620.510000,0.415652
1620.511000,0.469967
1620.512000,0.337826
1620.513000,0.343505
1620.514000,0.577313
1620.515000,0.586024
1620.516000,0.560018
1620.517000,0.577826
1620.518000,0.639832
1620.519000,0.803479
1620.520000,0.804416
1620.521000,0.806518
1620.522000,1.042913
1620.523000,1.053488
1620.524000,1.071995
1620.525000,0.861129
1620.526000,0.977922
1620.527000,0.763404
1620.528000,0.645965
1620.529000,0.670655
1620.530000,0.578391
1620.531000,0.436824
1620.532000,0.262048
1620.533000,0.232196
1620.534000,0.194784
1620.535000,0.307957
1620.536000,0.331284
1620.537000,0.384287
1620.538000,0.420700
1620.539000,0.454374
1620.540000,0.476928
1620.541000,0.447908
1620.542000,0.593059
1620.543000,0.549896
1620.544000,0.554543
1620.545000,0.629687
1620.546000,0.745165
1620.547000,0.946804
1620.548000,0.937890
1620.549000,0.977261
1620.550000,1.013518
1620.551000,0.896057
1620.552000,0.914420
1620.553000,0.899512
1620.554000,0.858371
1620.555000,0.714095
1620.556000,0.796431
1620.557000,0.586220
1620.558000,0.386376
1620.559000,0.366772
1620.560000,0.317608
1620.561000,0.314000
1620.562000,0.256916
1620.563000,0.230022
1620.564000,-0.013557
1620.565000,-0.176247
1620.566000,-0.202369
1620.567000,-0.307933
1620.568000,-0.234220
1620.569000,-0.490970
1620.570000,-0.374826
1620.571000,-0.292962
1620.572000,-0.034452
1620.573000,-0.191865
1620.574000,-0.239962
1620.575000,-0.357084
1620.576000,-0.441861
1620.577000,-0.515630
1620.578000,-0.335557
1620.579000,-0.530462
1620.580000,-0.465706
1620.581000,-0.168405
1620.582000,-0.176423
1620.583000,-0.275187
1620.584000,-0.136536
1620.585000,-0.166431
1620.586000,-0.087761
1620.587000,-0.134250
1620.588000,-0.156167
1620.589000,0.044883
1620.590000,-0.039801
1620.591000,-0.000713
1620.592000,0.071465
1620.593000,-0.103582
1620.594000,-0.040759
1620.595000,-0.125384
1620.596000,-0.095371
1620.597000,0.082172
1620.598000,0.066671
1620.599000,0.135454
1620.600000,-0.033995
1620.601000,0.001219
1620.602000,-0.031714
1620.603000,-0.134299
1620.604000,-0.174756
1620.605000,-0.162633
1620.606000,-0.060170
1620.607000,-0.152665
1620.608000,0.009030
1620.609000,-0.062330
1620.610000,-0.155360
1620.611000,0.018296
1620.612000,0.110713
1620.613000,0.086933
1620.614000,0.268414
1620.615000,0.260075
1620.616000,0.254968
1620.617000,0.311809
1620.618000,0.534524
1620.619000,0.437668
1620.620000,0.400658
1620.621000,0.322280
1620.622000,0.170139
1620.623000,0.144479
1620.624000,0.052907
1620.625000,-0.036003
1620.626000,-0.180461
1620.627000,-0.147252
1620.628000,-0.105645
1620.629000,-0.201223
1620.630000,-0.047765
1620.631000,-0.003443
1620.632000,-0.186040
1620.633000,-0.130239
1620.634000,-0.003277
1620.635000,0.040043
1620.636000,-0.029350
1620.637000,-0.191239
1620.638000,-0.291405
1620.639000,-0.154887
1620.640000,-0.032313
1620.641000,-0.072814
1620.642000,0.045371
1620.643000,0.042795
1620.644000,-0.106160
1620.645000,-0.180215
1620.646000,-0.254086
1620.647000,-0.213883
1620.648000,-0.259561
1620.649000,-0.288721
1620.650000,-0.220589
1620.651000,-0.393597
1620.652000,-0.426500
1620.653000,-0.410245
1620.654000,-0.331243
1620.655000,-0.333748
1620.656000,-0.428631
1620.657000,-0.289960
1620.658000,-0.432821
1620.659000,-0.537730
1620.660000,-0.586603
1620.661000,-0.585808
1620.662000,-0.515848
1620.663000,-0.366296
1620.664000,-0.345303
1620.665000,-0.548433
1620.666000,-0.435127
1620.667000,-0.442599
1620.668000,-0.461621
1620.669000,-0.393811
1620.670000,-0.388359
1620.671000,-0.491714
1620.672000,-0.397815
1620.673000,-0.328146
1620.674000,-0.318690
1620.675000,-0.241126
1620.676000,-0.273815
1620.677000,-0.440926
1620.678000,-0.562674
1620.679000,-0.685037
1620.680000,-0.707793
1620.681000,-0.649232
1620.682000,-0.491487
1620.683000,-0.469765
1620.684000,-0.576396
1620.685000,-0.432776
1620.686000,-0.380863
1620.687000,-0.240543
1620.688000,-0.222907
1620.689000,-0.157594
1620.690000,-0.206245
1620.691000,-0.140348
1620.692000,-0.255179
1620.693000,-0.354921
1620.694000,-0.410650
1620.695000,-0.356003
1620.696000,-0.290925
1620.697000,-0.177589
1620.698000,-0.080667
1620.699000,-0.079572
1620.700000,-0.232752
1620.701000,-0.304653
1620.702000,-0.546355
1620.703000,-0.302940
1620.704000,-0.283398
1620.705000,-0.351223
1620.706000,-0.350533
1620.707000,-0.338136
1620.708000,-0.397623
1620.709000,-0.465134
1620.710000,-0.236540
1620.711000,-0.180546
1620.712000,-0.271233
1620.713000,-0.230105
1620.714000,-0.293118
1620.715000,-0.140046
1620.716000,-0.241585
1620.717000,-0.389687
1620.718000,-0.362506
1620.719000,-0.312915
1620.720000,-0.287391
1620.721000,-0.338272
1620.722000,-0.111903
1620.723000,-0.179665
1620.724000,-0.082932
1620.725000,0.040290
1620.726000,-0.057892
1620.727000,0.093397
1620.728000,0.113098
1620.729000,0.174080
1620.730000,0.156267
1620.731000,0.093198
1620.732000,0.193266
1620.733000,0.135094
1620.734000,0.224455
1620.735000,0.165809
1620.736000,0.169998
1620.737000,0.198403
1620.738000,0.250742
1620.739000,0.116069
1620.740000,0.043461
1620.741000,0.077970
1620.742000,0.077859
1620.743000,0.196450
1620.744000,0.425788
1620.745000,0.332719
1620.746000,0.276266
1620.747000,0.277641
1620.748000,0.225471
1620.749000,0.308331
1620.750000,0.240993
1620.751000,0.288255
1620.752000,0.322023
1620.753000,0.326217
1620.754000,0.163367
1620.755000,0.245303
1620.756000,0.177589
1620.757000,0.076714
1620.758000,0.093681
1620.759000,0.220836
1620.760000,0.001192
1620.761000,0.260677
1620.762000,0.179905
1620.763000,0.004361
1620.764000,-0.101631
1620.765000,-0.128040
1620.766000,-0.028165
1620.767000,-0.165959
1620.768000,-0.196489
1620.769000,-0.071317
1620.770000,-0.075395
1620.771000,-0.029954
1620.772000,-0.061722
1620.773000,-0.201536
1620.774000,-0.155626
1620.775000,-0.168921
1620.776000,-0.083661
1620.777000,-0.098125
1620.778000,-0.107738
1620.779000,-0.113738
1620.780000,-0.030285
1620.781000,-0.257002
1620.782000,-0.276174
1620.783000,-0.229161
1620.784000,-0.266815
1620.785000,0.013256
1620.786000,-0.106782
1620.787000,-0.087778
1620.788000,-0.112128
1620.789000,0.056700
1620.790000,0.233066
1620.791000,0.443505
1620.792000,0.434178
1620.793000,0.533631
1620.794000,0.431183
1620.795000,0.394543
1620.796000,0.389343
1620.797000,0.296125
1620.798000,0.305918
1620.799000,0.287717
1620.800000,0.245098
1620.801000,0.247115
1620.802000,0.438612
1620.803000,0.669207
1620.804000,0.737859
1620.805000,0.936559
1620.806000,0.868673
1620.807000,0.724005
1620.808000,0.516366
1620.809000,0.500165
1620.810000,0.511399
1620.811000,0.485415
1620.812000,0.467012
1620.813000,0.436389
1620.814000,0.347779
1620.815000,0.474089
1620.816000,0.538079
1620.817000,0.367816
1620.818000,0.203368
1620.819000,0.290961
1620.820000,0.205029
1620.821000,-0.027540
1620.822000,-0.289445
1620.823000,-0.282723
1620.824000,-0.172755
1620.825000,-0.204166
1620.826000,-0.230752
1620.827000,-0.240979
1620.828000,-0.259131
1620.829000,-0.393009
1620.830000,-0.418494
1620.831000,-0.526664
1620.832000,-0.610802
1620.833000,-0.522532
1620.834000,-0.502706
1620.835000,-0.291222
1620.836000,-0.255246
1620.837000,-0.315075
1620.838000,-0.302945
1620.839000,-0.394221
1620.840000,-0.370561
1620.841000,-0.228435
1620.842000,-0.076984
1620.843000,0.076747
1620.844000,0.168199
1620.845000,0.428130
1620.846000,0.342316
1620.847000,0.256165
1620.848000,0.500873
1620.849000,0.544640
1620.850000,0.601138
1620.851000,0.536893
1620.852000,0.578669
1620.853000,0.428843
1620.854000,0.463925
1620.855000,0.496453
1620.856000,0.540744
1620.857000,0.464515
1620.858000,0.201135
1620.859000,0.132932
1620.860000,0.101700
1620.861000,0.202857
1620.862000,0.216353
1620.863000,0.131752
1620.864000,0.053702
1620.865000,-0.026463
1620.866000,-0.146206
1620.867000,-0.075868
1620.868000,-0.092781
1620.869000,-0.014673
1620.870000,0.011164
1620.871000,-0.042070
1620.872000,-0.108468
1620.873000,-0.063319
1620.874000,-0.104323
1620.875000,-0.253485
1620.876000,-0.269505
1620.877000,-0.196300
1620.878000,-0.093127
1620.879000,-0.156171
1620.880000,-0.241277
1620.881000,-0.135799
1620.882000,-0.224433
1620.883000,-0.257329
1620.884000,-0.342087
1620.885000,-0.278774
1620.886000,-0.391191
1620.887000,-0.387439
1620.888000,-0.662872
1620.889000,-0.946217
1620.890000,-0.858198
1620.891000,-0.819516
1620.892000,-1.041598
1620.893000,-1.049297
1620.894000,-1.094093
1620.895000,-1.043080
1620.896000,-0.954209
1620.897000,-1.027625
1620.898000,-0.959715
1620.899000,-1.011195
1620.900000,-0.983967
1620.901000,-0.920009
1620.902000,-0.917592
1620.903000,-0.784399
1620.904000,-0.869764
1620.905000,-0.703674
1620.906000,-0.656922
1620.907000,-0.579495
1620.908000,-0.544865
1620.909000,-0.614358
1620.910000,-0.728630
1620.911000,-0.912314
1620.912000,-0.880373
1620.913000,-0.860950
1620.914000,-0.798045
1620.915000,-0.677537
1620.916000,-0.563059
1620.917000,-0.546470
1620.918000,-0.746710
1620.919000,-0.746408
1620.920000,-0.814224
1620.921000,-0.779319
1620.922000,-0.627501
1620.923000,-0.736235
1620.924000,-0.825218
1620.925000,-0.755352
1620.926000,-0.814100
1620.927000,-0.739908
1620.928000,-0.756988
1620.929000,-0.705637
1620.930000,-0.556615
1620.931000,-0.608176
1620.932000,-0.447337
1620.933000,-0.565414
1620.934000,-0.324402
1620.935000,-0.373944
1620.936000,-0.471306
1620.937000,-0.471555
1620.938000,-0.525398
1620.939000,-0.562098
1620.940000,-0.556520
1620.941000,-0.520485
1620.942000,-0.669522
1620.943000,-0.646955
1620.944000,-0.673143
1620.945000,-0.647751
1620.946000,-0.714299
1620.947000,-0.619026
1620.948000,-0.588333
1620.949000,-0.696796
1620.950000,-0.643661
1620.951000,-0.656391
1620.952000,-0.745259
1620.953000,-0.872705
1620.954000,-0.899081
1620.955000,-0.865724
1620.956000,-0.883623
1620.957000,-1.022549
1620.958000,-0.956523
1620.959000,-0.895097
1620.960000,-0.734847
1620.961000,-0.628881
1620.962000,-0.475493
1620.963000,-0.485653
1620.964000,-0.547598
1620.965000,-0.416350
1620.966000,-0.327910
1620.967000,-0.481656
1620.968000,-0.566474
1620.969000,-0.671590
1620.970000,-0.500152
1620.971000,-0.382824
1620.972000,-0.363849
1620.973000,-0.174903
1620.974000,-0.106011
1620.975000,-0.226776
1620.976000,-0.329951
1620.977000,-0.286042
1620.978000,-0.358698
1620.979000,-0.361611
1620.980000,-0.401765
1620.981000,-0.488730
1620.982000,-0.250931
1620.983000,-0.150640
1620.984000,-0.169459
1620.985000,-0.262445
1620.986000,-0.341294
1620.987000,-0.145276
1620.988000,-0.306830
1620.989000,-0.170521
1620.990000,-0.263524
1620.991000,-0.327748
1620.992000,-0.412396
1620.993000,-0.634482
1620.994000,-0.555890
1620.995000,-0.522338
1620.996000,-0.617896
1620.997000,-0.663613
1620.998000,-0.734194
1620.999000,-0.753660
1621.000000,-0.820709
1621.001000,-0.742654
1621.002000,-0.626531
1621.003000,-0.631349
1621.004000,-0.837973
1621.005000,-0.772387
1621.006000,-0.753624
1621.007000,-0.789427
1621.008000,-0.498191
1621.009000,-0.441127
1621.010000,-0.472303
1621.011000,-0.382934
1621.012000,-0.458403
1621.013000,-0.512264
1621.014000,-0.503061
1621.015000,-0.522672
1621.016000,-0.497775
1621.017000,-0.378565
1621.018000,-0.484414
1621.019000,-0.471388
1621.020000,-0.526632
1621.021000,-0.516599
1621.022000,-0.554223
1621.023000,-0.557935
1621.024000,-0.438773
1621.025000,-0.557955
1621.026000,-0.403399
1621.027000,-0.372126
1621.028000,-0.245220
1621.029000,-0.239293
1621.030000,-0.172521
1621.031000,-0.049069
1621.032000,0.017174
1621.033000,0.265255
1621.034000,0.208283
1621.035000,0.193281
1621.036000,0.205879
1621.037000,0.220389
1621.038000,0.174753
1621.039000,0.230392
1621.040000,0.273033
1621.041000,0.266992
1621.042000,0.193990
1621.043000,0.416653
1621.044000,0.384480
1621.045000,0.423029
1621.046000,0.322671
1621.047000,0.297905
1621.048000,0.322966
1621.049000,0.306843
1621.050000,0.313637
1621.051000,0.401217
1621.052000,0.474336
1621.053000,0.566019
1621.054000,0.749305
1621.055000,0.717916
1621.056000,0.843098
1621.057000,0.881888
1621.058000,0.813595
1621.059000,1.038975
1621.060000,1.173226
1621.061000,1.219145
1621.062000,1.240289
1621.063000,1.157581
1621.064000,1.400064
1621.065000,1.243327
1621.066000,1.152153
1621.067000,1.219754
1621.068000,1.228968
1621.069000,1.296811
1621.070000,1.360970
1621.071000,1.392670
1621.072000,1.217352
1621.073000,1.304523
1621.074000,1.269654
1621.075000,1.284397
1621.076000,1.017197
1621.077000,0.997571
1621.078000,1.070079
1621.079000,1.107680
1621.080000,1.126964
1621.081000,1.158183
1621.082000,1.080225
1621.083000,1.169540
1621.084000,1.201454
1621.085000,1.259926
1621.086000,1.307615
1621.087000,1.389023
1621.088000,1.507354
1621.089000,1.595950
1621.090000,1.719863
1621.091000,1.559799
1621.092000,1.482087
1621.093000,1.440618
1621.094000,1.289133
1621.095000,1.193457
1621.096000,1.273778
1621.097000,1.317091
1621.098000,1.373550
1621.099000,1.343429
1621.100000,1.157371
1621.101000,1.176950
1621.102000,1.197716
1621.103000,1.299339
1621.104000,1.232326
1621.105000,1.243515
1621.106000,1.044706
1621.107000,0.868678
1621.108000,0.762056
1621.109000,0.843948
1621.110000,0.740817
1621.111000,0.635895
1621.112000,0.854000
1621.113000,0.728032
1621.114000,0.737327
1621.115000,0.696854
1621.116000,0.732661
1621.117000,0.861778
1621.118000,0.892201
1621.119000,1.009071
1621.120000,1.062807
1621.121000,1.200058
1621.122000,1.416245
1621.123000,1.407513
1621.124000,1.232275
1621.125000,1.068211
1621.126000,1.073366
1621.127000,1.083780
1621.128000,1.028102
1621.129000,0.915608
1621.130000,0.841373
1621.131000,0.873900
1621.132000,0.876652
1621.133000,0.977941
1621.134000,0.968411
1621.135000,0.901033
1621.136000,0.886732
1621.137000,0.729717
1621.138000,0.831771
1621.139000,0.714840
1621.140000,0.564906
1621.141000,0.543255
1621.142000,0.605929
1621.143000,0.465812
1621.144000,0.656295
1621.145000,0.615231
1621.146000,0.615506
1621.147000,0.612482
1621.148000,0.724389
1621.149000,0.611456
1621.150000,0.327693
1621.151000,0.167164
1621.152000,0.159803
1621.153000,0.080851
1621.154000,-0.068312
1621.155000,0.073038
1621.156000,0.088437
1621.157000,0.083401
1621.158000,0.018507
1621.159000,-0.105672
1621.160000,-0.186178
1621.161000,-0.251965
1621.162000,-0.137560
1621.163000,-0.244125
1621.164000,-0.183827
1621.165000,-0.248327
1621.166000,-0.184274
1621.167000,-0.135734
1621.168000,-0.061937
1621.169000,-0.160346
1621.170000,-0.385055
1621.171000,-0.530879
1621.172000,-0.572712
1621.173000,-0.565222
1621.174000,-0.354203
1621.175000,-0.335588
1621.176000,-0.271968
1621.177000,-0.326866
1621.178000,-0.342458
1621.179000,-0.378685
1621.180000,-0.209621
1621.181000,-0.219231
1621.182000,-0.216527
1621.183000,-0.211282
1621.184000,-0.156866
1621.185000,-0.277707
1621.186000,-0.193232
1621.187000,-0.254922
1621.188000,-0.419110
1621.189000,-0.355455
1621.190000,-0.404701
1621.191000,-0.382064
1621.192000,-0.585424
1621.193000,-0.453674
1621.194000,-0.394851
1621.195000,-0.445707
1621.196000,-0.394173
1621.197000,-0.498637
1621.198000,-0.489712
1621.199000,-0.414938
1621.200000,-0.461736
1621.201000,-0.294686
1621.202000,-0.142164
1621.203000,-0.059070
1621.204000,-0.215799
1621.205000,-0.257650
1621.206000,-0.027245
1621.207000,0.153663
1621.208000,0.194669
1621.209000,0.181573
1621.210000,0.300278
1621.211000,0.451314
1621.212000,0.494112
1621.213000,0.389923
1621.214000,0.497488
1621.215000,0.566091
1621.216000,0.514320
1621.217000,0.478379
1621.218000,0.646558
1621.219000,0.661777
1621.220000,0.589340
1621.221000,0.814078
1621.222000,0.641374
1621.223000,0.703688
1621.224000,0.938487
1621.225000,0.759004
1621.226000,0.675951
1621.227000,0.505564
1621.228000,0.600033
1621.229000,0.596992
1621.230000,0.570985
1621.231000,0.393272
1621.232000,0.178677
1621.233000,0.158179
1621.234000,-0.017193
1621.235000,-0.036236
1621.236000,-0.040747
1621.237000,-0.125594
1621.238000,-0.150402
1621.239000,-0.175682
1621.240000,-0.512662
1621.241000,-0.587076
1621.242000,-0.678075
1621.243000,-0.620843
1621.244000,-0.641657
1621.245000,-0.645512
1621.246000,-0.503035
1621.247000,-0.571441
1621.248000,-0.721892
1621.249000,-0.649800
1621.250000,-0.703313
1621.251000,-0.649109
1621.252000,-0.620296
1621.253000,-0.607902
1621.254000,-0.601601
1621.255000,-0.528178
1621.256000,-0.473604
1621.257000,-0.508015
1621.258000,-0.597792
1621.259000,-0.485430
1621.260000,-0.573959
1621.261000,-0.682349
1621.262000,-0.705073
1621.263000,-0.692932
1621.264000,-0.729374
1621.265000,-0.754966
1621.266000,-0.809013
1621.267000,-0.917598
1621.268000,-0.737306
1621.269000,-0.571944
1621.270000,-0.529545
1621.271000,-0.490938
1621.272000,-0.332013
1621.273000,-0.280139
1621.274000,-0.243713
1621.275000,-0.359966
1621.276000,-0.364577
1621.277000,-0.263764
1621.278000,-0.270396
1621.279000,-0.216644
1621.280000,-0.430718
1621.281000,-0.387523
1621.282000,-0.341668
1621.283000,-0.387926
1621.284000,-0.329824
1621.285000,-0.232257
1621.286000,-0.293262
1621.287000,-0.492227
1621.288000,-0.372009
1621.289000,-0.352552
1621.290000,-0.360103
1621.291000,-0.468689
1621.292000,-0.363129
1621.293000,-0.267518
1621.294000,-0.164546
1621.295000,-0.194696
1621.296000,-0.154846
1621.297000,-0.110609
1621.298000,-0.156009
1621.299000,-0.080371
1621.300000,0.015850
1621.301000,-0.006070
1621.302000,-0.087210
1621.303000,0.037901
1621.304000,-0.108804
1621.305000,-0.239233
1621.306000,0.024528
1621.307000,0.116235
1621.308000,0.177951
1621.309000,0.339659
1621.310000,0.523561
1621.311000,0.662844
1621.312000,0.851666
1621.313000,0.734269
1621.314000,0.710638
1621.315000,0.735312
1621.316000,0.627332
1621.317000,0.599900
1621.318000,0.498115
1621.319000,0.438700
1621.320000,0.370548
1621.321000,0.328028
1621.322000,0.412485
1621.323000,0.388505
1621.324000,0.506740
1621.325000,0.328375
1621.326000,0.191468
1621.327000,0.291836
1621.328000,0.342879
1621.329000,0.341130
1621.330000,0.294433
1621.331000,0.379581
1621.332000,0.155280
1621.333000,0.253840
1621.334000,0.251890
1621.335000,0.158885
1621.336000,0.048668
1621.337000,0.185604
1621.338000,0.121807
1621.339000,0.303457
1621.340000,0.359092
1621.341000,0.375185
1621.342000,0.406908
1621.343000,0.455662
1621.344000,0.569257
1621.345000,0.570522
1621.346000,0.430801
1621.347000,0.378204
1621.348000,0.321051
1621.349000,0.406251
1621.350000,0.435169
1621.351000,0.325666
1621.352000,0.310079
1621.353000,0.442615
1621.354000,0.467962
1621.355000,0.489490
1621.356000,0.336761
1621.357000,0.295524
1621.358000,0.357324
1621.359000,0.376025
1621.360000,0.398029
1621.361000,0.324666
1621.362000,0.530331
1621.363000,0.426904
1621.364000,0.424895
1621.365000,0.422812
1621.366000,0.419667
1621.367000,0.370477
1621.368000,0.139683
1621.369000,0.152013
1621.370000,0.224317
1621.371000,0.228793
1621.372000,0.326201
1621.373000,0.483487
1621.374000,0.533844
1621.375000,0.368677
1621.376000,0.006662
1621.377000,0.232094
1621.378000,0.315747
1621.379000,0.301391
1621.380000,0.524182
1621.381000,0.449354
1621.382000,0.163591
1621.383000,0.230821
1621.384000,0.260814
1621.385000,0.407042
1621.386000,0.410921
1621.387000,0.459447
1621.388000,0.650213
1621.389000,0.502697
1621.390000,0.337956
1621.391000,0.348504
1621.392000,0.310505
1621.393000,0.145661
1621.394000,0.063546
1621.395000,0.046455
1621.396000,-0.090471
1621.397000,-0.178576
1621.398000,-0.047725
1621.399000,-0.150805
1621.400000,-0.050911
1621.401000,0.108750
1621.402000,0.145762
1621.403000,0.226365
1621.404000,0.134208
1621.405000,-0.025229
1621.406000,-0.075202
1621.407000,-0.197160
1621.408000,-0.263253
1621.409000,-0.199301
1621.410000,-0.047178
1621.411000,-0.105527
1621.412000,-0.325879
1621.413000,-0.296510
1621.414000,-0.224096
1621.415000,-0.188473
1621.416000,-0.247788
1621.417000,-0.368499
1621.418000,-0.567496
1621.419000,-0.446639
1621.420000,-0.652891
1621.421000,-0.706233
1621.422000,-0.886450
1621.423000,-0.793625
1621.424000,-0.763831
1621.425000,-0.749937
1621.426000,-0.865391
1621.427000,-0.702223
1621.428000,-0.638140
1621.429000,-0.504614
1621.430000,-0.432134
1621.431000,-0.367967
1621.432000,-0.538053
1621.433000,-0.667364
1621.434000,-0.712692
1621.435000,-0.588605
1621.436000,-0.489617
1621.437000,-0.496731
1621.438000,-0.616730
1621.439000,-0.484231
1621.440000,-0.537517
1621.441000,-0.659782
1621.442000,-0.711272
1621.443000,-0.763951
1621.444000,-0.704434
1621.445000,-0.795748
1621.446000,-0.689321
1621.447000,-0.655632
1621.448000,-0.578804
1621.449000,-0.514353
1621.450000,-0.449336
1621.451000,-0.407215
1621.452000,-0.527600
1621.453000,-0.355386
1621.454000,-0.236727
1621.455000,-0.202530
1621.456000,-0.202436
1621.457000,-0.158057
1621.458000,-0.246343
1621.459000,-0.432440
1621.460000,-0.393004
1621.461000,-0.477398
1621.462000,-0.456237
1621.463000,-0.371905
1621.464000,-0.298127
1621.465000,-0.310193
1621.466000,-0.382950
1621.467000,-0.445339
1621.468000,-0.325038
1621.469000,-0.293184
1621.470000,-0.157247
1621.471000,-0.129107
1621.472000,-0.348244
1621.473000,-0.304846
1621.474000,-0.266910
1621.475000,-0.278409
1621.476000,-0.023329
1621.477000,-0.118503
1621.478000,-0.112888
1621.479000,-0.012174
1621.480000,-0.168920
1621.481000,-0.098547
1621.482000,-0.055009
1621.483000,0.058215
1621.484000,0.014727
1621.485000,0.047769
1621.486000,-0.256419
1621.487000,-0.244306
1621.488000,-0.294928
1621.489000,-0.274965
1621.490000,-0.251246
1621.491000,-0.380676
1621.492000,-0.500531
1621.493000,-0.532195
1621.494000,-0.468021
1621.495000,-0.312359
1621.496000,-0.463599
1621.497000,-0.540075
1621.498000,-0.599916
1621.499000,-0.591549
1621.500000,-0.422412
1621.501000,-0.341714
1621.502000,-0.465338
1621.503000,-0.417769
1621.504000,-0.305915
1621.505000,-0.233120
1621.506000,-0.026830
1621.507000,0.112709
1621.508000,0.036575
1621.509000,-0.088020
1621.510000,-0.175442
1621.511000,-0.274871
1621.512000,-0.145457
1621.513000,-0.208709
1621.514000,-0.159929
1621.515000,-0.243141
1621.516000,-0.226558
1621.517000,-0.165799
1621.518000,-0.231117
1621.519000,-0.094619
1621.520000,-0.218341
1621.521000,-0.282213
1621.522000,-0.263891
1621.523000,-0.266822
1621.524000,-0.305143
1621.525000,-0.435220
1621.526000,-0.386827
1621.527000,-0.344733
1621.528000,-0.296326
1621.529000,-0.221540
1621.530000,-0.161672
1621.531000,-0.055623
1621.532000,-0.059912
1621.533000,-0.193376
1621.534000,-0.169790
1621.535000,-0.096559
1621.536000,-0.298160
1621.537000,-0.264582
1621.538000,-0.221865
1621.539000,-0.257636
1621.540000,-0.129229
1621.541000,-0.153480
1621.542000,-0.180697
1621.543000,-0.121367
1621.544000,-0.142920
1621.545000,-0.106789
1621.546000,-0.143565
1621.547000,-0.226399
1621.548000,-0.281045
1621.549000,-0.195049
1621.550000,-0.310523
1621.551000,-0.271635
1621.552000,-0.049050
1621.553000,0.082537
1621.554000,0.007097
1621.555000,-0.013475
1621.556000,0.107742
1621.557000,0.007009
1621.558000,0.096880
1621.559000,0.089165
1621.560000,-0.010244
1621.561000,0.056993
1621.562000,0.107113
1621.563000,0.233449
1621.564000,0.292738
1621.565000,0.234586
1621.566000,0.269200
1621.567000,0.185514
1621.568000,0.202711
1621.569000,0.253263
1621.570000,0.121922
1621.571000,0.147492
1621.572000,0.139328
1621.573000,0.077416
1621.574000,0.183339
1621.575000,0.357580
1621.576000,0.429250
1621.577000,0.211879
1621.578000,0.325906
1621.579000,0.427875
1621.580000,0.546927
1621.581000,0.600168
1621.582000,0.383265
1621.583000,0.246792
1621.584000,0.260761
1621.585000,0.029700
1621.586000,0.046822
1621.587000,-0.011068
1621.588000,0.175830
1621.589000,0.468092
1621.590000,0.382827
1621.591000,0.423565
1621.592000,0.373364
1621.593000,0.303663
1621.594000,0.255345
1621.595000,0.170017
1621.596000,0.225948
1621.597000,0.090449
1621.598000,0.084580
1621.599000,-0.100798
1621.600000,-0.249060
1621.601000,-0.211950
1621.602000,-0.206002
1621.603000,-0.320586
1621.604000,-0.334630
1621.605000,-0.239120
1621.606000,-0.066291
1621.607000,-0.048597
1621.608000,0.033411
1621.609000,-0.092168
1621.610000,-0.016530
1621.611000,-0.028466
1621.612000,-0.040400
1621.613000,-0.049068
1621.614000,-0.040834
1621.615000,0.028513
1621.616000,0.130774
1621.617000,0.151009
1621.618000,0.033691
1621.619000,-0.055661
1621.620000,0.029797
1621.621000,0.264963
1621.622000,0.215211
1621.623000,0.165399
1621.624000,0.246590
1621.625000,0.132893
1621.626000,-0.074161
1621.627000,-0.245889
1621.628000,-0.194063
1621.629000,-0.068387
1621.630000,0.108501
1621.631000,0.007183
1621.632000,0.096366
1621.633000,0.070864
1621.634000,-0.073706
1621.635000,-0.075906
1621.636000,-0.130644
1621.637000,-0.185698
1621.638000,-0.230786
1621.639000,-0.027813
1621.640000,-0.082682
1621.641000,-0.100315
1621.642000,-0.021134
1621.643000,-0.153882
1621.644000,-0.184582
1621.645000,-0.120283
1621.646000,-0.230286
1621.647000,-0.234306
1621.648000,0.009465
1621.649000,-0.016267
1621.650000,0.134055
1621.651000,0.200917
1621.652000,0.108430
1621.653000,0.134690
1621.654000,0.053167
1621.655000,0.106396
1621.656000,0.113115
1621.657000,-0.004358
1621.658000,-0.133518
1621.659000,-0.026605
1621.660000,0.037391
1621.661000,0.057409
1621.662000,0.007810
1621.663000,-0.079754
1621.664000,-0.164017
1621.665000,-0.256802
1621.666000,-0.377906
1621.667000,-0.428756
1621.668000,-0.289969
1621.669000,-0.311851
1621.670000,-0.293806
1621.671000,-0.295982
1621.672000,-0.500246
1621.673000,-0.542046
1621.674000,-0.595313
1621.675000,-0.466190
1621.676000,-0.608859
1621.677000,-0.540284
1621.678000,-0.588446
1621.679000,-0.460803
1621.680000,-0.531480
1621.681000,-0.456513
1621.682000,-0.477803
1621.683000,-0.364116
1621.684000,-0.189190
1621.685000,-0.092780
1621.686000,0.110266
1621.687000,0.215203
1621.688000,0.220948
1621.689000,0.399424
1621.690000,0.314574
1621.691000,0.178139
1621.692000,0.059526
1621.693000,0.006787
1621.694000,0.194529
1621.695000,0.163723
1621.696000,0.322560
1621.697000,0.425959
1621.698000,0.383825
1621.699000,0.356923
1621.700000,0.388409
1621.701000,0.451456
1621.702000,0.426186
1621.703000,0.364285
1621.704000,0.434101
1621.705000,0.348519
1621.706000,0.396391
1621.707000,0.377429
1621.708000,0.286631
1621.709000,0.152706
1621.710000,0.244706
1621.711000,0.234544
1621.712000,0.277832
1621.713000,0.322112
1621.714000,0.184132
1621.715000,0.073304
1621.716000,0.051582
1621.717000,0.075925
1621.718000,-0.056411
1621.719000,0.086763
1621.720000,0.036685
1621.721000,0.086930
1621.722000,-0.042461
1621.723000,-0.092443
1621.724000,-0.035844
1621.725000,0.084110
1621.726000,0.167309
1621.727000,0.157453
1621.728000,0.055252
1621.729000,0.238534
1621.730000,0.187614
1621.731000,0.352277
1621.732000,0.416878
1621.733000,0.404675
1621.734000,0.535487
1621.735000,0.685747
1621.736000,0.645579
1621.737000,0.592527
1621.738000,0.589489
1621.739000,0.540905
1621.740000,0.461231
1621.741000,0.385194
1621.742000,0.416072
1621.743000,0.445513
1621.744000,0.570393
1621.745000,0.422276
1621.746000,0.325460
1621.747000,0.380777
1621.748000,0.236378
1621.749000,0.226421
1621.750000,0.208853
1621.751000,0.057351
1621.752000,0.072800
1621.753000,0.092776
1621.754000,0.109876
1621.755000,0.173636
1621.756000,0.218134
1621.757000,0.464436
1621.758000,0.395148
1621.759000,0.291858
1621.760000,0.488876
1621.761000,0.470264
1621.762000,0.477998
1621.763000,0.506418
1621.764000,0.463094
1621.765000,0.449840
1621.766000,0.560348
1621.767000,0.372455
1621.768000,0.256054
1621.769000,0.388450
1621.770000,0.339724
1621.771000,0.453964
1621.772000,0.447745
1621.773000,0.577602
1621.774000,0.652351
1621.775000,0.831226
1621.776000,0.841997
1621.777000,0.861757
1621.778000,0.787171
1621.779000,0.676754
1621.780000,0.633133
1621.781000,0.483790
1621.782000,0.356845
1621.783000,0.229683
1621.784000,0.377720
1621.785000,0.246341
1621.786000,0.360153
1621.787000,0.296027
1621.788000,0.238239
1621.789000,0.159255
1621.790000,0.183718
1621.791000,0.151238
1621.792000,0.117257
1621.793000,0.251694
1621.794000,0.055815
1621.795000,0.024764
1621.796000,-0.033151
1621.797000,-0.124960
1621.798000,-0.204399
1621.799000,-0.193926
1621.800000,-0.214191
1621.801000,-0.138753
1621.802000,-0.250020
1621.803000,-0.320334
1621.804000,-0.430972
1621.805000,-0.355405
1621.806000,-0.524085
1621.807000,-0.481769
1621.808000,-0.514855
1621.809000,-0.292381
1621.810000,-0.319681
1621.811000,-0.421696
1621.812000,-0.304829
1621.813000,-0.456874
1621.814000,-0.376798
1621.815000,-0.403463
1621.816000,-0.430877
1621.817000,-0.403528
1621.818000,-0.364604
1621.819000,-0.433039
1621.820000,-0.295441
1621.821000,-0.239866
1621.822000,-0.170188
1621.823000,-0.191941
1621.824000,-0.246820
1621.825000,-0.252497
1621.826000,-0.355223
1621.827000,-0.298626
1621.828000,-0.304595
1621.829000,-0.253792
1621.830000,-0.281756
1621.831000,-0.222140
1621.832000,-0.196692
1621.833000,-0.299215
1621.834000,-0.299969
1621.835000,-0.119778
1621.836000,0.074886
1621.837000,-0.106608
1621.838000,-0.265604
1621.839000,-0.124839
1621.840000,0.034196
1621.841000,0.179205
1621.842000,0.255113
1621.843000,0.136203
1621.844000,0.366702
1621.845000,0.199111
1621.846000,0.190981
1621.847000,0.220405
1621.848000,0.107916
1621.849000,0.112048
1621.850000,0.006268
1621.851000,-0.064998
1621.852000,-0.123796
1621.853000,-0.076715
1621.854000,-0.127293
1621.855000,-0.152933
1621.856000,-0.081211
1621.857000,-0.048821
1621.858000,-0.047884
1621.859000,-0.245436
1621.860000,-0.231105
1621.861000,-0.319930
1621.862000,-0.371001
1621.863000,-0.419278
1621.864000,-0.483934
1621.865000,-0.466056
1621.866000,-0.508646
1621.867000,-0.572284
1621.868000,-0.733444
1621.869000,-0.659719
1621.870000,-0.640999
1621.871000,-0.603133
1621.872000,-0.728016
1621.873000,-0.817992
1621.874000,-0.980228
1621.875000,-0.840728
1621.876000,-0.826388
1621.877000,-0.791715
1621.878000,-0.797240
1621.879000,-0.932286
1621.880000,-0.882813
1621.881000,-0.846015
1621.882000,-0.800409
1621.883000,-0.924549
1621.884000,-0.936521
1621.885000,-0.897567
1621.886000,-0.912782
1621.887000,-0.844527
1621.888000,-0.735917
1621.889000,-0.701102
1621.890000,-0.774738
1621.891000,-0.651447
1621.892000,-0.736824
1621.893000,-0.682728
1621.894000,-0.489757
1621.895000,-0.441275
1621.896000,-0.364469
1621.897000,-0.224592
1621.898000,-0.251140
1621.899000,-0.118064
1621.900000,-0.140278
1621.901000,-0.150185
1621.902000,-0.312011
1621.903000,-0.463461
1621.904000,-0.378468
1621.905000,-0.383503
1621.906000,-0.337884
1621.907000,-0.354575
1621.908000,0.045675
1621.909000,-0.103568
1621.910000,-0.041118
1621.911000,-0.110498
1621.912000,-0.153379
1621.913000,-0.095209
1621.914000,-0.142135
1621.915000,-0.244990
1621.916000,-0.250401
1621.917000,-0.168663
1621.918000,-0.255618
1621.919000,-0.346168
1621.920000,-0.268934
1621.921000,-0.273403
1621.922000,-0.277613
1621.923000,-0.318963
1621.924000,-0.325764
1621.925000,-0.344794
1621.926000,-0.244510
1621.927000,-0.089763
1621.928000,-0.244084
1621.929000,-0.262360
1621.930000,-0.326034
1621.931000,-0.161890
1621.932000,-0.030647
1621.933000,-0.074916
1621.934000,0.008436
1621.935000,-0.046625
1621.936000,-0.147595
1621.937000,-0.074789
1621.938000,0.031216
1621.939000,-0.013172
1621.940000,-0.091951
1621.941000,-0.121706
1621.942000,-0.155790
1621.943000,-0.078119
1621.944000,-0.124879
1621.945000,-0.078855
1621.946000,0.095118
1621.947000,0.039740
1621.948000,0.168746
1621.949000,0.033518
1621.950000,0.048982
1621.951000,0.038160
1621.952000,0.286385
1621.953000,0.226773
1621.954000,0.381277
1621.955000,0.348044
1621.956000,0.419934
1621.957000,0.259882
1621.958000,0.295336
1621.959000,0.360826
1621.960000,0.509547
1621.961000,0.448264
1621.962000,0.465906
1621.963000,0.403604
1621.964000,0.353092
1621.965000,0.310128
1621.966000,0.253777
1621.967000,0.232344
1621.968000,0.206963
1621.969000,0.296030
1621.970000,0.356981
1621.971000,0.324802
1621.972000,0.417709
1621.973000,0.454325
1621.974000,0.267223
1621.975000,0.231183
1621.976000,0.151444
1621.977000,-0.054792
1621.978000,0.141264
1621.979000,0.047531
1621.980000,0.161192
1621.981000,0.103726
1621.982000,0.128438
1621.983000,0.068707
1621.984000,0.038045
1621.985000,0.065516
1621.986000,0.125382
1621.987000,0.066690
1621.988000,0.063422
1621.989000,0.159228
1621.990000,0.283296
1621.991000,0.277707
1621.992000,0.469055
1621.993000,0.554239
1621.994000,0.628829
1621.995000,0.314267
1621.996000,0.179336
1621.997000,0.243595
1621.998000,0.032868
1621.999000,0.079902
1622.000000,0.059331
1622.001000,0.027315
1622.002000,0.118545
1622.003000,0.076113
1622.004000,-0.048601
1622.005000,0.088342
1622.006000,0.095793
1622.007000,0.092130
1622.008000,0.136916
1622.009000,0.152086
1622.010000,0.060402
1622.011000,-0.030759
1622.012000,0.065923
1622.013000,0.217167
1622.014000,0.361690
1622.015000,0.252880
1622.016000,0.260368
1622.017000,0.310419
1622.018000,0.420819
1622.019000,0.369607
1622.020000,0.238441
1622.021000,0.258486
1622.022000,0.182828
1622.023000,-0.007444
1622.024000,-0.164434
1622.025000,-0.250975
1622.026000,-0.388607
1622.027000,-0.412434
1622.028000,-0.505114
1622.029000,-0.544583
1622.030000,-0.682183
1622.031000,-0.879174
1622.032000,-0.743371
1622.033000,-0.779842
1622.034000,-0.926301
1622.035000,-0.807449
1622.036000,-0.830741
1622.037000,-0.725795
1622.038000,-0.819119
1622.039000,-0.815853
1622.040000,-0.886966
1622.041000,-0.718324
1622.042000,-0.829814
1622.043000,-0.798798
1622.044000,-0.807932
1622.045000,-0.688232
1622.046000,-0.852358
1622.047000,-0.723392
1622.048000,-0.967670
1622.049000,-0.983171
1622.050000,-0.863705
1622.051000,-0.985271
1622.052000,-0.878258
1622.053000,-0.793742
1622.054000,-0.653663
1622.055000,-0.564611
1622.056000,-0.519906
1622.057000,-0.337004
1622.058000,-0.173794
1622.059000,-0.064142
1622.060000,-0.192683
1622.061000,-0.306430
1622.062000,-0.269829
1622.063000,-0.428960
1622.064000,-0.514128
1622.065000,-0.605387
1622.066000,-0.706563
1622.067000,-0.714604
1622.068000,-0.701450
1622.069000,-0.649300
1622.070000,-0.604576
1622.071000,-0.479202
1622.072000,-0.576909
1622.073000,-0.599387
1622.074000,-0.753382
1622.075000,-0.731272
1622.076000,-0.694276
1622.077000,-0.573772
1622.078000,-0.479708
1622.079000,-0.523642
1622.080000,-0.653108
1622.081000,-0.544305
1622.082000,-0.591336
1622.083000,-0.354992
1622.084000,-0.203898
1622.085000,-0.242672
1622.086000,-0.319426
1622.087000,-0.401965
1622.088000,-0.473875
1622.089000,-0.401002
1622.090000,-0.462984
1622.091000,-0.363625
1622.092000,-0.386531
1622.093000,-0.337468
1622.094000,-0.239898
1622.095000,-0.301108
1622.096000,-0.153962
1622.097000,-0.073331
1622.098000,-0.006450
1622.099000,0.100987
1622.100000,0.175608
1622.101000,0.314456
1622.102000,0.347861
1622.103000,0.415620
1622.104000,0.422973
1622.105000,0.425049
1622.106000,0.460888
1622.107000,0.541019
1622.108000,0.793713
1622.109000,0.924913
1622.110000,1.052141
1622.111000,0.991956
1622.112000,1.010850
1622.113000,1.004882
1622.114000,1.198933
1622.115000,1.379272
1622.116000,1.374343
1622.117000,1.470563
1622.118000,1.608886
1622.119000,1.441548
1622.120000,1.359590
1622.121000,1.230336
1622.122000,1.182950
1622.123000,1.162041
1622.124000,1.121999
1622.125000,1.099592
1622.126000,0.929672
1622.127000,0.777174
1622.128000,0.713180
1622.129000,0.534387
1622.130000,0.618114
1622.131000,0.729706
1622.132000,0.647034
1622.133000,0.619522
1622.134000,0.403182
1622.135000,0.428522
1622.136000,0.521282
1622.137000,0.582433
1622.138000,0.723704
1622.139000,0.754673
1622.140000,0.776333
1622.141000,0.722088
1622.142000,0.600066
1622.143000,0.572920
1622.144000,0.451888
1622.145000,0.269638
1622.146000,0.276614
1622.147000,0.390222
1622.148000,0.487240
1622.149000,0.592183
1622.150000,0.596419
1622.151000,0.615042
1622.152000,0.824846
1622.153000,0.688994
1622.154000,0.688780
1622.155000,0.615153
1622.156000,0.780779
1622.157000,0.576124
1622.158000,0.420596
1622.159000,0.293682
1622.160000,0.236480
1622.161000,0.211566
1622.162000,0.423007
1622.163000,0.410778
1622.164000,0.175275
1622.165000,0.010677
1622.166000,-0.037779
1622.167000,-0.098099
1622.168000,-0.198591
1622.169000,-0.091538
1622.170000,-0.045583
1622.171000,-0.181936
1622.172000,0.052613
1622.173000,0.259116
1622.174000,0.301071
1622.175000,0.274508
1622.176000,0.095392
1622.177000,0.151007
1622.178000,-0.084387
1622.179000,-0.092524
1622.180000,0.085676
1622.181000,0.003594
1622.182000,-0.026394
1622.183000,-0.039266
1622.184000,0.062710
1622.185000,0.169216
1622.186000,0.183734
1622.187000,0.077338
1622.188000,0.278446
1622.189000,0.433655
1622.190000,0.544235
1622.191000,0.577378
1622.192000,0.451553
1622.193000,0.423893
1622.194000,0.431464
1622.195000,0.406274
1622.196000,0.457959
1622.197000,0.296256
1622.198000,0.316144
1622.199000,0.272060
1622.200000,0.358638
1622.201000,0.339153
1622.202000,0.322857
1622.203000,0.301606
1622.204000,0.419349
1622.205000,0.372699
1622.206000,0.249625
1622.207000,0.238229
1622.208000,0.284533
1622.209000,0.213991
1622.210000,0.159357
1622.211000,0.150148
1622.212000,0.129893
1622.213000,0.127410
1622.214000,0.253729
1622.215000,0.044091
1622.216000,0.089316
1622.217000,0.016477
1622.218000,0.119264
1622.219000,0.031507
1622.220000,-0.002057
1622.221000,-0.058203
1622.222000,0.058313
1622.223000,0.084962
1622.224000,0.034959
1622.225000,0.119523
1622.226000,0.071680
1622.227000,0.037180
1622.228000,0.019637
1622.229000,-0.151634
1622.230000,-0.326114
1622.231000,-0.289073
1622.232000,-0.210435
1622.233000,-0.216581
1622.234000,-0.099153
1622.235000,0.018748
1622.236000,-0.147114
1622.237000,-0.289573
1622.238000,-0.215124
1622.239000,-0.215444
1622.240000,-0.375315
1622.241000,-0.448170
1622.242000,-0.472603
1622.243000,-0.464322
1622.244000,-0.522509
1622.245000,-0.432208
1622.246000,-0.382120
1622.247000,-0.458119
1622.248000,-0.484098
1622.249000,-0.511172
1622.250000,-0.602628
1622.251000,-0.500778
1622.252000,-0.619816
1622.253000,-0.833194
1622.254000,-0.755493
1622.255000,-0.685682
1622.256000,-0.475101
1622.257000,-0.212316
1622.258000,-0.322794
1622.259000,-0.263066
1622.260000,-0.256941
1622.261000,-0.274064
1622.262000,-0.220960
1622.263000,-0.277579
1622.264000,-0.215176
1622.265000,-0.087621
1622.266000,-0.084013
1622.267000,-0.068502
1622.268000,-0.128647
1622.269000,-0.088365
1622.270000,-0.012716
1622.271000,-0.041872
1622.272000,-0.059623
1622.273000,0.059140
1622.274000,-0.014094
1622.275000,-0.071626
1622.276000,-0.076241
1622.277000,-0.303767
1622.278000,-0.446186
1622.279000,-0.711317
1622.280000,-0.425147
1622.281000,-0.409696
1622.282000,-0.233203
1622.283000,-0.243591
1622.284000,-0.089006
1622.285000,-0.056673
1622.286000,-0.020851
1622.287000,0.012002
1622.288000,0.065754
1622.289000,0.219913
1622.290000,0.326728
1622.291000,0.203123
1622.292000,0.069975
1622.293000,0.060662
1622.294000,-0.028466
1622.295000,-0.010238
1622.296000,0.061885
1622.297000,0.161589
1622.298000,0.049373
1622.299000,0.035211
1622.300000,0.164166
1622.301000,0.322874
1622.302000,0.276033
1622.303000,0.262461
1622.304000,0.110600
1622.305000,0.123697
1622.306000,0.290341
1622.307000,0.165126
1622.308000,0.250822
1622.309000,0.241301
1622.310000,0.237173
1622.311000,0.333181
1622.312000,0.280728
1622.313000,0.237830
1622.314000,0.171859
1622.315000,0.200055
1622.316000,0.383148
1622.317000,0.363796
1622.318000,0.300321
1622.319000,0.428790
1622.320000,0.307294
1622.321000,0.254082
1622.322000,0.217614
1622.323000,0.321820
1622.324000,0.287770
1622.325000,0.096870
1622.326000,0.042557
1622.327000,0.090655
1622.328000,-0.052894
1622.329000,0.104330
1622.330000,0.150054
1622.331000,0.077089
1622.332000,-0.043527
1622.333000,-0.133690
1622.334000,-0.181146
1622.335000,-0.208120
1622.336000,-0.143728
1622.337000,-0.158402
1622.338000,-0.086388
1622.339000,-0.141823
1622.340000,-0.290759
1622.341000,-0.257252
1622.342000,-0.199129
1622.343000,-0.105906
1622.344000,-0.094807
1622.345000,0.024276
1622.346000,0.222784
1622.347000,0.067041
1622.348000,0.176328
1622.349000,0.163413
1622.350000,0.124093
1622.351000,0.119587
1622.352000,0.150221
1622.353000,0.189960
1622.354000,0.281638
1622.355000,0.322335
1622.356000,0.410600
1622.357000,0.473234
1622.358000,0.412583
1622.359000,0.350363
1622.360000,0.480598
1622.361000,0.449038
1622.362000,0.539988
1622.363000,0.605230
1622.364000,0.565814
1622.365000,0.769605
1622.366000,0.722333
1622.367000,0.794521
1622.368000,0.906715
1622.369000,0.775495
1622.370000,0.634963
1622.371000,0.635147
1622.372000,0.726827
1622.373000,0.495476
1622.374000,0.407158
1622.375000,0.377459
1622.376000,0.328402
1622.377000,0.246096
1622.378000,0.260888
1622.379000,0.082388
1622.380000,0.034789
1622.381000,0.072195
1622.382000,0.060732
1622.383000,0.015122
1622.384000,0.143797
1622.385000,0.139720
1622.386000,0.184891
1622.387000,0.169539
1622.388000,0.134747
1622.389000,0.136223
1622.390000,0.037655
1622.391000,0.139041
1622.392000,0.097534
1622.393000,-0.035454
1622.394000,0.052278
1622.395000,0.044535
1622.396000,0.161300
1622.397000,0.062862
1622.398000,0.042452
1622.399000,0.095046
1622.400000,0.090655
1622.401000,-0.020268
1622.402000,0.016935
1622.403000,0.094106
1622.404000,-0.016992
1622.405000,-0.026355
1622.406000,-0.054375
1622.407000,0.056523
1622.408000,0.099307
1622.409000,0.147778
1622.410000,0.222198
1622.411000,0.221366
1622.412000,0.219428
1622.413000,0.438853
1622.414000,0.619768
1622.415000,0.597828
1622.416000,0.613340
1622.417000,0.582132
1622.418000,0.561806
1622.419000,0.588155
1622.420000,0.727463
1622.421000,0.669933
1622.422000,0.443867
1622.423000,0.374249
1622.424000,0.348035
1622.425000,0.269603
1622.426000,0.328892
1622.427000,0.252130
1622.428000,0.411130
1622.429000,0.481171
1622.430000,0.310456
1622.431000,0.247690
1622.432000,0.107554
1622.433000,0.118934
1622.434000,0.074846
1622.435000,0.041012
1622.436000,-0.012813
1622.437000,0.021002
1622.438000,-0.189873
1622.439000,-0.167764
1622.440000,-0.154253
1622.441000,0.008940
1622.442000,-0.029637
1622.443000,-0.040223
1622.444000,0.105679
1622.445000,0.058099
1622.446000,-0.121889
1622.447000,-0.141224
1622.448000,-0.207949
1622.449000,-0.149929
1622.450000,-0.243865
1622.451000,-0.404124
1622.452000,-0.494087
1622.453000,-0.506497
1622.454000,-0.557135
1622.455000,-0.564070
1622.456000,-0.483989
1622.457000,-0.552120
1622.458000,-0.508946
1622.459000,-0.593164
1622.460000,-0.458074
1622.461000,-0.342187
1622.462000,-0.365221
1622.463000,-0.277737
1622.464000,-0.208740
1622.465000,-0.155388
1622.466000,-0.120252
1622.467000,-0.084887
1622.468000,-0.110564
1622.469000,-0.115447
1622.470000,-0.214587
1622.471000,-0.235633
1622.472000,-0.255439
1622.473000,-0.302618
1622.474000,-0.244495
1622.475000,-0.242153
1622.476000,-0.310949
1622.477000,-0.443606
1622.478000,-0.362148
1622.479000,-0.371437
1622.480000,-0.317506
1622.481000,-0.314635
1622.482000,-0.298640
1622.483000,-0.316226
1622.484000,-0.393227
1622.485000,-0.333425
1622.486000,-0.334806
1622.487000,-0.236088
1622.488000,-0.229279
1622.489000,-0.227038
1622.490000,-0.208961
1622.491000,-0.099622
1622.492000,-0.144127
1622.493000,-0.141866
1622.494000,-0.063288
1622.495000,-0.011779
1622.496000,-0.120736
1622.497000,-0.050475
1622.498000,-0.157793
1622.499000,-0.151349
1622.500000,-0.230378
1622.501000,-0.249585
1622.502000,-0.305378
1622.503000,-0.226793
1622.504000,-0.249783
1622.505000,-0.316674
1622.506000,-0.171164
1622.507000,-0.245679
1622.508000,-0.173713
1622.509000,-0.157454
1622.510000,-0.199515
1622.511000,-0.095438
1622.512000,0.000480
1622.513000,-0.017311
1622.514000,0.060019
1622.515000,-0.103973
1622.516000,0.071554
1622.517000,0.039042
1622.518000,0.044106
1622.519000,0.064297
1622.520000,0.138896
1622.521000,0.026983
1622.522000,0.086949
1622.523000,-0.033477
1622.524000,-0.072309
1622.525000,-0.046813
1622.526000,-0.073823
1622.527000,-0.130267
1622.528000,-0.122769
1622.529000,-0.085998
1622.530000,-0.082982
1622.531000,-0.128834
1622.532000,-0.125660
1622.533000,-0.408245
1622.534000,-0.325288
1622.535000,-0.349535
1622.536000,-0.190987
1622.537000,-0.210147
1622.538000,-0.228606
1622.539000,-0.339228
1622.540000,-0.301587
1622.541000,-0.150814
1622.542000,-0.140299
1622.543000,-0.016259
1622.544000,-0.005194
1622.545000,0.041276
1622.546000,0.028194
1622.547000,0.052924
1622.548000,0.041896
1622.549000,0.075820
1622.550000,0.072721
1622.551000,0.017169
1622.552000,0.054774
1622.553000,0.234737
1622.554000,0.236192
1622.555000,0.143865
1622.556000,0.135711
1622.557000,0.065054
1622.558000,0.165859
1622.559000,0.161481
1622.560000,0.175012
1622.561000,0.167245
1622.562000,0.094038
1622.563000,0.154680
1622.564000,0.238035
1622.565000,0.198355
1622.566000,0.167661
1622.567000,0.163918
1622.568000,0.099926
1622.569000,0.039503
1622.570000,0.053305
1622.571000,0.138491
1622.572000,0.268887
1622.573000,0.316903
1622.574000,0.243591
1622.575000,0.310024
1622.576000,0.313906
1622.577000,0.370050
1622.578000,0.346383
1622.579000,0.300442
1622.580000,0.226168
1622.581000,0.254458
1622.582000,0.244538
1622.583000,0.231985
1622.584000,0.304882
1622.585000,0.308050
1622.586000,0.186673
1622.587000,0.351490
1622.588000,0.584094
1622.589000,0.436580
1622.590000,0.484109
1622.591000,0.578685
1622.592000,0.450454
1622.593000,0.415346
1622.594000,0.382715
1622.595000,0.236637
1622.596000,0.329756
1622.597000,0.326016
1622.598000,0.294035
1622.599000,0.264140
1622.600000,0.150475
1622.601000,0.148831
1622.602000,0.115991
1622.603000,0.136139
1622.604000,0.129746
1622.605000,-0.026072
1622.606000,-0.100579
1622.607000,-0.181783
1622.608000,-0.169523
1622.609000,-0.144040
1622.610000,-0.107110
1622.611000,-0.197558
1622.612000,-0.213115
1622.613000,-0.189722
1622.614000,-0.109843
1622.615000,-0.207732
1622.616000,-0.281935
1622.617000,-0.400892
1622.618000,-0.444821
1622.619000,-0.474790
1622.620000,-0.480795
1622.621000,-0.598635
1622.622000,-0.657300
1622.623000,-0.689150
1622.624000,-0.749437
1622.625000,-0.594143
1622.626000,-0.650606
1622.627000,-0.692356
1622.628000,-0.635145
1622.629000,-0.706109
1622.630000,-0.738361
1622.631000,-0.813291
1622.632000,-0.930008
1622.633000,-0.988368
1622.634000,-0.924790
1622.635000,-0.883923
1622.636000,-0.712962
1622.637000,-0.922628
1622.638000,-0.902530
1622.639000,-0.893065
1622.640000,-1.021633
1622.641000,-0.908171
1622.642000,-1.085819
1622.643000,-1.023217
1622.644000,-0.828666
1622.645000,-0.721296
1622.646000,-0.579867
1622.647000,-0.672457
1622.648000,-0.574172
1622.649000,-0.551278
1622.650000,-0.512989
1622.651000,-0.481000
1622.652000,-0.680434
1622.653000,-0.537379
1622.654000,-0.483258
1622.655000,-0.434521
1622.656000,-0.219013
1622.657000,-0.302841
1622.658000,-0.202110
1622.659000,-0.096644
1622.660000,0.069035
1622.661000,0.147936
1622.662000,0.238385
1622.663000,0.159752
1622.664000,0.197829
1622.665000,0.369238
1622.666000,0.462663
1622.667000,0.428071
1622.668000,0.296991
1622.669000,0.357003
1622.670000,0.282225
1622.671000,0.312352
1622.672000,0.435815
1622.673000,0.350925
1622.674000,0.394830
1622.675000,0.188185
1622.676000,0.287580
1622.677000,0.299077
1622.678000,0.384593
1622.679000,0.488395
1622.680000,0.552264
1622.681000,0.561996
1622.682000,0.439357
1622.683000,0.465162
1622.684000,0.460408
1622.685000,0.488054
1622.686000,0.612071
1622.687000,0.579461
1622.688000,0.533985
1622.689000,0.425709
1622.690000,0.496045
1622.691000,0.240874
1622.692000,0.281873
1622.693000,0.564262
1622.694000,0.366940
1622.695000,0.295812
1622.696000,0.458327
1622.697000,0.583453
1622.698000,0.460434
1622.699000,0.532622
1622.700000,0.403048
1622.701000,0.396448
1622.702000,0.465582
1622.703000,0.526913
1622.704000,0.462940
1622.705000,0.384248
1622.706000,0.484850
1622.707000,0.538102
1622.708000,0.558332
1622.709000,0.271778
1622.710000,0.362713
1622.711000,0.393443
1622.712000,0.294664
1622.713000,0.208966
1622.714000,0.118540
1622.715000,0.319133
1622.716000,0.377921
1622.717000,0.414341
1622.718000,0.200504
1622.719000,0.219280
1622.720000,0.216304
1622.721000,0.131274
1622.722000,0.152865
1622.723000,0.068111
1622.724000,-0.010499
1622.725000,0.148522
1622.726000,0.168875
1622.727000,0.264940
1622.728000,0.200951
1622.729000,0.092283
1622.730000,0.116791
1622.731000,0.155762
1622.732000,0.206046
1622.733000,0.304207
1622.734000,0.270878
1622.735000,0.385668
1622.736000,0.218624
1622.737000,0.159810
1622.738000,0.262000
1622.739000,0.226338
1622.740000,0.289070
1622.741000,0.210606
1622.742000,0.245601
1622.743000,0.289955
1622.744000,0.447154
1622.745000,0.564281
1622.746000,0.462563
1622.747000,0.514195
1622.748000,0.511279
1622.749000,0.313499
1622.750000,0.126192
1622.751000,0.314434
1622.752000,0.266586
1622.753000,0.288646
1622.754000,0.359142
1622.755000,0.432083
1622.756000,0.472239
1622.757000,0.482685
1622.758000,0.617681
1622.759000,0.497231
1622.760000,0.303256
1622.761000,0.257527
1622.762000,0.080628
1622.763000,-0.089405
1622.764000,-0.116979
1622.765000,-0.052043
1622.766000,-0.208356
1622.767000,-0.344036
1622.768000,-0.344174
1622.769000,-0.282354
1622.770000,-0.313167
1622.771000,-0.153312
1622.772000,-0.330433
1622.773000,-0.201372
1622.774000,-0.323928
1622.775000,-0.272406
1622.776000,-0.193176
1622.777000,-0.213692
1622.778000,0.027843
1622.779000,0.061589
1622.780000,-0.098651
1622.781000,-0.079763
1622.782000,-0.078307
1622.783000,-0.143347
1622.784000,-0.023448
1622.785000,-0.064260
1622.786000,-0.188765
1622.787000,0.009997
1622.788000,0.008832
1622.789000,-0.059943
1622.790000,-0.054341
1622.791000,0.283711
1622.792000,0.332334
1622.793000,0.385223
1622.794000,0.419763
1622.795000,0.370491
1622.796000,0.556954
1622.797000,0.460761
1622.798000,0.435970
1622.799000,0.382448
1622.800000,0.371172
1622.801000,0.339469
1622.802000,0.209099
1622.803000,0.309389
1622.804000,0.373965
1622.805000,0.202952
1622.806000,0.238511
1622.807000,0.304153
1622.808000,0.058279
1622.809000,0.119957
1622.810000,0.103226
1622.811000,0.083926
1622.812000,0.133922
1622.813000,0.204269
1622.814000,0.353898
1622.815000,0.309056
1622.816000,0.291070
1622.817000,0.089238
1622.818000,0.134391
1622.819000,0.236473
1622.820000,0.128212
1622.821000,0.072236
1622.822000,0.264553
1622.823000,0.333262
1622.824000,0.433170
1622.825000,0.573057
1622.826000,0.490379
1622.827000,0.377116
1622.828000,0.524638
1622.829000,0.439437
1622.830000,0.266070
1622.831000,0.135682
1622.832000,0.205883
1622.833000,0.350249
1622.834000,0.298960
1622.835000,0.137417
1622.836000,0.280501
1622.837000,0.247741
1622.838000,0.355417
1622.839000,0.265235
1622.840000,0.196719
1622.841000,0.287448
1622.842000,0.321611
1622.843000,0.389010
1622.844000,0.417439
1622.845000,0.424452
1622.846000,0.423734
1622.847000,0.522415
1622.848000,0.460967
1622.849000,0.427628
1622.850000,0.407061
1622.851000,0.289486
1622.852000,0.250555
1622.853000,0.260437
1622.854000,0.388086
1622.855000,0.321456
1622.856000,0.295551
1622.857000,0.246820
1622.858000,0.087800
1622.859000,0.024618
1622.860000,-0.072134
1622.861000,-0.039286
1622.862000,0.055376
1622.863000,0.065040
1622.864000,0.045961
1622.865000,0.070362
1622.866000,0.050635
1622.867000,-0.005097
1622.868000,0.110729
1622.869000,0.193501
1622.870000,0.053196
1622.871000,-0.024160
1622.872000,0.067790
1622.873000,0.026153
1622.874000,0.029444
1622.875000,0.025354
1622.876000,0.034070
1622.877000,0.139725
1622.878000,-0.009214
1622.879000,-0.065390
1622.880000,-0.099685
1622.881000,-0.069912
1622.882000,-0.175289
1622.883000,-0.181193
1622.884000,-0.243116
1622.885000,-0.040121
1622.886000,0.284454
1622.887000,0.200481
1622.888000,0.044169
1622.889000,0.109966
1622.890000,0.036731
1622.891000,0.094533
1622.892000,0.008927
1622.893000,-0.077559
1622.894000,-0.073575
1622.895000,-0.073573
1622.896000,-0.018319
1622.897000,-0.005089
1622.898000,0.062917
1622.899000,-0.201888
1622.900000,-0.183897
1622.901000,-0.296444
1622.902000,-0.445065
1622.903000,-0.287413
1622.904000,-0.295740
1622.905000,-0.371107
1622.906000,-0.507594
1622.907000,-0.556267
1622.908000,-0.501138
1622.909000,-0.548805
1622.910000,-0.385500
1622.911000,-0.311354
1622.912000,-0.274394
1622.913000,-0.435424
1622.914000,-0.259809
1622.915000,-0.352165
1622.916000,-0.384500
1622.917000,-0.528100
1622.918000,-0.522209
1622.919000,-0.626144
1622.920000,-0.593196
1622.921000,-0.496896
1622.922000,-0.518254
1622.923000,-0.608627
1622.924000,-0.461501
1622.925000,-0.551175
1622.926000,-0.510976
1622.927000,-0.546174
1622.928000,-0.452231
1622.929000,-0.129470
1622.930000,-0.150407
1622.931000,-0.172497
1622.932000,-0.331839
1622.933000,-0.374713
1622.934000,-0.300735
1622.935000,-0.190790
1622.936000,-0.373773
1622.937000,-0.444140
1622.938000,-0.537352
1622.939000,-0.598432
1622.940000,-0.803141
1622.941000,-0.770649
1622.942000,-0.411115
1622.943000,-0.490195
1622.944000,-0.590124
1622.945000,-0.621726
1622.946000,-0.650739
1622.947000,-0.590942
1622.948000,-0.515360
1622.949000,-0.674968
1622.950000,-0.763097
1622.951000,-0.706283
1622.952000,-0.604078
1622.953000,-0.634989
1622.954000,-0.770226
1622.955000,-0.476693
1622.956000,-0.448485
1622.957000,-0.395773
1622.958000,-0.376619
1622.959000,-0.360771
1622.960000,-0.077871
1622.961000,-0.059260
1622.962000,-0.144316
1622.963000,0.056324
1622.964000,-0.077606
1622.965000,0.106879
1622.966000,0.200454
1622.967000,0.076248
1622.968000,-0.047706
1622.969000,-0.178827
1622.970000,-0.239262
1622.971000,-0.256888
1622.972000,-0.113833
1622.973000,-0.206817
1622.974000,-0.089280
1622.975000,0.041003
1622.976000,0.156052
1622.977000,0.038218
1622.978000,0.076155
1622.979000,-0.046181
1622.980000,-0.021585
1622.981000,-0.045947
1622.982000,-0.080921
1622.983000,-0.241906
1622.984000,-0.160226
1622.985000,0.016878
1622.986000,0.005963
1622.987000,0.098189
1622.988000,0.236341
1622.989000,0.235015
1622.990000,0.188698
1622.991000,0.121014
1622.992000,0.470233
1622.993000,0.621810
1622.994000,0.569004
1622.995000,0.477542
1622.996000,0.400066
1622.997000,0.414158
1622.998000,0.219519
1622.999000,0.395134
1623.000000,0.243181
1623.001000,0.122455
1623.002000,-0.073724
1623.003000,-0.116364
1623.004000,-0.151354
1623.005000,-0.165194
1623.006000,-0.012851
1623.007000,0.043911
1623.008000,-0.034491
1623.009000,-0.182735
1623.010000,-0.019546
1623.011000,0.152006
1623.012000,0.293987
1623.013000,0.246262
1623.014000,0.332203
1623.015000,0.352488
1623.016000,0.402406
1623.017000,0.406043
1623.018000,0.281572
1623.019000,0.080131
1623.020000,0.110142
1623.021000,-0.026882
1623.022000,0.144353
1623.023000,0.059074
1623.024000,-0.068781
1623.025000,-0.012826
1623.026000,0.199714
1623.027000,-0.090992
1623.028000,-0.020185
1623.029000,-0.045962
1623.030000,-0.015144
1623.031000,0.225938
1623.032000,0.327803
1623.033000,0.442624
1623.034000,0.551477
1623.035000,0.578972
1623.036000,0.352904
1623.037000,0.476947
1623.038000,0.613171
1623.039000,0.571293
1623.040000,0.401285
1623.041000,0.399758
1623.042000,0.642934
1623.043000,0.553816
1623.044000,0.411218
1623.045000,0.088567
1623.046000,-0.063073
1623.047000,-0.086194
1623.048000,-0.210157
1623.049000,-0.240555
1623.050000,-0.298746
1623.051000,-0.410353
1623.052000,-0.376887
1623.053000,-0.357410
1623.054000,-0.384117
1623.055000,-0.269483
1623.056000,-0.048019
1623.057000,-0.142461
1623.058000,-0.227690
1623.059000,-0.299044
1623.060000,-0.275933
1623.061000,-0.227835
1623.062000,-0.220063
1623.063000,-0.472512
1623.064000,-0.234328
1623.065000,-0.142637
1623.066000,-0.073138
1623.067000,-0.192201
1623.068000,-0.131881
1623.069000,-0.235204
1623.070000,-0.218216
1623.071000,-0.219166
1623.072000,-0.141327
1623.073000,-0.279132
1623.074000,-0.234506
1623.075000,-0.189196
1623.076000,-0.198704
1623.077000,-0.226681
1623.078000,-0.303216
1623.079000,-0.301584
1623.080000,-0.400429
1623.081000,-0.455188
1623.082000,-0.427936
1623.083000,-0.432696
1623.084000,-0.330917
1623.085000,-0.296660
1623.086000,-0.288535
1623.087000,-0.262156
1623.088000,-0.222817
1623.089000,-0.177111
1623.090000,-0.045857
1623.091000,0.012971
1623.092000,0.018689
1623.093000,0.002786
1623.094000,-0.099671
1623.095000,-0.065221
1623.096000,-0.085342
1623.097000,-0.114114
1623.098000,-0.203202
1623.099000,-0.312387
1623.100000,-0.304371
1623.101000,-0.286513
1623.102000,-0.267487
1623.103000,-0.047027
1623.104000,-0.107232
1623.105000,-0.110862
1623.106000,-0.113150
1623.107000,-0.072920
1623.108000,-0.227446
1623.109000,-0.175811
1623.110000,-0.379139
1623.111000,-0.427562
1623.112000,-0.358667
1623.113000,-0.173727
1623.114000,-0.191937
1623.115000,-0.041107
1623.116000,-0.055982
1623.117000,-0.081566
1623.118000,0.095649
1623.119000,0.120812
1623.120000,0.234764
1623.121000,0.469399
1623.122000,0.370158
1623.123000,0.551428
1623.124000,0.573098
1623.125000,0.711403
1623.126000,0.761120
1623.127000,0.789836
1623.128000,0.761647
1623.129000,0.718642
1623.130000,0.687149
1623.131000,0.719765
1623.132000,0.760742
1623.133000,0.735126
1623.134000,0.739869
1623.135000,0.883120
1623.136000,0.939208
1623.137000,0.837884
1623.138000,0.739932
1623.139000,0.801702
1623.140000,0.784917
1623.141000,0.652952
1623.142000,0.631488
1623.143000,0.712422
1623.144000,0.751135
1623.145000,0.711729
1623.146000,0.854980
1623.147000,1.057438
1623.148000,1.054934
1623.149000,1.073236
1623.150000,1.099196
1623.151000,1.147964
1623.152000,1.002009
1623.153000,0.959033
1623.154000,0.822942
1623.155000,0.887962
1623.156000,0.757318
1623.157000,0.657853
1623.158000,0.779304
1623.159000,0.778961
1623.160000,0.679098
1623.161000,0.772726
1623.162000,0.901776
1623.163000,0.688681
1623.164000,0.664355
1623.165000,0.587683
1623.166000,0.630447
1623.167000,0.720459
1623.168000,0.828193
1623.169000,0.635731
1623.170000,0.735223
1623.171000,0.871824
1623.172000,0.900505
1623.173000,0.818257
1623.174000,0.856849
1623.175000,0.799173
1623.176000,1.031560
1623.177000,1.042183
1623.178000,1.017115
1623.179000,1.090963
1623.180000,1.077085
1623.181000,1.082029
1623.182000,1.186116
1623.183000,1.364351
1623.184000,1.427311
1623.185000,1.300239
1623.186000,1.280972
1623.187000,1.279792
1623.188000,1.093689
1623.189000,1.048563
1623.190000,0.957528
1623.191000,0.778171
1623.192000,0.514594
1623.193000,0.489065
1623.194000,0.603907
1623.195000,0.506332
1623.196000,0.590321
1623.197000,0.514071
1623.198000,0.331176
1623.199000,0.308446
1623.200000,0.085868
1623.201000,0.088452
1623.202000,-0.085681
1623.203000,-0.047116
1623.204000,0.028570
1623.205000,0.158559
1623.206000,0.171909
1623.207000,0.326874
1623.208000,0.252262
1623.209000,0.286429
1623.210000,0.266245
1623.211000,0.298575
1623.212000,0.254488
1623.213000,0.196018
1623.214000,0.219847
1623.215000,0.247346
1623.216000,0.292371
1623.217000,0.184933
1623.218000,0.293613
1623.219000,0.418222
1623.220000,0.405041
1623.221000,0.616895
1623.222000,0.434455
1623.223000,0.273329
1623.224000,0.262700
1623.225000,0.206078
1623.226000,0.143694
1623.227000,0.137682
1623.228000,0.062202
1623.229000,-0.051089
1623.230000,-0.010298
1623.231000,-0.127658
1623.232000,-0.111332
1623.233000,-0.163227
1623.234000,-0.179007
1623.235000,-0.271386
1623.236000,-0.333726
1623.237000,-0.375020
1623.238000,-0.581809
1623.239000,-0.707496
1623.240000,-0.780956
1623.241000,-0.849232
1623.242000,-0.978180
1623.243000,-0.787110
1623.244000,-0.834362
1623.245000,-0.832797
1623.246000,-0.769074
1623.247000,-0.765170
1623.248000,-0.670210
1623.249000,-0.552916
1623.250000,-0.618784
1623.251000,-0.749516
1623.252000,-0.902591
1623.253000,-0.833872
1623.254000,-0.879991
1623.255000,-0.875290
1623.256000,-0.760833
1623.257000,-0.555617
1623.258000,-0.575192
1623.259000,-0.733449
1623.260000,-0.726244
1623.261000,-0.835774
1623.262000,-0.915059
1623.263000,-0.885741
1623.264000,-0.614814
1623.265000,-0.741513
1623.266000,-0.651796
1623.267000,-0.691629
1623.268000,-0.820230
1623.269000,-0.706626
1623.270000,-0.854594
1623.271000,-0.821483
1623.272000,-0.726955
1623.273000,-0.737738
1623.274000,-0.792517
1623.275000,-0.837649
1623.276000,-0.891936
1623.277000,-0.802466
1623.278000,-0.832296
1623.279000,-0.772718
1623.280000,-0.717523
1623.281000,-0.686350
1623.282000,-0.631098
1623.283000,-0.551074
1623.284000,-0.554695
1623.285000,-0.563524
1623.286000,-0.320054
1623.287000,-0.330601
1623.288000,-0.240461
1623.289000,-0.424067
1623.290000,-0.404019
1623.291000,-0.496834
1623.292000,-0.598435
1623.293000,-0.659605
1623.294000,-0.696790
1623.295000,-0.683490
1623.296000,-0.753382
1623.297000,-0.818800
1623.298000,-0.654283
1623.299000,-0.579834
1623.300000,-0.610364
1623.301000,-0.707167
1623.302000,-0.788791
1623.303000,-0.765210
1623.304000,-0.672897
1623.305000,-0.699873
1623.306000,-0.619574
1623.307000,-0.642629
1623.308000,-0.614796
1623.309000,-0.565260
1623.310000,-0.613203
1623.311000,-0.566545
1623.312000,-0.455179
1623.313000,-0.439911
1623.314000,-0.455031
1623.315000,-0.285851
1623.316000,-0.293135
1623.317000,-0.246736
1623.318000,-0.158991
1623.319000,-0.121706
1623.320000,-0.268393
1623.321000,-0.073204
1623.322000,0.067470
1623.323000,0.229756
1623.324000,0.233601
1623.325000,0.262320
1623.326000,0.303768
1623.327000,0.328089
1623.328000,0.291421
1623.329000,0.312436
1623.330000,0.222362
1623.331000,0.297360
1623.332000,0.388163
1623.333000,0.377774
1623.334000,0.461633
1623.335000,0.317260
1623.336000,0.375635
1623.337000,0.445987
1623.338000,0.497752
1623.339000,0.563307
1623.340000,0.647527
1623.341000,0.759174
1623.342000,0.704269
1623.343000,0.621529
1623.344000,0.622313
1623.345000,0.531440
1623.346000,0.771979
1623.347000,0.596782
1623.348000,0.542404
1623.349000,0.383613
1623.350000,0.360768
1623.351000,0.138587
1623.352000,0.152498
1623.353000,0.053841
1623.354000,0.254596
1623.355000,0.101103
1623.356000,0.231294
1623.357000,0.274770
1623.358000,0.291337
1623.359000,0.292698
1623.360000,0.204075
1623.361000,0.264252
1623.362000,0.236306
1623.363000,0.177187
1623.364000,0.303603
1623.365000,0.275251
1623.366000,0.190974
1623.367000,0.140399
1623.368000,0.124120
1623.369000,-0.056667
1623.370000,-0.293225
1623.371000,-0.136869
1623.372000,0.047883
1623.373000,0.061617
1623.374000,-0.009852
1623.375000,0.032731
1623.376000,-0.006225
1623.377000,-0.115916
1623.378000,-0.202218
1623.379000,-0.087597
1623.380000,-0.120544
1623.381000,-0.217760
1623.382000,-0.188669
1623.383000,-0.279622
1623.384000,-0.398031
1623.385000,-0.442551
1623.386000,-0.249935
1623.387000,-0.423889
1623.388000,-0.463029
1623.389000,-0.625568
1623.390000,-0.455910
1623.391000,-0.390377
1623.392000,-0.290531
1623.393000,-0.470319
1623.394000,-0.475029
1623.395000,-0.435186
1623.396000,-0.377955
1623.397000,-0.508173
1623.398000,-0.443139
1623.399000,-0.620736
1623.400000,-0.537544
1623.401000,-0.498440
1623.402000,-0.596165
1623.403000,-0.495313
1623.404000,-0.337620
1623.405000,-0.339330
1623.406000,-0.255936
1623.407000,-0.162408
1623.408000,-0.106088
1623.409000,-0.269655
1623.410000,-0.382986
1623.411000,-0.411318
1623.412000,-0.418653
1623.413000,-0.538184
1623.414000,-0.580995
1623.415000,-0.636093
1623.416000,-0.708742
1623.417000,-0.622109
1623.418000,-0.475651
1623.419000,-0.467272
1623.420000,-0.349747
1623.421000,-0.393558
1623.422000,-0.429793
1623.423000,-0.279899
1623.424000,0.059090
1623.425000,-0.102227
1623.426000,-0.038304
1623.427000,-0.257588
1623.428000,-0.278252
1623.429000,-0.392492
1623.430000,-0.240079
1623.431000,-0.340725
1623.432000,-0.532131
1623.433000,-0.546720
1623.434000,-0.598521
1623.435000,-0.812724
1623.436000,-0.716242
1623.437000,-0.665106
1623.438000,-0.677936
1623.439000,-0.692103
1623.440000,-0.574367
1623.441000,-0.673466
1623.442000,-0.904105
1623.443000,-1.022646
1623.444000,-0.930611
1623.445000,-0.794107
1623.446000,-0.352904
1623.447000,-0.236368
1623.448000,-0.401199
1623.449000,-0.394906
1623.450000,-0.265808
1623.451000,-0.503869
1623.452000,-0.648683
1623.453000,-0.699642
1623.454000,-0.706895
1623.455000,-0.823311
1623.456000,-1.020096
1623.457000,-0.958971
1623.458000,-0.757047
1623.459000,-0.692026
1623.460000,-0.586292
1623.461000,-0.659712
1623.462000,-0.529643
1623.463000,-0.571295
1623.464000,-0.561171
1623.465000,-0.629213
1623.466000,-0.687137
1623.467000,-0.588719
1623.468000,-0.733247
1623.469000,-0.687558
1623.470000,-0.549261
1623.471000,-0.371912
1623.472000,-0.271003
1623.473000,-0.262199
1623.474000,-0.337483
1623.475000,-0.232458
1623.476000,-0.133747
1623.477000,-0.087509
1623.478000,-0.226410
1623.479000,-0.237237
1623.480000,-0.065984
1623.481000,0.068339
1623.482000,-0.097801
1623.483000,-0.040839
1623.484000,-0.090916
1623.485000,0.021615
1623.486000,0.046400
1623.487000,0.114480
1623.488000,-0.033126
1623.489000,-0.085112
1623.490000,-0.032049
1623.491000,-0.120479
1623.492000,-0.192503
1623.493000,-0.277034
1623.494000,-0.280713
1623.495000,-0.265342
1623.496000,-0.318486
1623.497000,-0.338214
1623.498000,-0.470233
1623.499000,-0.279436
1623.500000,-0.179513
1623.501000,0.002587
1623.502000,0.166835
1623.503000,0.270512
1623.504000,0.012623
1623.505000,-0.021099
1623.506000,0.135835
1623.507000,0.155234
1623.508000,0.301722
1623.509000,0.090946
1623.510000,-0.086099
1623.511000,0.202548
1623.512000,0.325011
1623.513000,0.272834
1623.514000,0.320591
1623.515000,0.271620
1623.516000,0.177495
1623.517000,0.134694
1623.518000,0.100789
1623.519000,0.176129
1623.520000,0.120409
1623.521000,0.091467
1623.522000,-0.086109
1623.523000,-0.304221
1623.524000,-0.135344
1623.525000,-0.313260
1623.526000,-0.584640
1623.527000,-0.353701
1623.528000,-0.482752
1623.529000,-0.536358
1623.530000,-0.734942
1623.531000,-0.500798
1623.532000,-0.429923
1623.533000,-0.444656
1623.534000,-0.554872
1623.535000,-0.643513
1623.536000,-0.647230
1623.537000,-0.665126
1623.538000,-0.813885
1623.539000,-0.799318
1623.540000,-0.780692
1623.541000,-0.890659
1623.542000,-0.632349
1623.543000,-0.606087
1623.544000,-0.593044
1623.545000,-0.749596
1623.546000,-0.782310
1623.547000,-0.864547
1623.548000,-0.841952
1623.549000,-0.628100
1623.550000,-0.656795
1623.551000,-0.520586
1623.552000,-0.515801
1623.553000,-0.330129
1623.554000,-0.453769
1623.555000,-0.559179
1623.556000,-0.554443
1623.557000,-0.583188
1623.558000,-0.499445
1623.559000,-0.373731
1623.560000,-0.344423
1623.561000,-0.330021
1623.562000,-0.299912
1623.563000,-0.300070
1623.564000,-0.308869
1623.565000,-0.101083
1623.566000,0.127422
1623.567000,0.084485
1623.568000,-0.074206
1623.569000,-0.147976
1623.570000,-0.142188
1623.571000,-0.209125
1623.572000,-0.236026
1623.573000,-0.208256
1623.574000,-0.233953
1623.575000,-0.212629
1623.576000,-0.279020
1623.577000,-0.232273
1623.578000,-0.279250
1623.579000,-0.300367
1623.580000,-0.305724
1623.581000,-0.213645
1623.582000,-0.149815
1623.583000,-0.113827
1623.584000,-0.154133
1623.585000,0.075519
1623.586000,0.094976
1623.587000,0.165388
1623.588000,-0.105875
1623.589000,-0.114036
1623.590000,-0.223807
1623.591000,0.037786
1623.592000,-0.212817
1623.593000,-0.267568
1623.594000,-0.187784
1623.595000,-0.199887
1623.596000,-0.247347
1623.597000,-0.225137
1623.598000,-0.186573
1623.599000,-0.338515
1623.600000,-0.345005
1623.601000,-0.334931
1623.602000,-0.122427
1623.603000,-0.188511
1623.604000,-0.158682
1623.605000,-0.065829
1623.606000,0.071542
1623.607000,-0.011361
1623.608000,-0.056144
1623.609000,0.122055
1623.610000,0.142142
1623.611000,0.142789
1623.612000,0.265463
1623.613000,0.140361
1623.614000,0.286033
1623.615000,0.425686
1623.616000,0.311380
1623.617000,0.583677
1623.618000,0.548828
1623.619000,0.691069
1623.620000,0.705653
1623.621000,0.597046
1623.622000,0.543540
1623.623000,0.478576
1623.624000,0.414044
1623.625000,0.418463
1623.626000,0.348622
1623.627000,0.409414
1623.628000,0.497858
1623.629000,0.453865
1623.630000,0.391362
1623.631000,0.482923
1623.632000,0.362378
1623.633000,0.524738
1623.634000,0.653682
1623.635000,0.705821
1623.636000,0.787967
1623.637000,0.764440
1623.638000,0.758175
1623.639000,0.910295
1623.640000,0.930110
1623.641000,0.878730
1623.642000,0.850361
1623.643000,0.738155
1623.644000,0.615346
1623.645000,0.756572
1623.646000,0.855285
1623.647000,0.778303
1623.648000,0.542161
1623.649000,0.449478
1623.650000,0.428312
1623.651000,0.163059
1623.652000,0.148152
1623.653000,-0.004378
1623.654000,-0.139414
1623.655000,-0.090557
1623.656000,-0.046609
1623.657000,-0.196470
1623.658000,-0.107614
1623.659000,0.028385
1623.660000,-0.072341
1623.661000,-0.066042
1623.662000,-0.009679
1623.663000,0.100372
1623.664000,0.248189
1623.665000,0.338958
1623.666000,0.413662
1623.667000,0.422626
1623.668000,0.506006
1623.669000,0.432580
1623.670000,0.651493
1623.671000,0.533934
1623.672000,0.537567
1623.673000,0.563418
1623.674000,0.328539
1623.675000,0.237453
1623.676000,0.117784
1623.677000,-0.080475
1623.678000,0.144200
1623.679000,0.106882
1623.680000,0.180646
1623.681000,0.161566
1623.682000,0.217558
1623.683000,0.239488
1623.684000,0.061670
1623.685000,0.144068
1623.686000,-0.098928
1623.687000,-0.019635
1623.688000,-0.057703
1623.689000,-0.006352
1623.690000,-0.098469
1623.691000,-0.161473
1623.692000,-0.059045
1623.693000,-0.081459
1623.694000,0.044981
1623.695000,0.285788
1623.696000,0.288539
1623.697000,0.301839
1623.698000,0.370426
1623.699000,0.346652
1623.700000,0.467546
1623.701000,0.447697
1623.702000,0.320365
1623.703000,0.160957
1623.704000,0.094279
1623.705000,0.156927
1623.706000,0.003502
1623.707000,-0.015485
1623.708000,0.110973
1623.709000,-0.004111
1623.710000,-0.066487
1623.711000,-0.064092
1623.712000,-0.219773
1623.713000,-0.191632
1623.714000,-0.053027
1623.715000,-0.025253
1623.716000,0.120976
1623.717000,0.093825
1623.718000,0.191784
1623.719000,0.239056
1623.720000,-0.102787
1623.721000,-0.062298
1623.722000,0.021283
1623.723000,-0.096888
1623.724000,0.022746
1623.725000,-0.073790
1623.726000,-0.021469
1623.727000,0.134818
1623.728000,0.248753
1623.729000,0.259999
1623.730000,0.250422
1623.731000,0.121925
1623.732000,0.217792
1623.733000,0.073960
1623.734000,0.301295
1623.735000,0.342106
1623.736000,0.181955
1623.737000,0.317753
1623.738000,0.394725
1623.739000,0.370775
1623.740000,0.244384
1623.741000,0.454497
1623.742000,0.589209
1623.743000,0.556169
1623.744000,0.438953
1623.745000,0.425038
1623.746000,0.346169
1623.747000,0.347006
1623.748000,0.398055
1623.749000,0.255905
1623.750000,0.446571
1623.751000,0.419867
1623.752000,0.268286
1623.753000,0.436810
1623.754000,0.361614
1623.755000,0.283363
1623.756000,0.403156
1623.757000,0.473343
1623.758000,0.613608
1623.759000,0.632214
1623.760000,0.626159
1623.761000,0.574523
1623.762000,0.628227
1623.763000,0.615446
1623.764000,0.458878
1623.765000,0.436299
1623.766000,0.467256
1623.767000,0.470540
1623.768000,0.687150
1623.769000,0.721465
1623.770000,0.710712
1623.771000,0.629030
1623.772000,0.842969
1623.773000,0.894172
1623.774000,0.959754
1623.775000,0.984023
1623.776000,0.905630
1623.777000,0.844972
1623.778000,0.829332
1623.779000,0.943352
1623.780000,0.932063
1623.781000,0.797510
1623.782000,0.763794
1623.783000,0.843056
1623.784000,0.869006
1623.785000,0.854021
1623.786000,0.817127
1623.787000,0.875059
1623.788000,0.828149
1623.789000,0.622110
1623.790000,0.566547
1623.791000,0.591506
1623.792000,0.669961
1623.793000,0.642197
1623.794000,0.678502
1623.795000,0.583395
1623.796000,0.546067
1623.797000,0.433793
1623.798000,0.376823
1623.799000,0.318308
1623.800000,0.081649
1623.801000,-0.019801
1623.802000,-0.056622
1623.803000,-0.162885
1623.804000,-0.100950
1623.805000,-0.089647
1623.806000,0.230682
1623.807000,0.378919
1623.808000,0.351661
1623.809000,0.376200
1623.810000,0.428888
1623.811000,0.433318
1623.812000,0.380560
1623.813000,0.364995
1623.814000,0.433891
1623.815000,0.425137
1623.816000,0.244011
1623.817000,0.101462
1623.818000,-0.002456
1623.819000,-0.069194
1623.820000,-0.129007
1623.821000,-0.141624
1623.822000,-0.223312
1623.823000,0.011340
1623.824000,-0.066729
1623.825000,-0.036860
1623.826000,-0.163008
1623.827000,-0.279771
1623.828000,-0.127872
1623.829000,-0.315514
1623.830000,-0.408730
1623.831000,-0.157783
1623.832000,-0.108046
1623.833000,-0.104830
1623.834000,-0.129274
1623.835000,-0.278593
1623.836000,-0.262215
1623.837000,-0.267680
1623.838000,-0.265928
1623.839000,-0.299148
1623.840000,-0.434193
1623.841000,-0.397428
1623.842000,-0.484025
1623.843000,-0.403610
1623.844000,-0.683997
1623.845000,-0.745086
1623.846000,-0.709222
1623.847000,-0.764826
1623.848000,-0.846268
1623.849000,-0.810417
1623.850000,-0.866097
1623.851000,-0.748681
1623.852000,-0.669256
1623.853000,-0.648352
1623.854000,-0.527353
1623.855000,-0.437437
1623.856000,-0.600358
1623.857000,-0.440161
1623.858000,-0.432177
1623.859000,-0.521170
1623.860000,-0.543768
1623.861000,-0.636044
1623.862000,-0.632567
1623.863000,-0.715654
1623.864000,-0.835039
1623.865000,-0.682904
1623.866000,-0.560025
1623.867000,-0.717774
1623.868000,-0.752833
1623.869000,-0.828200
1623.870000,-0.798679
1623.871000,-0.911881
1623.872000,-0.910296
1623.873000,-0.900081
1623.874000,-0.996941
1623.875000,-0.897380
1623.876000,-0.608643
1623.877000,-0.496093
1623.878000,-0.617866
1623.879000,-0.495510
1623.880000,-0.397999
1623.881000,-0.104066
1623.882000,-0.171343
1623.883000,-0.330237
1623.884000,-0.379991
1623.885000,-0.434344
1623.886000,-0.382983
1623.887000,-0.431722
1623.888000,-0.393562
1623.889000,-0.389513
1623.890000,-0.385018
1623.891000,-0.410338
1623.892000,-0.492869
1623.893000,-0.524647
1623.894000,-0.416477
1623.895000,-0.399256
1623.896000,-0.317775
1623.897000,-0.403849
1623.898000,-0.302625
1623.899000,-0.142036
1623.900000,-0.023145
1623.901000,-0.375224
1623.902000,-0.369090
1623.903000,-0.248354
1623.904000,-0.245184
1623.905000,-0.294376
1623.906000,-0.109934
1623.907000,-0.197189
1623.908000,-0.227848
1623.909000,-0.346716
1623.910000,-0.309712
1623.911000,-0.428922
1623.912000,-0.321344
1623.913000,-0.322928
1623.914000,-0.328846
1623.915000,-0.188211
1623.916000,-0.196653
1623.917000,-0.244985
1623.918000,-0.147277
1623.919000,-0.048336
1623.920000,-0.069365
1623.921000,-0.112802
1623.922000,-0.085600
1623.923000,-0.136098
1623.924000,-0.077538
1623.925000,-0.023489
1623.926000,0.134247
1623.927000,0.126572
1623.928000,0.047408
1623.929000,0.125250
1623.930000,0.031844
1623.931000,-0.081811
1623.932000,-0.043959
1623.933000,-0.047321
1623.934000,0.018506
1623.935000,-0.048525
1623.936000,-0.008148
1623.937000,-0.038238
1623.938000,-0.269834
1623.939000,-0.192926
1623.940000,-0.134054
1623.941000,-0.033304
1623.942000,0.000764
1623.943000,-0.038961
1623.944000,0.055495
1623.945000,0.086316
1623.946000,0.082041
1623.947000,0.289120
1623.948000,0.439915
1623.949000,0.614393
1623.950000,0.554831
1623.951000,0.471305
1623.952000,0.517266
1623.953000,0.521302
1623.954000,0.430822
1623.955000,0.514466
1623.956000,0.669403
1623.957000,0.735562
1623.958000,0.678960
1623.959000,0.679489
1623.960000,0.670630
1623.961000,0.678287
1623.962000,0.591158
1623.963000,0.525965
1623.964000,0.359306
1623.965000,0.283248
1623.966000,0.161351
1623.967000,0.155252
1623.968000,0.156459
1623.969000,0.172596
1623.970000,0.237052
1623.971000,0.189395
1623.972000,0.214673
1623.973000,-0.033802
1623.974000,-0.078694
1623.975000,-0.120676
1623.976000,-0.075110
1623.977000,-0.157905
1623.978000,-0.176863
1623.979000,-0.357118
1623.980000,-0.415639
1623.981000,-0.273057
1623.982000,-0.306412
1623.983000,-0.300113
1623.984000,-0.287855
1623.985000,-0.177993
1623.986000,-0.314798
1623.987000,-0.402228
1623.988000,-0.388053
1623.989000,-0.471294
1623.990000,-0.449866
1623.991000,-0.399491
1623.992000,-0.242672
1623.993000,-0.126224
1623.994000,-0.204477
1623.995000,-0.300874
1623.996000,-0.157900
1623.997000,-0.212818
1623.998000,-0.085086
1623.999000,-0.021959
1624.000000,0.061080
1624.001000,0.035712
1624.002000,0.109718
1624.003000,0.271514
1624.004000,0.288330
1624.005000,0.237856
1624.006000,0.376648
1624.007000,0.193180
1624.008000,0.155901
1624.009000,0.290138
1624.010000,0.237603
1624.011000,0.124676
1624.012000,0.052013
1624.013000,-0.115779
1624.014000,-0.040515
1624.015000,-0.094647
1624.016000,-0.241960
1624.017000,-0.360418
1624.018000,-0.080083
1624.019000,-0.182331
1624.020000,-0.074063
1624.021000,0.026799
1624.022000,-0.009011
1624.023000,-0.048836
1624.024000,0.081957
1624.025000,0.142403
1624.026000,0.175260
1624.027000,0.347639
1624.028000,0.322883
1624.029000,0.412150
1624.030000,0.396930
1624.031000,0.392497
1624.032000,0.539578
1624.033000,0.476835
1624.034000,0.519038
1624.035000,0.340436
1624.036000,0.362981
1624.037000,0.360956
1624.038000,0.438958
1624.039000,0.483285
1624.040000,0.581214
1624.041000,0.633842
1624.042000,0.616165
1624.043000,0.523324
1624.044000,0.465370
1624.045000,0.387334
1624.046000,0.406624
1624.047000,0.404178
1624.048000,0.483294
1624.049000,0.460858
1624.050000,0.302968
1624.051000,0.285726
1624.052000,0.164810
1624.053000,-0.016311
1624.054000,-0.004178
1624.055000,0.105955
1624.056000,0.280260
1624.057000,0.260848
1624.058000,0.277188
1624.059000,0.188811
1624.060000,0.150365
1624.061000,0.173760
1624.062000,0.109390
1624.063000,0.229994
1624.064000,0.201553
1624.065000,0.058027
1624.066000,0.181589
1624.067000,0.134493
1624.068000,0.050183
1624.069000,-0.017739
1624.070000,-0.204931
1624.071000,-0.358666
1624.072000,-0.435431
1624.073000,-0.507815
1624.074000,-0.656860
1624.075000,-0.559975
1624.076000,-0.694173
1624.077000,-0.792255
1624.078000,-0.707134
1624.079000,-0.536557
1624.080000,-0.524372
1624.081000,-0.474213
1624.082000,-0.413048
1624.083000,-0.445998
1624.084000,-0.482690
1624.085000,-0.333115
1624.086000,-0.194733
1624.087000,0.020670
1624.088000,0.072883
1624.089000,0.048940
1624.090000,0.018897
1624.091000,0.111146
1624.092000,0.089621
1624.093000,0.094464
1624.094000,0.168340
1624.095000,0.198119
1624.096000,0.032116
1624.097000,0.242969
1624.098000,0.183807
1624.099000,0.241763
1624.100000,0.265238
1624.101000,0.210133
1624.102000,0.300297
1624.103000,0.293227
1624.104000,0.395448
1624.105000,0.385839
1624.106000,0.442616
1624.107000,0.227961
1624.108000,0.126567
1624.109000,0.088508
1624.110000,0.055715
1624.111000,-0.008384
1624.112000,-0.077640
1624.113000,-0.008588
1624.114000,-0.061434
1624.115000,-0.122276
1624.116000,-0.027115
1624.117000,-0.060553
1624.118000,0.077456
1624.119000,0.168812
1624.120000,0.284983
1624.121000,0.129274
1624.122000,0.380999
1624.123000,0.512625
1624.124000,0.736523
1624.125000,0.655409
1624.126000,0.601771
1624.127000,0.472213
1624.128000,0.378954
1624.129000,0.352315
1624.130000,0.274808
1624.131000,0.322265
1624.132000,0.458644
1624.133000,0.327371
1624.134000,0.336795
1624.135000,0.194723
1624.136000,0.340967
1624.137000,0.327041
1624.138000,0.225009
1624.139000,0.310482
1624.140000,0.426385
1624.141000,0.300061
1624.142000,0.331594
1624.143000,0.341641
1624.144000,0.291722
1624.145000,0.493329
1624.146000,0.448000
1624.147000,0.347410
1624.148000,0.316360
1624.149000,0.214266
1624.150000,0.163310
1624.151000,0.147319
1624.152000,0.393004
1624.153000,0.212612
1624.154000,0.253766
1624.155000,0.165809
1624.156000,0.223092
1624.157000,0.100177
1624.158000,0.125008
1624.159000,-0.009304
1624.160000,0.172456
1624.161000,0.161375
1624.162000,0.158045
1624.163000,0.237391
1624.164000,0.305552
1624.165000,0.101287
1624.166000,0.144200
1624.167000,0.299841
1624.168000,0.354826
1624.169000,0.359419
1624.170000,0.371970
1624.171000,0.407431
1624.172000,0.338662
1624.173000,0.179721
1624.174000,0.153883
1624.175000,0.235434
1624.176000,0.299971
1624.177000,0.302306
1624.178000,0.308301
1624.179000,0.385448
1624.180000,0.495244
1624.181000,0.518124
1624.182000,0.482436
1624.183000,0.302849
1624.184000,0.417438
1624.185000,0.433285
1624.186000,0.450635
1624.187000,0.511895
1624.188000,0.392171
1624.189000,0.478253
1624.190000,0.724407
1624.191000,0.689912
1624.192000,0.556139
1624.193000,0.488571
1624.194000,0.512323
1624.195000,0.568889
1624.196000,0.503699
1624.197000,0.514226
1624.198000,0.591239
1624.199000,0.695055
1624.200000,0.797310
1624.201000,0.671475
1624.202000,0.644474
1624.203000,0.494991
1624.204000,0.382801
1624.205000,0.335423
1624.206000,0.429868
1624.207000,0.386777
1624.208000,0.436857
1624.209000,0.321864
1624.210000,0.118624
1624.211000,0.097095
1624.212000,0.011847
1624.213000,-0.020510
1624.214000,-0.194013
1624.215000,-0.334868
1624.216000,-0.382121
1624.217000,-0.248570
1624.218000,-0.280043
1624.219000,-0.428389
1624.220000,-0.440064
1624.221000,-0.515150
1624.222000,-0.487751
1624.223000,-0.412304
1624.224000,-0.326513
1624.225000,-0.553914
1624.226000,-0.457379
1624.227000,-0.657519
1624.228000,-0.534607
1624.229000,-0.431139
1624.230000,-0.411474
1624.231000,-0.430878
1624.232000,-0.383553
1624.233000,-0.407228
1624.234000,-0.400439
1624.235000,-0.475506
1624.236000,-0.613414
1624.237000,-0.622561
1624.238000,-0.536047
1624.239000,-0.566137
1624.240000,-0.639126
1624.241000,-0.606124
1624.242000,-0.663514
1624.243000,-0.519063
1624.244000,-0.622932
1624.245000,-0.712246
1624.246000,-0.583595
1624.247000,-0.629084
1624.248000,-0.492761
1624.249000,-0.405833
1624.250000,-0.312349
1624.251000,-0.454256
1624.252000,-0.405608
1624.253000,-0.338951
1624.254000,-0.405857
1624.255000,-0.235530
1624.256000,-0.228060
1624.257000,-0.308278
1624.258000,-0.377375
1624.259000,-0.330052
1624.260000,-0.435779
1624.261000,-0.427188
1624.262000,-0.325211
1624.263000,-0.192891
1624.264000,-0.141236
1624.265000,-0.161096
1624.266000,-0.128779
1624.267000,-0.056463
1624.268000,0.037378
1624.269000,-0.025738
1624.270000,-0.019012
1624.271000,-0.054604
1624.272000,-0.239005
1624.273000,-0.162391
1624.274000,0.038035
1624.275000,-0.114451
1624.276000,-0.137916
1624.277000,-0.061513
1624.278000,0.041981
1624.279000,0.241010
1624.280000,0.240058
1624.281000,0.114076
1624.282000,0.088269
1624.283000,0.198389
1624.284000,0.360312
1624.285000,0.163830
1624.286000,0.189742
1624.287000,0.275867
1624.288000,-0.003140
1624.289000,-0.036525
1624.290000,0.159776
1624.291000,0.185292
1624.292000,0.109983
1624.293000,0.165266
1624.294000,0.158952
1624.295000,0.442187
1624.296000,0.645548
1624.297000,0.699220
1624.298000,0.813290
1624.299000,0.807656
1624.300000,0.794055
1624.301000,0.907969
1624.302000,0.813325
1624.303000,0.922848
1624.304000,0.767201
1624.305000,0.699472
1624.306000,0.626812
1624.307000,0.609681
1624.308000,0.653524
1624.309000,0.749009
1624.310000,0.735000
1624.311000,0.777941
1624.312000,0.730443
1624.313000,0.783440
1624.314000,0.699489
1624.315000,0.689879
1624.316000,0.557529
1624.317000,0.501919
1624.318000,0.350569
1624.319000,0.344870
1624.320000,0.241131
1624.321000,0.406691
1624.322000,0.488593
1624.323000,0.548244
1624.324000,0.541213
1624.325000,0.345862
1624.326000,0.361122
1624.327000,0.255785
1624.328000,0.110850
1624.329000,-0.020455
1624.330000,-0.030292
1624.331000,0.110335
1624.332000,0.142105
1624.333000,0.162476
1624.334000,0.061192
1624.335000,0.024153
1624.336000,-0.026604
1624.337000,0.017957
1624.338000,-0.073661
1624.339000,-0.128950
1624.340000,-0.182762
1624.341000,-0.136034
1624.342000,-0.210716
1624.343000,-0.195209
1624.344000,-0.149293
1624.345000,-0.054255
1624.346000,-0.172449
1624.347000,-0.206608
1624.348000,-0.144543
1624.349000,-0.266966
1624.350000,-0.241341
1624.351000,-0.090836
1624.352000,-0.134037
1624.353000,-0.141685
1624.354000,-0.291198
1624.355000,-0.435711
1624.356000,-0.275603
1624.357000,-0.230132
1624.358000,-0.221862
1624.359000,-0.222313
1624.360000,-0.053708
1624.361000,0.013351
1624.362000,-0.046254
1624.363000,-0.021886
1624.364000,-0.243027
1624.365000,-0.282985
1624.366000,-0.182193
1624.367000,-0.092062
1624.368000,-0.177378
1624.369000,-0.249449
1624.370000,-0.088817
1624.371000,-0.100770
1624.372000,-0.210050
1624.373000,-0.288474
1624.374000,-0.296160
1624.375000,-0.296947
1624.376000,-0.429294
1624.377000,-0.358032
1624.378000,-0.406501
1624.379000,-0.409950
1624.380000,-0.347469
1624.381000,-0.379036
1624.382000,-0.179085
1624.383000,-0.270848
1624.384000,-0.350092
1624.385000,-0.368580
1624.386000,-0.213377
1624.387000,-0.358660
1624.388000,-0.400144
1624.389000,-0.398519
1624.390000,-0.357088
1624.391000,-0.375795
1624.392000,-0.430230
1624.393000,-0.526452
1624.394000,-0.516399
1624.395000,-0.537408
1624.396000,-0.403242
1624.397000,-0.574567
1624.398000,-0.589241
1624.399000,-0.756147
1624.400000,-0.822068
1624.401000,-0.869769
1624.402000,-0.774357
1624.403000,-0.850666
1624.404000,-0.742067
1624.405000,-0.671676
1624.406000,-0.615911
1624.407000,-0.611618
1624.408000,-0.667260
1624.409000,-0.556577
1624.410000,-0.288618
1624.411000,-0.275382
1624.412000,-0.396956
1624.413000,-0.372078
1624.414000,-0.279377
1624.415000,-0.224246
1624.416000,-0.206846
1624.417000,-0.213441
1624.418000,-0.181773
1624.419000,0.018914
1624.420000,-0.018478
1624.421000,-0.076851
1624.422000,-0.104716
1624.423000,-0.343145
1624.424000,-0.408587
1624.425000,-0.428473
1624.426000,-0.401461
1624.427000,-0.151702
1624.428000,-0.139888
1624.429000,-0.072437
1624.430000,-0.233390
1624.431000,-0.315239
1624.432000,-0.283408
1624.433000,-0.367119
1624.434000,-0.477661
1624.435000,-0.369545
1624.436000,-0.182836
1624.437000,-0.031785
1624.438000,0.125195
1624.439000,0.150416
1624.440000,-0.003562
1624.441000,0.012921
1624.442000,-0.122631
1624.443000,-0.246594
1624.444000,-0.389413
1624.445000,-0.358273
1624.446000,-0.309271
1624.447000,-0.416385
1624.448000,-0.424608
1624.449000,-0.411880
1624.450000,-0.560181
1624.451000,-0.343605
1624.452000,-0.310611
1624.453000,-0.207469
1624.454000,-0.331571
1624.455000,-0.348072
1624.456000,-0.244696
1624.457000,-0.152318
1624.458000,0.021459
1624.459000,0.106369
1624.460000,0.077826
1624.461000,0.087759
1624.462000,0.131689
1624.463000,-0.011859
1624.464000,-0.055477
1624.465000,0.038982
1624.466000,0.095379
1624.467000,0.107500
1624.468000,0.166230
1624.469000,0.090438
1624.470000,0.296793
1624.471000,0.315477
1624.472000,0.386502
1624.473000,0.421217
1624.474000,0.648651
1624.475000,0.690603
1624.476000,0.517283
1624.477000,0.459054
1624.478000,0.341146
1624.479000,0.271101
1624.480000,0.231401
1624.481000,0.178789
1624.482000,-0.034401
1624.483000,-0.019738
1624.484000,-0.208666
1624.485000,-0.206445
1624.486000,-0.309601
1624.487000,-0.199477
1624.488000,-0.335619
1624.489000,-0.312394
1624.490000,-0.489834
1624.491000,-0.567241
1624.492000,-0.358959
1624.493000,-0.436057
1624.494000,-0.223015
1624.495000,-0.257378
1624.496000,-0.255849
1624.497000,-0.406948
1624.498000,-0.339559
1624.499000,-0.168714
1624.500000,-0.173667
1624.501000,-0.062250
1624.502000,0.043840
1624.503000,0.031211
1624.504000,0.008073
1624.505000,0.053651
1624.506000,0.094376
1624.507000,0.204405
1624.508000,0.145879
1624.509000,0.132197
1624.510000,0.091945
1624.511000,-0.058065
1624.512000,-0.075093
1624.513000,-0.107490
1624.514000,0.014275
1624.515000,0.005753
1624.516000,0.124137
1624.517000,0.116357
1624.518000,0.154755
1624.519000,0.104595
1624.520000,-0.020446
1624.521000,-0.276238
1624.522000,-0.288127
1624.523000,-0.274666
1624.524000,-0.192278
1624.525000,-0.286667
1624.526000,-0.284110
1624.527000,-0.127324
1624.528000,-0.156249
1624.529000,-0.298234
1624.530000,-0.294463
1624.531000,-0.293972
1624.532000,-0.128075
1624.533000,-0.156395
1624.534000,-0.211712
1624.535000,-0.324386
1624.536000,-0.324362
1624.537000,-0.571776
1624.538000,-0.475603
1624.539000,-0.383895
1624.540000,-0.125872
1624.541000,-0.198173
1624.542000,-0.292618
1624.543000,-0.444033
1624.544000,-0.392598
1624.545000,-0.319602
1624.546000,-0.383315
1624.547000,-0.461946
1624.548000,-0.484869
1624.549000,-0.410437
1624.550000,-0.496517
1624.551000,-0.661551
1624.552000,-0.511561
1624.553000,-0.597942
1624.554000,-0.839348
1624.555000,-0.821325
1624.556000,-0.895094
1624.557000,-0.768914
1624.558000,-0.720228
1624.559000,-0.730713
1624.560000,-0.587068
1624.561000,-0.541958
1624.562000,-0.639177
1624.563000,-0.652436
1624.564000,-0.706387
1624.565000,-0.796428
1624.566000,-0.654838
1624.567000,-0.690758
1624.568000,-0.612786
1624.569000,-0.478458
1624.570000,-0.459718
1624.571000,-0.363484
1624.572000,-0.283068
1624.573000,-0.282716
1624.574000,-0.341788
1624.575000,-0.208593
1624.576000,-0.241614
1624.577000,-0.329660
1624.578000,-0.269119
1624.579000,-0.311296
1624.580000,-0.219427
1624.581000,-0.040054
1624.582000,0.142074
1624.583000,0.138945
1624.584000,0.085397
1624.585000,-0.021661
1624.586000,0.075111
1624.587000,-0.122346
1624.588000,0.136588
1624.589000,0.316205
1624.590000,0.357502
1624.591000,0.549080
1624.592000,0.497193
1624.593000,0.472166
1624.594000,0.576972
1624.595000,0.568165
1624.596000,0.533798
1624.597000,0.524516
1624.598000,0.639165
1624.599000,0.511490
1624.600000,0.526351
1624.601000,0.630974
1624.602000,0.770691
1624.603000,0.751987
1624.604000,0.727926
1624.605000,0.474352
1624.606000,0.413433
1624.607000,0.409335
1624.608000,0.318275
1624.609000,0.139990
1624.610000,0.124082
1624.611000,0.102296
1624.612000,0.033524
1624.613000,-0.000373
1624.614000,-0.027240
1624.615000,-0.082073
1624.616000,0.122546
1624.617000,-0.094277
1624.618000,-0.011891
1624.619000,-0.202011
1624.620000,-0.142200
1624.621000,-0.332456
1624.622000,-0.305575
1624.623000,-0.232174
1624.624000,-0.135923
1624.625000,-0.345052
1624.626000,-0.424685
1624.627000,-0.313606
1624.628000,-0.256704
1624.629000,-0.290122
1624.630000,-0.131583
1624.631000,-0.160158
1624.632000,-0.117990
1624.633000,-0.129700
1624.634000,-0.026397
1624.635000,0.015534
1624.636000,0.137332
1624.637000,0.132846
1624.638000,0.115973
1624.639000,0.111284
1624.640000,0.250979
1624.641000,0.384421
1624.642000,0.224046
1624.643000,0.267154
1624.644000,0.292658
1624.645000,0.415170
1624.646000,0.626676
1624.647000,0.430885
1624.648000,0.346005
1624.649000,0.219535
1624.650000,0.150818
1624.651000,0.145310
1624.652000,0.180096
1624.653000,0.142942
1624.654000,0.246051
1624.655000,0.228794
1624.656000,0.112160
1624.657000,0.125718
1624.658000,0.159829
1624.659000,0.178845
1624.660000,0.315601
1624.661000,0.351534
1624.662000,0.257423
1624.663000,0.248018
1624.664000,0.182138
1624.665000,0.223174
1624.666000,0.186666
1624.667000,0.125745
1624.668000,-0.009387
1624.669000,0.073853
1624.670000,0.205012
1624.671000,0.218107
1624.672000,0.276928
1624.673000,0.287202
1624.674000,0.253869
1624.675000,0.353852
1624.676000,0.306181
1624.677000,0.190541
1624.678000,0.311642
1624.679000,0.242731
1624.680000,0.123749
1624.681000,0.075010
1624.682000,-0.057946
1624.683000,-0.132104
1624.684000,-0.007606
1624.685000,0.156608
1624.686000,0.028355
1624.687000,-0.028721
1624.688000,-0.214508
1624.689000,-0.189402
1624.690000,-0.113841
1624.691000,-0.058580
1624.692000,0.024980
1624.693000,0.056615
1624.694000,0.003073
1624.695000,0.016224
1624.696000,0.091047
1624.697000,0.021771
1624.698000,-0.016112
1624.699000,0.017670
1624.700000,0.075399
1624.701000,0.126803
1624.702000,0.100685
1624.703000,0.234788
1624.704000,0.266074
1624.705000,0.176243
1624.706000,0.096586
1624.707000,0.227094
1624.708000,0.192549
1624.709000,0.165347
1624.710000,0.075047
1624.711000,0.093179
1624.712000,0.157096
1624.713000,0.041412
1624.714000,0.091769
1624.715000,-0.025569
1624.716000,0.023771
1624.717000,0.052254
1624.718000,0.192492
1624.719000,0.069677
1624.720000,0.068341
1624.721000,0.093246
1624.722000,-0.121101
1624.723000,-0.162937
1624.724000,-0.377837
1624.725000,-0.392390
1624.726000,-0.465179
1624.727000,-0.527199
1624.728000,-0.233810
1624.729000,-0.253865
1624.730000,-0.293287
1624.731000,-0.142285
1624.732000,0.010065
1624.733000,-0.062766
1624.734000,-0.082602
1624.735000,-0.122356
1624.736000,-0.130553
1624.737000,-0.069074
1624.738000,-0.091791
1624.739000,-0.045982
1624.740000,0.235587
1624.741000,0.153923
1624.742000,0.149052
1624.743000,0.042800
1624.744000,-0.045266
1624.745000,0.001467
1624.746000,-0.103396
1624.747000,-0.098815
1624.748000,-0.134366
1624.749000,-0.089057
1624.750000,-0.141295
1624.751000,-0.001269
1624.752000,-0.073930
1624.753000,-0.001094
1624.754000,-0.071824
1624.755000,-0.070621
1624.756000,0.030078
1624.757000,-0.016204
1624.758000,0.036735
1624.759000,-0.080481
1624.760000,-0.041949
1624.761000,0.060028
1624.762000,0.015059
1624.763000,0.074798
1624.764000,0.007793
1624.765000,-0.023788
1624.766000,0.074779
1624.767000,0.130802
1624.768000,0.071414
1624.769000,0.047498
1624.770000,-0.109695
1624.771000,-0.014408
1624.772000,0.216997
1624.773000,0.110893
1624.774000,0.302147
1624.775000,0.211406
1624.776000,0.333329
1624.777000,0.381574
1624.778000,0.435456
1624.779000,0.496098
1624.780000,0.543241
1624.781000,0.471150
1624.782000,0.495558
1624.783000,0.357360
1624.784000,0.347325
1624.785000,0.491059
1624.786000,0.655520
1624.787000,0.419997
1624.788000,0.551740
1624.789000,0.551955
1624.790000,0.485930
1624.791000,0.374433
1624.792000,0.508154
1624.793000,0.556742
1624.794000,0.531946
1624.795000,0.388796
1624.796000,0.253555
1624.797000,0.177642
1624.798000,0.196837
1624.799000,0.122601
1624.800000,0.233595
1624.801000,0.137781
1624.802000,0.083335
1624.803000,0.027725
1624.804000,-0.088459
1624.805000,0.010964
1624.806000,-0.089048
1624.807000,-0.044809
1624.808000,0.038215
1624.809000,0.164736
1624.810000,-0.012563
1624.811000,0.090651
1624.812000,0.227003
1624.813000,0.247835
1624.814000,0.203361
1624.815000,0.242844
1624.816000,0.031671
1624.817000,0.081871
1624.818000,0.112006
1624.819000,0.291901
1624.820000,0.405542
1624.821000,0.441080
1624.822000,0.554546
1624.823000,0.597516
1624.824000,0.511609
1624.825000,0.345193
1624.826000,0.313690
1624.827000,0.101096
1624.828000,0.076734
1624.829000,0.155947
1624.830000,-0.028854
1624.831000,-0.065293
1624.832000,0.047404
1624.833000,-0.044668
1624.834000,-0.011618
1624.835000,-0.037215
1624.836000,-0.186763
1624.837000,-0.095259
1624.838000,-0.002479
1624.839000,0.039286
1624.840000,0.092874
1624.841000,0.188054
1624.842000,0.249464
1624.843000,0.238108
1624.844000,0.165183
1624.845000,0.152877
1624.846000,0.185426
1624.847000,0.200507
1624.848000,0.098774
1624.849000,0.261541
1624.850000,0.515653
1624.851000,0.544903
1624.852000,0.485863
1624.853000,0.457267
1624.854000,0.406334
1624.855000,0.291897
1624.856000,0.317855
1624.857000,0.084912
1624.858000,-0.209910
1624.859000,-0.186435
1624.860000,-0.302000
1624.861000,-0.328872
1624.862000,-0.339892
1624.863000,-0.345019
1624.864000,-0.254074
1624.865000,-0.357620
1624.866000,-0.240055
1624.867000,-0.192879
1624.868000,-0.286905
1624.869000,-0.291170
1624.870000,-0.323595
1624.871000,-0.434143
1624.872000,-0.412373
1624.873000,-0.338788
1624.874000,-0.411679
1624.875000,-0.430632
1624.876000,-0.292304
1624.877000,-0.128433
1624.878000,-0.099757
1624.879000,-0.199138
1624.880000,-0.345501
1624.881000,-0.138375
1624.882000,0.024808
1624.883000,-0.144512
1624.884000,-0.243049
1624.885000,-0.181632
1624.886000,-0.283369
1624.887000,-0.290675
1624.888000,-0.338797
1624.889000,-0.124307
1624.890000,-0.065509
1624.891000,-0.043564
1624.892000,-0.202998
1624.893000,-0.219428
1624.894000,-0.389354
1624.895000,-0.339162
1624.896000,-0.326670
1624.897000,-0.372376
1624.898000,-0.423470
1624.899000,-0.356456
1624.900000,-0.168961
1624.901000,-0.082307
1624.902000,0.032622
1624.903000,0.024584
1624.904000,-0.068475
1624.905000,-0.221558
1624.906000,-0.245024
1624.907000,-0.281320
1624.908000,-0.176733
1624.909000,-0.188155
1624.910000,0.018242
1624.911000,-0.058933
1624.912000,-0.204805
1624.913000,-0.321819
1624.914000,-0.279988
1624.915000,-0.253417
1624.916000,-0.225183
1624.917000,-0.280299
1624.918000,-0.301405
1624.919000,-0.395056
1624.920000,-0.359847
1624.921000,-0.357595
1624.922000,-0.365673
1624.923000,-0.260501
1624.924000,-0.332797
1624.925000,-0.446953
1624.926000,-0.267091
1624.927000,-0.195270
1624.928000,-0.250482
1624.929000,-0.096105
1624.930000,-0.120760
1624.931000,-0.133118
1624.932000,-0.240505
1624.933000,-0.193739
1624.934000,-0.174675
1624.935000,-0.076476
1624.936000,-0.184226
1624.937000,-0.107664
1624.938000,-0.071296
1624.939000,0.195610
1624.940000,0.142675
1624.941000,0.002116
1624.942000,-0.206289
1624.943000,-0.326595
1624.944000,-0.459932
1624.945000,-0.538316
1624.946000,-0.554823
1624.947000,-0.408717
1624.948000,-0.403366
1624.949000,-0.359384
1624.950000,-0.395225
1624.951000,-0.384583
1624.952000,-0.221706
1624.953000,-0.185702
1624.954000,-0.127461
1624.955000,0.032186
1624.956000,-0.047493
1624.957000,-0.062276
1624.958000,-0.005376
1624.959000,0.006220
1624.960000,0.140880
1624.961000,0.145810
1624.962000,0.250170
1624.963000,0.282651
1624.964000,0.290143
1624.965000,0.262578
1624.966000,0.139138
1624.967000,0.167110
1624.968000,0.300608
1624.969000,0.293400
1624.970000,0.215440
1624.971000,0.134359
1624.972000,-0.029407
1624.973000,-0.086329
1624.974000,-0.241334
1624.975000,-0.254986
1624.976000,-0.174000
1624.977000,-0.274861
1624.978000,-0.220932
1624.979000,-0.298591
1624.980000,-0.405368
1624.981000,-0.286775
1624.982000,-0.261363
1624.983000,-0.134432
1624.984000,-0.156838
1624.985000,-0.115173
1624.986000,-0.179928
1624.987000,-0.138852
1624.988000,0.001573
1624.989000,-0.024625
1624.990000,0.063139
1624.991000,0.116857
1624.992000,0.036671
1624.993000,0.035596
1624.994000,0.170547
1624.995000,-0.013197
1624.996000,-0.008054
1624.997000,-0.047962
1624.998000,-0.003280
1624.999000,0.016953
1625.000000,0.243186
1625.001000,0.408901
1625.002000,0.512329
1625.003000,0.641345
1625.004000,0.628523
1625.005000,0.545527
1625.006000,0.297265
1625.007000,0.362572
1625.008000,0.354684
1625.009000,0.197714
1625.010000,0.352016
1625.011000,0.231071
1625.012000,0.197684
1625.013000,0.266730
1625.014000,0.276724
1625.015000,0.341206
1625.016000,0.469105
1625.017000,0.442082
1625.018000,0.466131
1625.019000,0.692544
1625.020000,0.790564
1625.021000,0.822350
1625.022000,1.008874
1625.023000,0.996235
1625.024000,0.842401
1625.025000,0.847877
1625.026000,0.856981
1625.027000,1.044393
1625.028000,0.982779
1625.029000,1.058310
1625.030000,1.062802
1625.031000,0.975334
1625.032000,1.048827
1625.033000,1.051513
1625.034000,1.087548
1625.035000,0.912017
1625.036000,0.837093
1625.037000,0.890667
1625.038000,0.745253
1625.039000,0.670905
1625.040000,0.503793
1625.041000,0.469230
1625.042000,0.402939
1625.043000,0.434952
1625.044000,0.225875
1625.045000,0.264547
1625.046000,0.222231
1625.047000,0.325963
1625.048000,0.199325
1625.049000,0.250951
1625.050000,0.233779
1625.051000,0.116315
1625.052000,-0.024672
1625.053000,0.008625
1625.054000,-0.129365
1625.055000,-0.050920
1625.056000,0.046160
1625.057000,0.311528
1625.058000,0.418028
1625.059000,0.318431
1625.060000,0.364671
1625.061000,0.515092
1625.062000,0.536549
1625.063000,0.685612
1625.064000,0.710902
1625.065000,0.821625
1625.066000,0.918773
1625.067000,0.823815
1625.068000,0.601995
1625.069000,0.673321
1625.070000,0.585265
1625.071000,0.463535
1625.072000,0.312669
1625.073000,0.202229
1625.074000,0.097740
1625.075000,-0.050677
1625.076000,-0.209511
1625.077000,-0.260310
1625.078000,-0.083466
1625.079000,0.131087
1625.080000,0.139232
1625.081000,0.272235
1625.082000,0.234243
1625.083000,0.089587
1625.084000,0.177626
1625.085000,0.159128
1625.086000,0.151546
1625.087000,-0.017283
1625.088000,-0.148071
1625.089000,-0.177431
1625.090000,-0.236818
1625.091000,-0.180291
1625.092000,0.095479
1625.093000,0.060201
1625.094000,0.041992
1625.095000,0.012122
1625.096000,-0.143207
1625.097000,-0.289582
1625.098000,-0.425257
1625.099000,-0.503102
1625.100000,-0.352000
1625.101000,-0.555185
1625.102000,-0.482512
1625.103000,-0.340736
1625.104000,-0.277751
1625.105000,-0.316528
1625.106000,-0.252687
1625.107000,-0.278127
1625.108000,-0.366277
1625.109000,-0.311883
1625.110000,-0.403910
1625.111000,-0.378852
1625.112000,-0.512872
1625.113000,-0.464892
1625.114000,-0.651164
1625.115000,-0.783665
1625.116000,-0.914292
1625.117000,-1.020462
1625.118000,-1.095786
1625.119000,-1.135198
1625.120000,-1.155043
1625.121000,-1.070490
1625.122000,-1.041566
1625.123000,-0.970378
1625.124000,-0.957567
1625.125000,-0.827006
1625.126000,-0.756539
1625.127000,-0.793604
1625.128000,-0.789750
1625.129000,-0.722047
1625.130000,-0.570842
1625.131000,-0.613478
1625.132000,-0.611480
1625.133000,-0.675648
1625.134000,-0.791060
1625.135000,-0.840450
1625.136000,-0.817223
1625.137000,-0.824901
1625.138000,-0.698211
1625.139000,-0.701362
1625.140000,-0.587766
1625.141000,-0.556664
1625.142000,-0.544342
1625.143000,-0.408748
1625.144000,-0.350024
1625.145000,-0.373106
1625.146000,-0.331880
1625.147000,-0.457379
1625.148000,-0.506808
1625.149000,-0.509223
1625.150000,-0.333942
1625.151000,-0.380830
1625.152000,-0.357861
1625.153000,-0.112020
1625.154000,-0.100974
1625.155000,-0.095542
1625.156000,-0.206345
1625.157000,-0.084852
1625.158000,-0.062312
1625.159000,-0.097480
1625.160000,-0.073389
1625.161000,-0.054567
1625.162000,-0.045166
1625.163000,-0.036172
1625.164000,-0.139984
1625.165000,-0.328679
1625.166000,-0.325292
1625.167000,-0.189579
1625.168000,-0.223129
1625.169000,-0.282261
1625.170000,-0.361627
1625.171000,-0.253283
1625.172000,-0.227936
1625.173000,-0.195171
1625.174000,-0.038105
1625.175000,0.132844
1625.176000,0.221048
1625.177000,0.257532
1625.178000,0.184592
1625.179000,0.243426
1625.180000,0.242576
1625.181000,0.220594
1625.182000,0.237069
1625.183000,0.125422
1625.184000,0.193388
1625.185000,0.141023
1625.186000,0.145249
1625.187000,0.187474
1625.188000,0.316170
1625.189000,0.423887
1625.190000,0.365612
1625.191000,0.372472
1625.192000,0.283188
1625.193000,0.278854
1625.194000,0.131713
1625.195000,0.175664
1625.196000,0.280081
1625.197000,0.312856
1625.198000,0.485287
1625.199000,0.490617
1625.200000,0.307236
1625.201000,0.249445
1625.202000,0.176387
1625.203000,0.018913
1625.204000,0.298535
1625.205000,0.475533
1625.206000,0.348920
1625.207000,0.400718
1625.208000,0.313298
1625.209000,0.180086
1625.210000,0.333013
1625.211000,0.436784
1625.212000,0.273079
1625.213000,0.288667
1625.214000,0.382865
1625.215000,0.354527
1625.216000,0.432344
1625.217000,0.400859
1625.218000,0.570934
1625.219000,0.554922
1625.220000,0.653433
1625.221000,0.425079
1625.222000,0.523955
1625.223000,0.612411
1625.224000,0.487792
1625.225000,0.336483
1625.226000,0.187607
1625.227000,0.150777
1625.228000,0.093370
1625.229000,-0.077557
1625.230000,0.041596
1625.231000,-0.043198
1625.232000,-0.026791
1625.233000,0.004822
1625.234000,-0.095286
1625.235000,0.019698
1625.236000,0.057274
1625.237000,-0.042894
1625.238000,0.007593
1625.239000,-0.097385
1625.240000,0.070914
1625.241000,0.170403
1625.242000,0.224842
1625.243000,0.244361
1625.244000,0.197139
1625.245000,0.220785
1625.246000,0.212744
1625.247000,0.191878
1625.248000,0.213286
1625.249000,0.319514
1625.250000,0.429713
1625.251000,0.519411
1625.252000,0.557991
1625.253000,0.633627
1625.254000,0.546468
1625.255000,0.449456
1625.256000,0.547220
1625.257000,0.470003
1625.258000,0.293092
1625.259000,0.350641
1625.260000,0.251837
1625.261000,0.229779
1625.262000,0.178455
1625.263000,0.094514
1625.264000,0.210790
1625.265000,0.077600
1625.266000,0.188359
1625.267000,0.246179
1625.268000,0.237982
1625.269000,0.256977
1625.270000,0.203933
1625.271000,0.083625
1625.272000,0.048253
1625.273000,0.099864
1625.274000,0.106460
1625.275000,0.015966
1625.276000,0.017505
1625.277000,0.133216
1625.278000,0.242330
1625.279000,0.188587
1625.280000,0.288787
1625.281000,0.449096
1625.282000,0.361350
1625.283000,0.388711
1625.284000,0.502919
1625.285000,0.446301
1625.286000,0.240200
1625.287000,0.318886
1625.288000,0.160929
1625.289000,0.349747
1625.290000,0.447255
1625.291000,0.401752
1625.292000,0.314773
1625.293000,0.434380
1625.294000,0.225924
1625.295000,0.359836
1625.296000,0.354031
1625.297000,0.265764
1625.298000,0.239904
1625.299000,0.210088
1625.300000,0.254318
1625.301000,0.352023
1625.302000,0.409909
1625.303000,0.448583
1625.304000,0.601086
1625.305000,0.578148
1625.306000,0.622093
1625.307000,0.482853
1625.308000,0.484008
1625.309000,0.597618
1625.310000,0.662782
1625.311000,0.549872
1625.312000,0.486724
1625.313000,0.619594
1625.314000,0.712739
1625.315000,0.510929
1625.316000,0.554122
1625.317000,0.702210
1625.318000,0.681738
1625.319000,0.569421
1625.320000,0.675197
1625.321000,0.652082
1625.322000,0.695943
1625.323000,0.720166
1625.324000,0.785882
1625.325000,0.717518
1625.326000,0.563883
1625.327000,0.666639
1625.328000,0.633564
1625.329000,0.422622
1625.330000,0.269027
1625.331000,0.190148
1625.332000,0.277092
1625.333000,0.183438
1625.334000,0.184588
1625.335000,0.090334
1625.336000,-0.018801
1625.337000,-0.015011
1625.338000,0.099037
1625.339000,-0.015711
1625.340000,0.067155
1625.341000,0.026766
1625.342000,-0.038381
1625.343000,-0.098635
1625.344000,-0.201608
1625.345000,-0.154345
1625.346000,-0.159946
1625.347000,-0.244518
1625.348000,-0.345831
1625.349000,-0.163266
1625.350000,-0.178410
1625.351000,-0.128801
1625.352000,-0.202247
1625.353000,-0.114125
1625.354000,0.119030
1625.355000,0.222286
1625.356000,0.072386
1625.357000,-0.047398
1625.358000,-0.195817
1625.359000,-0.266933
1625.360000,-0.203240
1625.361000,-0.186836
1625.362000,0.024880
1625.363000,-0.062142
1625.364000,-0.004266
1625.365000,0.225302
1625.366000,-0.040560
1625.367000,-0.043649
1625.368000,-0.145290
1625.369000,-0.352161
1625.370000,-0.339793
1625.371000,-0.465079
1625.372000,-0.549862
1625.373000,-0.478739
1625.374000,-0.607941
1625.375000,-0.585039
1625.376000,-0.721295
1625.377000,-0.674411
1625.378000,-0.735290
1625.379000,-0.819260
1625.380000,-0.803516
1625.381000,-0.695898
1625.382000,-0.651771
1625.383000,-0.660740
1625.384000,-0.759235
1625.385000,-0.730785
1625.386000,-0.750951
1625.387000,-0.761984
1625.388000,-0.771063
1625.389000,-0.796164
1625.390000,-0.821034
1625.391000,-0.874679
1625.392000,-0.947631
1625.393000,-1.053569
1625.394000,-1.025638
1625.395000,-1.014255
1625.396000,-0.924839
1625.397000,-0.807609
1625.398000,-0.619505
1625.399000,-0.512029
1625.400000,-0.593478
1625.401000,-0.483025
1625.402000,-0.472385
1625.403000,-0.353401
1625.404000,-0.344375
1625.405000,-0.338083
1625.406000,-0.296291
1625.407000,-0.486775
1625.408000,-0.546652
1625.409000,-0.489965
1625.410000,-0.436558
1625.411000,-0.333859
1625.412000,-0.257038
1625.413000,-0.228830
1625.414000,-0.160247
1625.415000,-0.125354
1625.416000,-0.121323
1625.417000,-0.039832
1625.418000,-0.097057
1625.419000,-0.003377
1625.420000,-0.111073
1625.421000,-0.000145
1625.422000,0.140595
1625.423000,0.191088
1625.424000,0.162719
1625.425000,0.187424
1625.426000,0.320621
1625.427000,0.318414
1625.428000,0.305120
1625.429000,0.260215
1625.430000,0.306447
1625.431000,0.094764
1625.432000,-0.036904
1625.433000,0.048442
1625.434000,0.124496
1625.435000,0.139325
1625.436000,0.177413
1625.437000,0.156308
1625.438000,0.176662
1625.439000,0.297316
1625.440000,0.174175
1625.441000,0.037351
1625.442000,0.034236
1625.443000,-0.122756
1625.444000,-0.216613
1625.445000,-0.203306
1625.446000,-0.175368
1625.447000,-0.157085
1625.448000,-0.232804
1625.449000,-0.242646
1625.450000,-0.243273
1625.451000,-0.129482
1625.452000,-0.269661
1625.453000,-0.046338
1625.454000,-0.064446
1625.455000,0.046616
1625.456000,0.015697
1625.457000,-0.058636
1625.458000,-0.112197
1625.459000,-0.225135
1625.460000,-0.129034
1625.461000,-0.146339
1625.462000,-0.123048
1625.463000,-0.123439
1625.464000,-0.007423
1625.465000,-0.032138
1625.466000,-0.172383
1625.467000,-0.239317
1625.468000,-0.224139
1625.469000,-0.196228
1625.470000,-0.148474
1625.471000,-0.120058
1625.472000,-0.240972
1625.473000,-0.357312
1625.474000,-0.438924
1625.475000,-0.269931
1625.476000,-0.290093
1625.477000,-0.360790
1625.478000,-0.368950
1625.479000,-0.298824
1625.480000,-0.243370
1625.481000,-0.233422
1625.482000,-0.157077
1625.483000,-0.158432
1625.484000,-0.242026
1625.485000,-0.333401
1625.486000,-0.140624
1625.487000,-0.145887
1625.488000,-0.191407
1625.489000,-0.326423
1625.490000,-0.185719
1625.491000,-0.207867
1625.492000,-0.195299
1625.493000,-0.230650
1625.494000,-0.361362
1625.495000,-0.328934
1625.496000,-0.326813
1625.497000,-0.245149
1625.498000,-0.089005
1625.499000,-0.204147
1625.500000,-0.262898
1625.501000,-0.320645
1625.502000,-0.323063
1625.503000,-0.244035
1625.504000,-0.218620
1625.505000,-0.172222
1625.506000,-0.159751
1625.507000,-0.338327
1625.508000,-0.330369
1625.509000,-0.599458
1625.510000,-0.722446
1625.511000,-0.852052
1625.512000,-0.646556
1625.513000,-0.579549
1625.514000,-0.555220
1625.515000,-0.419274
1625.516000,-0.448531
1625.517000,-0.473911
1625.518000,-0.534513
1625.519000,-0.565020
1625.520000,-0.434625
1625.521000,-0.312543
1625.522000,-0.232190
1625.523000,-0.225897
1625.524000,-0.204333
1625.525000,-0.250493
1625.526000,-0.245437
1625.527000,-0.276648
1625.528000,-0.351037
1625.529000,-0.271332
1625.530000,-0.351083
1625.531000,-0.463548
1625.532000,-0.293909
1625.533000,-0.371934
1625.534000,-0.417316
1625.535000,-0.362495
1625.536000,-0.300386
1625.537000,-0.404713
1625.538000,-0.546412
1625.539000,-0.605853
1625.540000,-0.502909
1625.541000,-0.378372
1625.542000,-0.352321
1625.543000,-0.244039
1625.544000,-0.210911
1625.545000,-0.285037
1625.546000,-0.212908
1625.547000,-0.123222
1625.548000,-0.187928
1625.549000,-0.215652
1625.550000,-0.106525
1625.551000,-0.258759
1625.552000,-0.390420
1625.553000,-0.498480
1625.554000,-0.552257
1625.555000,-0.701123
1625.556000,-0.591819
1625.557000,-0.816875
1625.558000,-0.712109
1625.559000,-0.745529
1625.560000,-0.748282
1625.561000,-0.379241
1625.562000,-0.502865
1625.563000,-0.517494
1625.564000,-0.494417
1625.565000,-0.462271
1625.566000,-0.181766
1625.567000,-0.176836
1625.568000,-0.186147
1625.569000,-0.162035
1625.570000,0.076332
1625.571000,0.180856
1625.572000,0.133980
1625.573000,-0.030244
1625.574000,0.115467
1625.575000,-0.046621
1625.576000,-0.218129
1625.577000,-0.269484
1625.578000,-0.090630
1625.579000,0.052591
1625.580000,0.082471
1625.581000,0.126559
1625.582000,0.261706
1625.583000,0.302897
1625.584000,0.172964
1625.585000,0.052398
1625.586000,0.091382
1625.587000,0.039454
1625.588000,0.088788
1625.589000,0.067084
1625.590000,0.171222
1625.591000,0.013243
1625.592000,0.005524
1625.593000,-0.010025
1625.594000,-0.007767
1625.595000,-0.005495
1625.596000,-0.021867
1625.597000,-0.014554
1625.598000,-0.001088
1625.599000,0.072340
1625.600000,0.223458
1625.601000,0.005862
1625.602000,0.049635
1625.603000,0.142713
1625.604000,0.050106
1625.605000,-0.006021
1625.606000,0.123360
1625.607000,0.023172
1625.608000,0.085747
1625.609000,0.141583
1625.610000,-0.057067
1625.611000,-0.032409
1625.612000,-0.037971
1625.613000,0.017788
1625.614000,-0.012469
1625.615000,-0.013064
1625.616000,-0.201844
1625.617000,-0.376839
1625.618000,-0.359559
1625.619000,-0.481817
1625.620000,-0.388605
1625.621000,-0.459705
1625.622000,-0.601399
1625.623000,-0.605768
1625.624000,-0.658825
1625.625000,-0.724214
1625.626000,-0.636733
1625.627000,-0.537983
1625.628000,-0.595549
1625.629000,-0.623944
1625.630000,-0.617362
1625.631000,-0.597329
1625.632000,-0.663219
1625.633000,-0.494618
1625.634000,-0.357040
1625.635000,-0.443912
1625.636000,-0.456346
1625.637000,-0.545509
1625.638000,-0.451434
1625.639000,-0.392715
1625.640000,-0.290760
1625.641000,-0.359376
1625.642000,-0.134490
1625.643000,-0.078062
1625.644000,-0.018993
1625.645000,-0.069745
1625.646000,-0.090099
1625.647000,-0.073363
1625.648000,0.055043
1625.649000,0.221826
1625.650000,0.298563
1625.651000,0.354147
1625.652000,0.297202
1625.653000,0.485993
1625.654000,0.618049
1625.655000,0.550657
1625.656000,0.554634
1625.657000,0.463386
1625.658000,0.372266
1625.659000,0.315318
1625.660000,0.393366
1625.661000,0.327222
1625.662000,0.350286
1625.663000,0.488388
1625.664000,0.437149
1625.665000,0.240629
1625.666000,-0.134555
1625.667000,-0.126974
1625.668000,-0.099174
1625.669000,0.062396
1625.670000,0.169372
1625.671000,0.245087
1625.672000,0.237255
1625.673000,0.136578
1625.674000,0.128886
1625.675000,0.139721
1625.676000,0.239880
1625.677000,0.256173
1625.678000,0.273535
1625.679000,0.419634
1625.680000,0.617145
1625.681000,0.601105
1625.682000,0.567174
1625.683000,0.562170
1625.684000,0.560073
1625.685000,0.566456
1625.686000,0.622380
1625.687000,0.624392
1625.688000,0.664538
1625.689000,0.584944
1625.690000,0.494671
1625.691000,0.450164
1625.692000,0.367491
1625.693000,0.315118
1625.694000,0.318829
1625.695000,0.354518
1625.696000,0.185935
1625.697000,0.249856
1625.698000,0.260469
1625.699000,0.268593
1625.700000,0.423072
1625.701000,0.569599
1625.702000,0.755796
1625.703000,0.706722
1625.704000,0.688606
1625.705000,0.715789
1625.706000,0.598194
1625.707000,0.576765
1625.708000,0.725455
1625.709000,0.624388
1625.710000,0.780868
1625.711000,0.682047
1625.712000,0.584724
1625.713000,0.563423
1625.714000,0.490624
1625.715000,0.512831
1625.716000,0.364841
1625.717000,0.345541
1625.718000,0.495231
1625.719000,0.517847
1625.720000,0.304986
1625.721000,0.327887
1625.722000,0.362028
1625.723000,0.220785
1625.724000,0.221153
1625.725000,0.302450
1625.726000,0.278188
1625.727000,0.400991
1625.728000,0.277598
1625.729000,0.285599
1625.730000,0.293290
1625.731000,0.295541
1625.732000,0.469024
1625.733000,0.463529
1625.734000,0.522328
1625.735000,0.563264
1625.736000,0.510916
1625.737000,0.635943
1625.738000,0.592999
1625.739000,0.673025
1625.740000,0.547067
1625.741000,0.523100
1625.742000,0.378786
1625.743000,0.526662
1625.744000,0.543812
1625.745000,0.727932
1625.746000,0.721572
1625.747000,0.709697
1625.748000,0.696101
1625.749000,0.636461
1625.750000,0.543256
1625.751000,0.431853
1625.752000,0.489297
1625.753000,0.442960
1625.754000,0.396881
1625.755000,0.352661
1625.756000,0.178808
1625.757000,0.249329
1625.758000,0.250134
1625.759000,0.337350
1625.760000,0.275400
1625.761000,0.180041
1625.762000,0.174470
1625.763000,0.216290
1625.764000,0.544233
1625.765000,0.622102
1625.766000,0.427356
1625.767000,0.473578
1625.768000,0.488940
1625.769000,0.517094
1625.770000,0.438487
1625.771000,0.371074
1625.772000,0.438876
1625.773000,0.419620
1625.774000,0.411148
1625.775000,0.406766
1625.776000,0.352765
1625.777000,0.328924
1625.778000,0.413309
1625.779000,0.382687
1625.780000,0.134640
1625.781000,0.120394
1625.782000,0.224128
1625.783000,0.231116
1625.784000,0.338945
1625.785000,0.152898
1625.786000,0.106228
1625.787000,0.028717
1625.788000,-0.220682
1625.789000,-0.059513
1625.790000,-0.048391
1625.791000,0.038575
1625.792000,0.112838
1625.793000,0.151578
1625.794000,0.091601
1625.795000,-0.018397
1625.796000,-0.117747
1625.797000,-0.138941
1625.798000,-0.203771
1625.799000,-0.143732
1625.800000,-0.062847
1625.801000,-0.163391
1625.802000,-0.129437
1625.803000,-0.175947
1625.804000,-0.248440
1625.805000,-0.183508
1625.806000,-0.132658
1625.807000,-0.045747
1625.808000,-0.143595
1625.809000,-0.125087
1625.810000,0.028441
1625.811000,-0.045665
1625.812000,-0.063345
1625.813000,-0.008695
1625.814000,0.027684
1625.815000,0.042447
1625.816000,-0.057333
1625.817000,-0.061651
1625.818000,0.124203
1625.819000,-0.055544
1625.820000,-0.050411
1625.821000,0.031252
1625.822000,0.129342
1625.823000,0.029712
1625.824000,-0.091893
1625.825000,0.014412
1625.826000,-0.050153
1625.827000,-0.171380
1625.828000,-0.157138
1625.829000,-0.292398
1625.830000,-0.058404
1625.831000,-0.010607
1625.832000,0.041215
1625.833000,-0.149683
1625.834000,-0.067066
1625.835000,-0.158441
1625.836000,-0.090906
1625.837000,0.092996
1625.838000,0.097467
1625.839000,-0.034593
1625.840000,-0.119864
1625.841000,-0.201626
1625.842000,0.018553
1625.843000,-0.005758
1625.844000,-0.101382
1625.845000,-0.099152
1625.846000,-0.148054
1625.847000,-0.101530
1625.848000,-0.138945
1625.849000,0.077475
1625.850000,0.066588
1625.851000,0.165188
1625.852000,0.168741
1625.853000,0.015543
1625.854000,0.095026
1625.855000,0.085994
1625.856000,0.019228
1625.857000,-0.000826
1625.858000,-0.057923
1625.859000,-0.149481
1625.860000,0.088016
1625.861000,-0.117710
1625.862000,-0.079958
1625.863000,-0.303940
1625.864000,-0.224953
1625.865000,-0.290937
1625.866000,-0.230260
1625.867000,-0.352291
1625.868000,-0.165485
1625.869000,-0.176358
1625.870000,-0.073727
1625.871000,-0.052648
1625.872000,-0.121900
1625.873000,-0.131980
1625.874000,-0.229297
1625.875000,-0.239652
1625.876000,-0.376277
1625.877000,-0.314805
1625.878000,-0.353042
1625.879000,-0.394001
1625.880000,-0.494576
1625.881000,-0.546708
1625.882000,-0.413918
1625.883000,-0.468187
1625.884000,-0.528582
1625.885000,-0.503601
1625.886000,-0.429722
1625.887000,-0.092749
1625.888000,0.006142
1625.889000,-0.024122
1625.890000,0.082255
1625.891000,0.021290
1625.892000,-0.141995
1625.893000,-0.240254
1625.894000,-0.117995
1625.895000,-0.136373
1625.896000,-0.129559
1625.897000,-0.179307
1625.898000,-0.020760
1625.899000,-0.014038
1625.900000,-0.007067
1625.901000,0.238164
1625.902000,0.207983
1625.903000,0.161035
1625.904000,0.239422
1625.905000,0.109268
1625.906000,0.089282
1625.907000,0.142235
1625.908000,0.252280
1625.909000,0.361648
1625.910000,0.192184
1625.911000,0.302033
1625.912000,0.440524
1625.913000,0.317267
1625.914000,0.094560
1625.915000,-0.084830
1625.916000,-0.210533
1625.917000,-0.190927
1625.918000,-0.112433
1625.919000,0.131160
1625.920000,0.280190
1625.921000,0.208699
1625.922000,0.056131
1625.923000,0.050025
1625.924000,0.142404
1625.925000,-0.000945
1625.926000,0.020481
1625.927000,-0.079743
1625.928000,-0.033895
1625.929000,-0.266880
1625.930000,-0.192849
1625.931000,-0.172556
1625.932000,-0.175463
1625.933000,-0.265222
1625.934000,-0.300763
1625.935000,-0.147772
1625.936000,-0.259577
1625.937000,-0.300742
1625.938000,-0.255801
1625.939000,-0.368860
1625.940000,-0.307552
1625.941000,-0.288961
1625.942000,-0.124395
1625.943000,-0.201196
1625.944000,-0.290048
1625.945000,-0.208747
1625.946000,-0.270498
1625.947000,-0.316760
1625.948000,-0.140091
1625.949000,-0.171750
1625.950000,-0.052848
1625.951000,0.013211
1625.952000,0.080000
1625.953000,0.056551
1625.954000,0.016224
1625.955000,0.002551
1625.956000,0.044782
1625.957000,0.133687
1625.958000,0.245800
1625.959000,0.204721
1625.960000,0.133035
1625.961000,0.189682
1625.962000,0.303191
1625.963000,0.457261
1625.964000,0.414085
1625.965000,0.383134
1625.966000,0.527197
1625.967000,0.493773
1625.968000,0.485317
1625.969000,0.551472
1625.970000,0.623998
1625.971000,0.505013
1625.972000,0.331781
1625.973000,0.234869
1625.974000,0.149469
1625.975000,0.141437
1625.976000,0.259124
1625.977000,0.254289
1625.978000,0.292576
1625.979000,0.196396
1625.980000,0.120158
1625.981000,0.037947
1625.982000,0.114481
1625.983000,0.081681
1625.984000,0.153311
1625.985000,0.258101
1625.986000,0.203100
1625.987000,0.136242
1625.988000,0.026646
1625.989000,-0.032133
1625.990000,-0.195921
1625.991000,-0.174428
1625.992000,-0.047351
1625.993000,-0.218804
1625.994000,-0.438978
1625.995000,-0.372462
1625.996000,-0.434108
1625.997000,-0.355585
1625.998000,-0.362154
1625.999000,-0.521763
1626.000000,-0.494115
1626.001000,-0.506236
1626.002000,-0.562089
1626.003000,-0.560763
1626.004000,-0.460356
1626.005000,-0.368447
1626.006000,-0.388325
1626.007000,-0.434874
1626.008000,-0.517216
1626.009000,-0.411883
1626.010000,-0.456481
1626.011000,-0.730497
1626.012000,-0.773882
1626.013000,-0.765808
1626.014000,-0.765466
1626.015000,-0.753016
1626.016000,-0.569024
1626.017000,-0.673183
1626.018000,-0.744442
1626.019000,-0.802928
1626.020000,-0.819970
1626.021000,-0.791225
1626.022000,-0.854893
1626.023000,-0.954443
1626.024000,-0.903768
1626.025000,-0.758834
1626.026000,-0.857249
1626.027000,-1.006622
1626.028000,-0.985730
1626.029000,-1.055836
1626.030000,-0.969532
1626.031000,-1.164730
1626.032000,-1.293196
1626.033000,-1.242166
1626.034000,-1.034069
1626.035000,-1.119308
1626.036000,-1.110918
1626.037000,-0.981304
1626.038000,-1.049288
1626.039000,-1.131494
1626.040000,-1.092704
1626.041000,-1.079258
1626.042000,-0.887635
1626.043000,-0.919300
1626.044000,-0.919062
1626.045000,-0.792756
1626.046000,-0.734639
1626.047000,-0.623123
1626.048000,-0.632132
1626.049000,-0.611855
1626.050000,-0.605833
1626.051000,-0.521080
1626.052000,-0.355058
1626.053000,-0.335828
1626.054000,-0.274985
1626.055000,-0.407008
1626.056000,-0.345020
1626.057000,-0.286534
1626.058000,-0.316499
1626.059000,-0.359287
1626.060000,-0.233966
1626.061000,-0.187467
1626.062000,-0.298190
1626.063000,-0.271558
1626.064000,-0.317441
1626.065000,-0.354585
1626.066000,-0.266967
1626.067000,-0.196757
1626.068000,-0.331357
1626.069000,-0.517625
1626.070000,-0.544335
1626.071000,-0.521682
1626.072000,-0.632279
1626.073000,-0.624211
1626.074000,-0.676203
1626.075000,-0.672148
1626.076000,-0.574168
1626.077000,-0.333725
1626.078000,-0.498814
1626.079000,-0.409890
1626.080000,-0.316294
1626.081000,-0.319933
1626.082000,-0.391591
1626.083000,-0.316257
1626.084000,-0.183605
1626.085000,-0.234735
1626.086000,-0.158132
1626.087000,-0.078141
1626.088000,-0.201637
1626.089000,-0.056812
1626.090000,0.006725
1626.091000,0.133764
1626.092000,0.253415
1626.093000,0.256089
1626.094000,0.421458
1626.095000,0.650969
1626.096000,0.862095
1626.097000,0.770315
1626.098000,0.566796
1626.099000,0.585648
1626.100000,0.613849
1626.101000,0.629217
1626.102000,0.601247
1626.103000,0.519649
1626.104000,0.571462
1626.105000,0.367567
1626.106000,0.319163
1626.107000,0.389022
1626.108000,0.434523
1626.109000,0.422298
1626.110000,0.465725
1626.111000,0.379158
1626.112000,0.286747
1626.113000,0.252673
1626.114000,0.151328
1626.115000,0.108086
1626.116000,0.156657
1626.117000,0.117934
1626.118000,0.215826
1626.119000,0.246508
1626.120000,0.336492
1626.121000,0.319133
1626.122000,0.296526
1626.123000,0.350131
1626.124000,0.338925
1626.125000,0.452514
1626.126000,0.487121
1626.127000,0.400699
1626.128000,0.458344
1626.129000,0.508260
1626.130000,0.306675
1626.131000,0.429939
1626.132000,0.304779
1626.133000,0.174159
1626.134000,0.251116
1626.135000,0.298384
1626.136000,0.345386
1626.137000,0.326898
1626.138000,0.471089
1626.139000,0.473224
1626.140000,0.383553
1626.141000,0.445153
1626.142000,0.422987
1626.143000,0.299292
1626.144000,0.241314
1626.145000,0.235572
1626.146000,0.306073
1626.147000,0.365923
1626.148000,0.214271
1626.149000,0.293209
1626.150000,0.090024
1626.151000,0.010526
1626.152000,-0.054797
1626.153000,-0.023549
1626.154000,-0.080790
1626.155000,0.125967
1626.156000,0.319607
1626.157000,0.315722
1626.158000,0.274230
1626.159000,0.114739
1626.160000,0.034954
1626.161000,0.020422
1626.162000,-0.029285
1626.163000,0.082831
1626.164000,0.264214
1626.165000,0.147089
1626.166000,0.211864
1626.167000,0.372043
1626.168000,0.231738
1626.169000,0.225783
1626.170000,0.304526
1626.171000,0.173235
1626.172000,0.228400
1626.173000,0.311593
1626.174000,0.403555
1626.175000,0.282680
1626.176000,0.272390
1626.177000,0.212670
1626.178000,0.209807
1626.179000,0.136415
1626.180000,0.257928
1626.181000,0.336665
1626.182000,0.295171
1626.183000,0.389507
1626.184000,0.463253
1626.185000,0.289787
1626.186000,0.157622
1626.187000,0.144026
1626.188000,0.190772
1626.189000,0.239165
1626.190000,0.082833
1626.191000,0.051662
1626.192000,0.204279
1626.193000,0.230982
1626.194000,0.125349
1626.195000,0.134509
1626.196000,0.027653
1626.197000,-0.034477
1626.198000,0.122280
1626.199000,0.136377
1626.200000,0.075991
1626.201000,0.197494
1626.202000,0.202017
1626.203000,0.130917
1626.204000,0.086189
1626.205000,0.030251
1626.206000,0.060262
1626.207000,-0.072356
1626.208000,-0.158437
1626.209000,-0.316078
1626.210000,-0.238909
1626.211000,-0.304092
1626.212000,-0.148765
1626.213000,-0.139138
1626.214000,-0.147194
1626.215000,0.011963
1626.216000,0.063538
1626.217000,0.136699
1626.218000,0.241004
1626.219000,0.320772
1626.220000,0.454851
1626.221000,0.613849
1626.222000,0.473179
1626.223000,0.495409
1626.224000,0.583790
1626.225000,0.663505
1626.226000,0.585669
1626.227000,0.479739
1626.228000,0.461418
1626.229000,0.493273
1626.230000,0.489052
1626.231000,0.424853
1626.232000,0.413739
1626.233000,0.418397
1626.234000,0.332839
1626.235000,0.349494
1626.236000,0.245691
1626.237000,0.236090
1626.238000,0.027809
1626.239000,0.061731
1626.240000,0.184712
1626.241000,0.246901
1626.242000,0.267021
1626.243000,0.190155
1626.244000,0.193584
1626.245000,0.229749
1626.246000,0.175244
1626.247000,0.286051
1626.248000,0.401555
1626.249000,0.262993
1626.250000,0.216266
1626.251000,0.165261
1626.252000,0.060130
1626.253000,0.081880
1626.254000,0.032801
1626.255000,0.012371
1626.256000,-0.035742
1626.257000,-0.038811
1626.258000,0.049046
1626.259000,-0.210181
1626.260000,-0.131630
1626.261000,-0.084387
1626.262000,-0.200253
1626.263000,-0.337948
1626.264000,-0.356562
1626.265000,-0.042458
1626.266000,0.018542
1626.267000,0.145647
1626.268000,0.164034
1626.269000,0.075994
1626.270000,0.142242
1626.271000,0.046644
1626.272000,0.159409
1626.273000,0.171248
1626.274000,0.397990
1626.275000,0.295742
1626.276000,0.307241
1626.277000,0.314695
1626.278000,0.254215
1626.279000,0.270349
1626.280000,0.254632
1626.281000,0.247440
1626.282000,0.086431
1626.283000,0.125232
1626.284000,0.233316
1626.285000,0.262237
1626.286000,0.383188
1626.287000,0.469689
1626.288000,0.636942
1626.289000,0.472091
1626.290000,0.497006
1626.291000,0.425471
1626.292000,0.470958
1626.293000,0.643460
1626.294000,0.870283
1626.295000,0.758533
1626.296000,0.758312
1626.297000,0.747900
1626.298000,0.863380
1626.299000,0.854543
1626.300000,0.845243
1626.301000,0.822734
1626.302000,0.743250
1626.303000,0.757081
1626.304000,0.676631
1626.305000,0.681376
1626.306000,0.547829
1626.307000,0.401121
1626.308000,0.191221
1626.309000,0.298941
1626.310000,0.300792
1626.311000,0.234000
1626.312000,0.133301
1626.313000,0.148467
1626.314000,0.171783
1626.315000,0.216460
1626.316000,0.244374
1626.317000,0.185003
1626.318000,0.285006
1626.319000,0.207200
1626.320000,0.355950
1626.321000,0.380439
1626.322000,0.545689
1626.323000,0.503670
1626.324000,0.548232
1626.325000,0.449840
1626.326000,0.491125
1626.327000,0.292061
1626.328000,0.183297
1626.329000,0.353906
1626.330000,0.259481
1626.331000,0.285910
1626.332000,0.216690
1626.333000,0.133915
1626.334000,0.084125
1626.335000,-0.006321
1626.336000,-0.020839
1626.337000,-0.094325
1626.338000,-0.210373
1626.339000,-0.378631
1626.340000,-0.420862
1626.341000,-0.340926
1626.342000,-0.389625
1626.343000,-0.663722
1626.344000,-0.689275
1626.345000,-0.754687
1626.346000,-0.566712
1626.347000,-0.396378
1626.348000,-0.372050
1626.349000,-0.502357
1626.350000,-0.470340
1626.351000,-0.285976
1626.352000,-0.337400
1626.353000,-0.299392
1626.354000,-0.482662
1626.355000,-0.430836
1626.356000,-0.296426
1626.357000,-0.368349
1626.358000,-0.433895
1626.359000,-0.462047
1626.360000,-0.588076
1626.361000,-0.602747
1626.362000,-0.531650
1626.363000,-0.592283
1626.364000,-0.579743
1626.365000,-0.594440
1626.366000,-0.732765
1626.367000,-0.622268
1626.368000,-0.667351
1626.369000,-0.674157
1626.370000,-0.516183
1626.371000,-0.553534
1626.372000,-0.574658
1626.373000,-0.637079
1626.374000,-0.575811
1626.375000,-0.723723
1626.376000,-0.773670
1626.377000,-0.744147
1626.378000,-0.682476
1626.379000,-0.718689
1626.380000,-0.606147
1626.381000,-0.529166
1626.382000,-0.385354
1626.383000,-0.264440
1626.384000,-0.484446
1626.385000,-0.538747
1626.386000,-0.630583
1626.387000,-0.749007
1626.388000,-0.852856
1626.389000,-0.846159
1626.390000,-0.883943
1626.391000,-0.932100
1626.392000,-0.823896
1626.393000,-0.699775
1626.394000,-0.663230
1626.395000,-0.669698
1626.396000,-0.626715
1626.397000,-0.649545
1626.398000,-0.727985
1626.399000,-0.643158
1626.400000,-0.608404
1626.401000,-0.661781
1626.402000,-0.809414
1626.403000,-0.939550
1626.404000,-0.816621
1626.405000,-0.707310
1626.406000,-0.765875
1626.407000,-0.657830
1626.408000,-0.636374
1626.409000,-0.665166
1626.410000,-0.853978
1626.411000,-0.902103
1626.412000,-0.865530
1626.413000,-0.738329
1626.414000,-0.641972
1626.415000,-0.564342
1626.416000,-0.484100
1626.417000,-0.331440
1626.418000,-0.452283
1626.419000,-0.592109
1626.420000,-0.752351
1626.421000,-0.771194
1626.422000,-0.589537
1626.423000,-0.673427
1626.424000,-0.604823
1626.425000,-0.606360
1626.426000,-0.752898
1626.427000,-0.687667
1626.428000,-0.510254
1626.429000,-0.640718
1626.430000,-0.705629
1626.431000,-0.745715
1626.432000,-0.811974
1626.433000,-0.837900
1626.434000,-0.708709
1626.435000,-0.655233
1626.436000,-0.617621
1626.437000,-0.610631
1626.438000,-0.410523
1626.439000,-0.449980
1626.440000,-0.380925
1626.441000,-0.090453
1626.442000,-0.071456
1626.443000,0.000951
1626.444000,-0.084487
1626.445000,0.010492
1626.446000,0.021705
1626.447000,0.039315
1626.448000,0.039463
1626.449000,0.062212
1626.450000,0.068989
1626.451000,-0.047735
1626.452000,-0.120117
1626.453000,-0.174022
1626.454000,-0.334612
1626.455000,-0.411041
1626.456000,-0.203184
1626.457000,-0.132061
1626.458000,-0.096420
1626.459000,-0.229098
1626.460000,-0.120195
1626.461000,-0.129793
1626.462000,-0.073971
1626.463000,-0.204424
1626.464000,-0.185848
1626.465000,-0.292160
1626.466000,-0.125720
1626.467000,-0.141198
1626.468000,0.041772
1626.469000,-0.039275
1626.470000,-0.003678
1626.471000,0.134085
1626.472000,-0.135026
1626.473000,-0.119029
1626.474000,-0.229853
1626.475000,-0.363877
1626.476000,-0.313611
1626.477000,-0.297626
1626.478000,-0.176586
1626.479000,-0.192032
1626.480000,-0.239758
1626.481000,-0.261833
1626.482000,-0.290206
1626.483000,-0.278312
1626.484000,-0.361312
1626.485000,-0.252178
1626.486000,-0.188953
1626.487000,-0.173878
1626.488000,-0.104518
1626.489000,-0.198069
1626.490000,-0.322674
1626.491000,-0.316218
1626.492000,-0.286945
1626.493000,-0.324725
1626.494000,-0.256075
1626.495000,-0.117054
1626.496000,-0.104443
1626.497000,-0.055358
1626.498000,-0.138606
1626.499000,-0.118757
1626.500000,-0.150635
1626.501000,-0.144990
1626.502000,-0.151151
1626.503000,-0.119471
1626.504000,-0.194982
1626.505000,0.061738
1626.506000,0.098703
1626.507000,0.081587
1626.508000,-0.010808
1626.509000,-0.086786
1626.510000,0.036303
1626.511000,0.032837
1626.512000,0.145556
1626.513000,0.091059
1626.514000,0.104134
1626.515000,0.004971
1626.516000,0.141643
1626.517000,0.126795
1626.518000,0.062536
1626.519000,0.251137
1626.520000,0.112888
1626.521000,-0.000816
1626.522000,-0.036628
1626.523000,-0.138400
1626.524000,-0.099640
1626.525000,-0.149148
1626.526000,-0.137707
1626.527000,-0.182886
1626.528000,-0.176922
1626.529000,-0.317665
1626.530000,-0.263544
1626.531000,-0.033386
1626.532000,0.167894
1626.533000,0.032337
1626.534000,-0.127858
1626.535000,0.088166
1626.536000,0.048380
1626.537000,0.026464
1626.538000,0.025758
1626.539000,-0.049307
1626.540000,-0.155554
1626.541000,-0.204510
1626.542000,-0.151498
1626.543000,-0.190033
1626.544000,-0.032664
1626.545000,-0.005043
1626.546000,0.027953
1626.547000,0.370003
1626.548000,0.290742
1626.549000,0.284509
1626.550000,0.528964
1626.551000,0.611356
1626.552000,0.680785
1626.553000,0.724078
1626.554000,0.814327
1626.555000,0.925299
1626.556000,0.958570
1626.557000,0.839395
1626.558000,0.901580
1626.559000,0.994629
1626.560000,1.072907
1626.561000,1.231128
1626.562000,1.149728
1626.563000,1.285010
1626.564000,1.357952
1626.565000,1.345289
1626.566000,1.419924
1626.567000,1.166621
1626.568000,1.128982
1626.569000,0.877901
1626.570000,0.802382
1626.571000,0.829535
1626.572000,0.766575
1626.573000,0.791139
1626.574000,0.729651
1626.575000,0.865380
1626.576000,0.793072
1626.577000,0.816125
1626.578000,0.688508
1626.579000,0.595206
1626.580000,0.471879
1626.581000,0.494192
1626.582000,0.560621
1626.583000,0.646556
1626.584000,0.681990
1626.585000,0.606878
1626.586000,0.505278
1626.587000,0.473440
1626.588000,0.514368
1626.589000,0.448316
1626.590000,0.510391
1626.591000,0.615432
1626.592000,0.659595
1626.593000,0.827314
1626.594000,0.963088
1626.595000,0.950597
1626.596000,0.837277
1626.597000,0.765258
1626.598000,0.805897
1626.599000,0.587087
1626.600000,0.697769
1626.601000,0.700611
1626.602000,0.456136
1626.603000,0.147988
1626.604000,0.157779
1626.605000,0.149480
1626.606000,0.094907
1626.607000,0.083736
1626.608000,-0.014647
1626.609000,-0.013969
1626.610000,0.083273
1626.611000,0.206911
1626.612000,0.320317
1626.613000,0.443766
1626.614000,0.370094
1626.615000,0.462164
1626.616000,0.350113
1626.617000,0.210391
1626.618000,0.057802
1626.619000,0.214518
1626.620000,0.167872
1626.621000,0.204471
1626.622000,0.313856
1626.623000,0.555748
1626.624000,0.658736
1626.625000,0.777360
1626.626000,0.738793
1626.627000,0.742175
1626.628000,0.612017
1626.629000,0.600907
1626.630000,0.589290
1626.631000,0.471075
1626.632000,0.350954
1626.633000,0.100003
1626.634000,-0.195536
1626.635000,-0.266513
1626.636000,-0.138108
1626.637000,0.016017
1626.638000,0.239953
1626.639000,0.210229
1626.640000,0.134122
1626.641000,0.291874
1626.642000,0.276427
1626.643000,0.269114
1626.644000,0.334345
1626.645000,0.268955
1626.646000,0.013364
1626.647000,0.055351
1626.648000,-0.054965
1626.649000,0.007855
1626.650000,0.077962
1626.651000,0.124608
1626.652000,0.139774
1626.653000,0.217474
1626.654000,0.005389
1626.655000,0.079791
1626.656000,-0.028660
1626.657000,-0.000226
1626.658000,-0.204750
1626.659000,-0.299008
1626.660000,-0.327241
1626.661000,-0.305762
1626.662000,-0.285389
1626.663000,-0.309471
1626.664000,-0.487697
1626.665000,-0.407699
1626.666000,-0.344815
1626.667000,-0.428408
1626.668000,-0.279129
1626.669000,-0.420608
1626.670000,-0.505997
1626.671000,-0.450896
1626.672000,-0.558224
1626.673000,-0.499298
1626.674000,-0.583836
1626.675000,-0.500816
1626.676000,-0.525020
1626.677000,-0.449391
1626.678000,-0.352815
1626.679000,-0.325486
1626.680000,-0.142101
1626.681000,-0.046523
1626.682000,-0.051425
1626.683000,0.111719
1626.684000,0.246138
1626.685000,0.129031
1626.686000,0.074484
1626.687000,0.012218
1626.688000,-0.180814
1626.689000,-0.222390
1626.690000,-0.108442
1626.691000,-0.008632
1626.692000,0.077284
1626.693000,0.119108
1626.694000,0.126098
1626.695000,0.091257
1626.696000,0.057206
1626.697000,0.006223
1626.698000,-0.075101
1626.699000,-0.105664
1626.700000,-0.135445
1626.701000,-0.065713
1626.702000,-0.238567
1626.703000,-0.254047
1626.704000,-0.291529
1626.705000,-0.105826
1626.706000,-0.273512
1626.707000,-0.236634
1626.708000,-0.092657
1626.709000,-0.071433
1626.710000,-0.110608
1626.711000,0.088031
1626.712000,-0.089614
1626.713000,-0.069799
1626.714000,-0.101754
1626.715000,-0.287375
1626.716000,-0.304134
1626.717000,-0.226496
1626.718000,-0.278596
1626.719000,-0.369625
1626.720000,-0.402233
1626.721000,-0.298503
1626.722000,-0.391771
1626.723000,-0.411550
1626.724000,-0.589457
1626.725000,-0.613060
1626.726000,-0.556684
1626.727000,-0.652440
1626.728000,-0.640158
1626.729000,-0.681142
1626.730000,-0.746919
1626.731000,-0.627833
1626.732000,-0.628584
1626.733000,-0.544506
1626.734000,-0.356642
1626.735000,-0.243080
1626.736000,-0.091366
1626.737000,0.002361
1626.738000,0.065320
1626.739000,-0.009896
1626.740000,-0.177469
1626.741000,-0.187711
1626.742000,-0.070299
1626.743000,0.057519
1626.744000,0.042940
1626.745000,0.212633
1626.746000,0.124677
1626.747000,0.085543
1626.748000,0.003616
1626.749000,-0.069871
1626.750000,-0.059794
1626.751000,-0.041770
1626.752000,0.039097
1626.753000,0.032900
1626.754000,0.110116
1626.755000,0.100781
1626.756000,0.143512
1626.757000,0.466964
1626.758000,0.327680
1626.759000,0.330950
1626.760000,0.265008
1626.761000,0.347604
1626.762000,0.597476
1626.763000,0.534444
1626.764000,0.676451
1626.765000,0.701046
1626.766000,0.708071
1626.767000,0.799681
1626.768000,0.683971
1626.769000,0.663371
1626.770000,0.625702
1626.771000,0.585065
1626.772000,0.577369
1626.773000,0.511015
1626.774000,0.638360
1626.775000,0.808318
1626.776000,0.764960
1626.777000,0.847913
1626.778000,1.092230
1626.779000,0.953078
1626.780000,1.096949
1626.781000,1.088270
1626.782000,1.258352
1626.783000,1.298111
1626.784000,1.272390
1626.785000,1.299839
1626.786000,1.219906
1626.787000,1.161276
1626.788000,1.078856
1626.789000,1.069695
1626.790000,1.186299
1626.791000,1.263752
1626.792000,1.333825
1626.793000,1.431917
1626.794000,1.247915
1626.795000,1.281419
1626.796000,1.180187
1626.797000,1.183101
1626.798000,1.154821
1626.799000,0.851225
1626.800000,0.802839
1626.801000,0.882360
1626.802000,0.912004
1626.803000,0.839447
1626.804000,0.757763
1626.805000,0.529495
1626.806000,0.550084
1626.807000,0.663913
1626.808000,0.602174
1626.809000,0.593294
1626.810000,0.581211
1626.811000,0.515303
1626.812000,0.445746
1626.813000,0.521771
1626.814000,0.403287
1626.815000,0.404464
1626.816000,0.347473
1626.817000,0.309364
1626.818000,0.379734
1626.819000,0.203735
1626.820000,0.344811
1626.821000,0.343841
1626.822000,0.485743
1626.823000,0.528052
1626.824000,0.471240
1626.825000,0.452787
1626.826000,0.426939
1626.827000,0.527535
1626.828000,0.626739
1626.829000,0.646565
1626.830000,0.485791
1626.831000,0.367891
1626.832000,0.370845
1626.833000,0.283758
1626.834000,0.160613
1626.835000,0.247747
1626.836000,0.316273
1626.837000,0.398444
1626.838000,0.320202
1626.839000,0.438362
1626.840000,0.509211
1626.841000,0.640027
1626.842000,0.671847
1626.843000,0.486223
1626.844000,0.424848
1626.845000,0.485392
1626.846000,0.345804
1626.847000,0.257470
1626.848000,0.164783
1626.849000,0.153944
1626.850000,0.205836
1626.851000,0.242788
1626.852000,0.002895
1626.853000,-0.021804
1626.854000,0.026819
1626.855000,-0.089597
1626.856000,-0.209872
1626.857000,-0.095646
1626.858000,-0.159444
1626.859000,-0.102200
1626.860000,-0.135254
1626.861000,0.025155
1626.862000,-0.021942
1626.863000,0.176154
1626.864000,0.061548
1626.865000,-0.089375
1626.866000,-0.145235
1626.867000,-0.262496
1626.868000,-0.247012
1626.869000,-0.096373
1626.870000,-0.009018
1626.871000,-0.109383
1626.872000,-0.112523
1626.873000,-0.226188
1626.874000,-0.303099
1626.875000,-0.333304
1626.876000,-0.526111
1626.877000,-0.518460
1626.878000,-0.445647
1626.879000,-0.476833
1626.880000,-0.608985
1626.881000,-0.688912
1626.882000,-0.808529
1626.883000,-0.994533
1626.884000,-1.217851
1626.885000,-1.210834
1626.886000,-1.304275
1626.887000,-1.243921
1626.888000,-1.485535
1626.889000,-1.325009
1626.890000,-1.277778
1626.891000,-1.204894
1626.892000,-1.298321
1626.893000,-1.322578
1626.894000,-1.244200
1626.895000,-1.162125
1626.896000,-1.147722
1626.897000,-1.174741
1626.898000,-1.135406
1626.899000,-1.185833
1626.900000,-1.338667
1626.901000,-1.280932
1626.902000,-1.085531
1626.903000,-0.902722
1626.904000,-0.863239
1626.905000,-1.078900
1626.906000,-1.333760
1626.907000,-1.214667
1626.908000,-1.221265
1626.909000,-1.201336
1626.910000,-1.209386
1626.911000,-1.200601
1626.912000,-1.259381
1626.913000,-1.332616
1626.914000,-1.459847
1626.915000,-1.285410
1626.916000,-1.482509
1626.917000,-1.463332
1626.918000,-1.425744
1626.919000,-1.510062
1626.920000,-1.497009
1626.921000,-1.441789
1626.922000,-1.332469
1626.923000,-1.348769
1626.924000,-1.323594
1626.925000,-1.190338
1626.926000,-1.029304
1626.927000,-1.073246
1626.928000,-0.964682
1626.929000,-0.666424
1626.930000,-0.590110
1626.931000,-0.614075
1626.932000,-0.556908
1626.933000,-0.579212
1626.934000,-0.488220
1626.935000,-0.575057
1626.936000,-0.634163
1626.937000,-0.718135
1626.938000,-0.805085
1626.939000,-0.795029
1626.940000,-0.773705
1626.941000,-0.840873
1626.942000,-0.722048
1626.943000,-0.755880
1626.944000,-0.693556
1626.945000,-0.566305
1626.946000,-0.594444
1626.947000,-0.423581
1626.948000,-0.300721
1626.949000,-0.123230
1626.950000,-0.225049
1626.951000,-0.089480
1626.952000,-0.026886
1626.953000,0.019737
1626.954000,0.003755
1626.955000,-0.118834
1626.956000,-0.266595
1626.957000,-0.307852
1626.958000,-0.330596
1626.959000,-0.313538
1626.960000,-0.380674
1626.961000,-0.380144
1626.962000,-0.344185
1626.963000,-0.509507
1626.964000,-0.449460
1626.965000,-0.543733
1626.966000,-0.461022
1626.967000,-0.550648
1626.968000,-0.548549
1626.969000,-0.606243
1626.970000,-0.483198
1626.971000,-0.280912
1626.972000,-0.236026
1626.973000,-0.398779
1626.974000,-0.457534
1626.975000,-0.266388
1626.976000,-0.376158
1626.977000,-0.373834
1626.978000,-0.251172
1626.979000,-0.323892
1626.980000,-0.286558
1626.981000,-0.383441
1626.982000,-0.373390
1626.983000,-0.391159
1626.984000,-0.421013
1626.985000,-0.488748
1626.986000,-0.445542
1626.987000,-0.264738
1626.988000,-0.239709
1626.989000,-0.285722
1626.990000,-0.329983
1626.991000,-0.366324
1626.992000,-0.269331
1626.993000,-0.382833
1626.994000,-0.352996
1626.995000,-0.429231
1626.996000,-0.503773
1626.997000,-0.517006
1626.998000,-0.646861
1626.999000,-0.464622
1627.000000,-0.447115
1627.001000,-0.485281
1627.002000,-0.464185
1627.003000,-0.580520
1627.004000,-0.560786
1627.005000,-0.581444
1627.006000,-0.370465
1627.007000,-0.321436
1627.008000,-0.309580
1627.009000,-0.234213
1627.010000,-0.103366
1627.011000,-0.177758
1627.012000,0.073329
1627.013000,0.057668
1627.014000,-0.124001
1627.015000,-0.078668
1627.016000,-0.008749
1627.017000,0.106054
1627.018000,0.281132
1627.019000,0.298226
1627.020000,0.290630
1627.021000,0.423498
1627.022000,0.457583
1627.023000,0.371947
1627.024000,0.414770
1627.025000,0.637598
1627.026000,0.589287
1627.027000,0.423671
1627.028000,0.510473
1627.029000,0.288104
1627.030000,0.365716
1627.031000,0.244814
1627.032000,0.214680
1627.033000,0.029703
1627.034000,0.101309
1627.035000,0.144617
1627.036000,0.243240
1627.037000,0.401675
1627.038000,0.207725
1627.039000,0.177439
1627.040000,-0.006819
1627.041000,0.019309
1627.042000,0.086191
1627.043000,0.019626
1627.044000,0.214304
1627.045000,0.145703
1627.046000,-0.000926
1627.047000,0.047777
1627.048000,0.178951
1627.049000,0.321485
1627.050000,0.128825
1627.051000,0.282506
1627.052000,0.181082
1627.053000,0.257924
1627.054000,0.291473
1627.055000,0.419165
1627.056000,0.688520
1627.057000,0.840255
1627.058000,0.799899
1627.059000,0.775243
1627.060000,0.832049
1627.061000,0.791068
1627.062000,0.741253
1627.063000,0.781762
1627.064000,0.926300
1627.065000,0.888669
1627.066000,0.987393
1627.067000,0.911723
1627.068000,0.881748
1627.069000,0.932898
1627.070000,1.011005
1627.071000,1.043125
1627.072000,1.089977
1627.073000,1.156787
1627.074000,1.348807
1627.075000,1.287416
1627.076000,1.134385
1627.077000,1.109947
1627.078000,1.045941
1627.079000,0.985018
1627.080000,0.960037
1627.081000,1.053892
1627.082000,1.047077
1627.083000,0.956217
1627.084000,1.075580
1627.085000,1.129228
1627.086000,1.032707
1627.087000,1.002828
1627.088000,1.008444
1627.089000,0.835049
1627.090000,0.946344
1627.091000,1.028416
1627.092000,0.886548
1627.093000,0.839358
1627.094000,0.702817
1627.095000,0.537487
1627.096000,0.563512
1627.097000,0.419974
1627.098000,0.375433
1627.099000,0.389519
1627.100000,0.534877
1627.101000,0.431504
1627.102000,0.458255
1627.103000,0.470102
1627.104000,0.468128
1627.105000,0.423989
1627.106000,0.397994
1627.107000,0.292174
1627.108000,0.278642
1627.109000,0.160509
1627.110000,0.112111
1627.111000,0.061612
1627.112000,0.233386
1627.113000,0.189126
1627.114000,0.249497
1627.115000,0.244336
1627.116000,0.234184
1627.117000,0.184797
1627.118000,0.232819
1627.119000,0.278730
1627.120000,0.044007
1627.121000,-0.122899
1627.122000,-0.221261
1627.123000,-0.392026
1627.124000,-0.412154
1627.125000,-0.203017
1627.126000,-0.162421
1627.127000,0.018988
1627.128000,-0.157232
1627.129000,-0.069294
1627.130000,-0.021458
1627.131000,-0.071070
1627.132000,0.078858
1627.133000,0.002238
1627.134000,0.008020
1627.135000,-0.047874
1627.136000,0.123836
1627.137000,0.190496
1627.138000,0.247190
1627.139000,0.439490
1627.140000,0.459876
1627.141000,0.444974
1627.142000,0.256271
1627.143000,0.167356
1627.144000,0.119524
1627.145000,0.110416
1627.146000,0.024606
1627.147000,-0.043797
1627.148000,-0.058351
1627.149000,0.015674
1627.150000,0.125668
1627.151000,0.087267
1627.152000,-0.037892
1627.153000,-0.032675
1627.154000,-0.109589
1627.155000,-0.002366
1627.156000,-0.016146
1627.157000,-0.129784
1627.158000,-0.171890
1627.159000,-0.265652
1627.160000,-0.424614
1627.161000,-0.483438
1627.162000,-0.321619
1627.163000,-0.335707
1627.164000,-0.373266
1627.165000,-0.507849
1627.166000,-0.495557
1627.167000,-0.399945
1627.168000,-0.430203
1627.169000,-0.249935
1627.170000,-0.226566
1627.171000,-0.090051
1627.172000,-0.190619
1627.173000,-0.285621
1627.174000,-0.276235
1627.175000,-0.163850
1627.176000,-0.166812
1627.177000,-0.293029
1627.178000,-0.560939
1627.179000,-0.656917
1627.180000,-0.676297
1627.181000,-0.648451
1627.182000,-0.544967
1627.183000,-0.583306
1627.184000,-0.809105
1627.185000,-0.768989
1627.186000,-0.839718
1627.187000,-0.846980
1627.188000,-0.863587
1627.189000,-0.783441
1627.190000,-0.637485
1627.191000,-0.591619
1627.192000,-0.650473
1627.193000,-0.731212
1627.194000,-0.823621
1627.195000,-0.921262
1627.196000,-0.731750
1627.197000,-0.659880
1627.198000,-0.613406
1627.199000,-0.543176
1627.200000,-0.435760
1627.201000,-0.405647
1627.202000,-0.392732
1627.203000,-0.504858
1627.204000,-0.665599
1627.205000,-0.455286
1627.206000,-0.377509
1627.207000,-0.558465
1627.208000,-0.473706
1627.209000,-0.477050
1627.210000,-0.446271
1627.211000,-0.571116
1627.212000,-0.607946
1627.213000,-0.730989
1627.214000,-0.947456
1627.215000,-0.804139
1627.216000,-0.706819
1627.217000,-0.785848
1627.218000,-0.713387
1627.219000,-0.872764
1627.220000,-0.902079
1627.221000,-1.073390
1627.222000,-0.971333
1627.223000,-0.862534
1627.224000,-0.801075
1627.225000,-0.728687
1627.226000,-0.645974
1627.227000,-0.531518
1627.228000,-0.492264
1627.229000,-0.276650
1627.230000,-0.374419
1627.231000,-0.505125
1627.232000,-0.435418
1627.233000,-0.509344
1627.234000,-0.492496
1627.235000,-0.565195
1627.236000,-0.620194
1627.237000,-0.641561
1627.238000,-0.466776
1627.239000,-0.264524
1627.240000,-0.371573
1627.241000,-0.561831
1627.242000,-0.595501
1627.243000,-0.660354
1627.244000,-0.631343
1627.245000,-0.616592
1627.246000,-0.640985
1627.247000,-0.493604
1627.248000,-0.390530
1627.249000,-0.352888
1627.250000,-0.255153
1627.251000,-0.117308
1627.252000,-0.052775
1627.253000,-0.146154
1627.254000,-0.204337
1627.255000,-0.223444
1627.256000,-0.044711
1627.257000,-0.156652
1627.258000,-0.302789
1627.259000,-0.283352
1627.260000,-0.037851
1627.261000,-0.035210
1627.262000,-0.198336
1627.263000,-0.128614
1627.264000,0.038781
1627.265000,0.115750
1627.266000,0.140041
1627.267000,0.004981
1627.268000,0.046232
1627.269000,0.035481
1627.270000,0.223196
1627.271000,0.380878
1627.272000,0.371190
1627.273000,0.410164
1627.274000,0.540813
1627.275000,0.385855
1627.276000,0.494721
1627.277000,0.567007
1627.278000,0.460830
1627.279000,0.509301
1627.280000,0.515350
1627.281000,0.572511
1627.282000,0.453606
1627.283000,0.348084
1627.284000,0.341327
1627.285000,0.445557
1627.286000,0.460381
1627.287000,0.600872
1627.288000,0.609963
1627.289000,0.770598
1627.290000,0.799892
1627.291000,0.959546
1627.292000,1.224022
1627.293000,1.173583
1627.294000,1.122496
1627.295000,1.057644
1627.296000,0.954983
1627.297000,1.042568
1627.298000,1.042355
1627.299000,1.096991
1627.300000,0.864931
1627.301000,0.700146
1627.302000,0.703017
1627.303000,0.657879
1627.304000,0.625350
1627.305000,0.782631
1627.306000,0.590922
1627.307000,0.613860
1627.308000,0.397158
1627.309000,0.365909
1627.310000,0.356018
1627.311000,0.333494
1627.312000,0.325887
1627.313000,0.316269
1627.314000,0.505100
1627.315000,0.348977
1627.316000,0.228834
1627.317000,0.188845
1627.318000,0.309976
1627.319000,0.442259
1627.320000,0.338992
1627.321000,0.384959
1627.322000,0.408554
1627.323000,0.381066
1627.324000,0.547641
1627.325000,0.626260
1627.326000,0.735351
1627.327000,0.730555
1627.328000,0.700181
1627.329000,0.625722
1627.330000,0.485248
1627.331000,0.511052
1627.332000,0.327114
1627.333000,0.309117
1627.334000,0.293560
1627.335000,0.099397
1627.336000,0.202383
1627.337000,0.136617
1627.338000,0.235431
1627.339000,0.327684
1627.340000,0.299604
1627.341000,0.263855
1627.342000,0.283955
1627.343000,0.307453
1627.344000,0.360627
1627.345000,0.323830
1627.346000,0.229810
1627.347000,0.225064
1627.348000,0.316892
1627.349000,0.303436
1627.350000,0.149406
1627.351000,0.216946
1627.352000,0.185518
1627.353000,0.251257
1627.354000,0.205702
1627.355000,0.233790
1627.356000,0.200166
1627.357000,0.141706
1627.358000,0.064002
1627.359000,0.100281
1627.360000,0.020112
1627.361000,-0.153921
1627.362000,-0.208803
1627.363000,-0.147256
1627.364000,-0.168713
1627.365000,-0.204193
1627.366000,-0.406133
1627.367000,-0.364309
1627.368000,-0.315993
1627.369000,-0.298027
1627.370000,-0.280322
1627.371000,-0.235095
1627.372000,-0.329578
1627.373000,-0.227405
1627.374000,-0.242388
1627.375000,-0.241027
1627.376000,-0.308296
1627.377000,-0.337781
1627.378000,-0.393036
1627.379000,-0.437043
1627.380000,-0.175632
1627.381000,-0.343961
1627.382000,-0.427678
1627.383000,-0.475195
1627.384000,-0.711939
1627.385000,-0.631141
1627.386000,-0.713988
1627.387000,-0.859991
1627.388000,-0.863715
1627.389000,-0.827575
1627.390000,-0.833505
1627.391000,-0.792285
1627.392000,-0.545870
1627.393000,-0.497727
1627.394000,-0.523495
1627.395000,-0.516927
1627.396000,-0.618638
1627.397000,-0.697193
1627.398000,-0.630868
1627.399000,-0.508067
1627.400000,-0.639196
1627.401000,-0.424289
1627.402000,-0.328476
1627.403000,-0.278076
1627.404000,-0.262612
1627.405000,-0.233225
1627.406000,-0.221949
1627.407000,-0.197223
1627.408000,-0.231677
1627.409000,-0.149396
1627.410000,-0.186046
1627.411000,-0.156459
1627.412000,-0.238020
1627.413000,-0.225860
1627.414000,-0.268370
1627.415000,-0.351820
1627.416000,0.010474
1627.417000,0.086732
1627.418000,-0.055724
1627.419000,-0.055282
1627.420000,-0.071744
1627.421000,0.006373
1627.422000,-0.037579
1627.423000,-0.126225
1627.424000,-0.244193
1627.425000,-0.249672
1627.426000,-0.222769
1627.427000,-0.214418
1627.428000,-0.119389
1627.429000,-0.238130
1627.430000,-0.331544
1627.431000,-0.231649
1627.432000,-0.335488
1627.433000,-0.313399
1627.434000,-0.362447
1627.435000,-0.376283
1627.436000,-0.323065
1627.437000,-0.263668
1627.438000,-0.306996
1627.439000,-0.405817
1627.440000,-0.368767
1627.441000,-0.358217
1627.442000,-0.252135
1627.443000,-0.340386
1627.444000,-0.373807
1627.445000,-0.310709
1627.446000,-0.234488
1627.447000,-0.262569
1627.448000,-0.256136
1627.449000,-0.084248
1627.450000,-0.114027
1627.451000,-0.134648
1627.452000,-0.082597
1627.453000,-0.085702
1627.454000,-0.215776
1627.455000,-0.308008
1627.456000,-0.250054
1627.457000,-0.227624
1627.458000,-0.227408
1627.459000,-0.183815
1627.460000,-0.127444
1627.461000,-0.031794
1627.462000,0.081532
1627.463000,0.124842
1627.464000,0.307486
1627.465000,0.339047
1627.466000,0.339500
1627.467000,0.293120
1627.468000,0.378048
1627.469000,0.453863
1627.470000,0.315831
1627.471000,0.368719
1627.472000,0.424546
1627.473000,0.392008
1627.474000,0.215053
1627.475000,0.111381
1627.476000,0.168914
1627.477000,0.256665
1627.478000,0.214721
1627.479000,0.280658
1627.480000,0.116182
1627.481000,-0.011297
1627.482000,0.043911
1627.483000,-0.177886
1627.484000,-0.153122
1627.485000,-0.256769
1627.486000,-0.134823
1627.487000,-0.133304
1627.488000,-0.020263
1627.489000,0.069203
1627.490000,0.142072
1627.491000,0.125635
1627.492000,0.051088
1627.493000,0.073277
1627.494000,0.249215
1627.495000,0.330681
1627.496000,0.320101
1627.497000,0.428457
1627.498000,0.521576
1627.499000,0.602956
1627.500000,0.778366
1627.501000,0.764813
1627.502000,0.863561
1627.503000,0.823987
1627.504000,0.796758
1627.505000,0.844139
1627.506000,1.058766
1627.507000,0.815230
1627.508000,0.776768
1627.509000,0.600072
1627.510000,0.673657
1627.511000,0.661459
1627.512000,0.746450
1627.513000,0.951341
1627.514000,0.877914
1627.515000,0.819130
1627.516000,0.793277
1627.517000,0.803053
1627.518000,0.833301
1627.519000,0.893811
1627.520000,0.980539
1627.521000,1.042456
1627.522000,0.800534
1627.523000,0.791497
1627.524000,0.764850
1627.525000,0.715183
1627.526000,0.611004
1627.527000,0.489123
1627.528000,0.429872
1627.529000,0.328776
1627.530000,0.191183
1627.531000,0.151870
1627.532000,0.101725
1627.533000,-0.127646
1627.534000,-0.221084
1627.535000,-0.197160
1627.536000,-0.363493
1627.537000,-0.324354
1627.538000,-0.417968
1627.539000,-0.568272
1627.540000,-0.723886
1627.541000,-0.624467
1627.542000,-0.651566
1627.543000,-0.682296
1627.544000,-0.583742
1627.545000,-0.637381
1627.546000,-0.672180
1627.547000,-0.578638
1627.548000,-0.565413
1627.549000,-0.576598
1627.550000,-0.554287
1627.551000,-0.535844
1627.552000,-0.562279
1627.553000,-0.488384
1627.554000,-0.481662
1627.555000,-0.206435
1627.556000,-0.182137
1627.557000,-0.372648
1627.558000,-0.294216
1627.559000,-0.164016
1627.560000,-0.368413
1627.561000,-0.208225
1627.562000,-0.164334
1627.563000,-0.107728
1627.564000,-0.138875
1627.565000,-0.048229
1627.566000,-0.122756
1627.567000,-0.002656
1627.568000,0.239119
1627.569000,0.347746
1627.570000,0.280597
1627.571000,0.164780
1627.572000,0.220223
1627.573000,0.209456
1627.574000,0.263859
1627.575000,0.229073
1627.576000,0.145637
1627.577000,0.102760
1627.578000,-0.011329
1627.579000,-0.009995
1627.580000,-0.096580
1627.581000,-0.023067
1627.582000,0.026881
1627.583000,-0.017480
1627.584000,-0.095122
1627.585000,-0.211339
1627.586000,0.147534
1627.587000,0.249562
1627.588000,0.184794
1627.589000,0.305580
1627.590000,0.341969
1627.591000,0.225035
1627.592000,0.295209
1627.593000,0.388425
1627.594000,0.299040
1627.595000,0.442368
1627.596000,0.569460
1627.597000,0.542238
1627.598000,0.688478
1627.599000,0.583675
1627.600000,0.403230
1627.601000,0.506544
1627.602000,0.648003
1627.603000,0.660395
1627.604000,0.582396
1627.605000,0.719750
1627.606000,0.805959
1627.607000,0.724414
1627.608000,0.785384
1627.609000,0.651321
1627.610000,0.546611
1627.611000,0.589240
1627.612000,0.692134
1627.613000,0.713968
1627.614000,0.607980
1627.615000,0.736617
1627.616000,0.682352
1627.617000,0.789154
1627.618000,0.586627
1627.619000,0.455964
1627.620000,0.295289
1627.621000,0.310459
1627.622000,0.341322
1627.623000,0.347997
1627.624000,0.477093
1627.625000,0.471414
1627.626000,0.496516
1627.627000,0.421729
1627.628000,0.474247
1627.629000,0.318594
1627.630000,0.319305
1627.631000,-0.002907
1627.632000,0.060296
1627.633000,0.058165
1627.634000,-0.019424
1627.635000,-0.135493
1627.636000,-0.113973
1627.637000,-0.318519
1627.638000,-0.428017
1627.639000,-0.356317
1627.640000,-0.304639
1627.641000,-0.473361
1627.642000,-0.556329
1627.643000,-0.678070
1627.644000,-0.757026
1627.645000,-0.724021
1627.646000,-0.702702
1627.647000,-0.614520
1627.648000,-0.714770
1627.649000,-0.664085
1627.650000,-0.556646
1627.651000,-0.515588
1627.652000,-0.484743
1627.653000,-0.418551
1627.654000,-0.508986
1627.655000,-0.490536
1627.656000,-0.447671
1627.657000,-0.599333
1627.658000,-0.687313
1627.659000,-0.767394
1627.660000,-0.746594
1627.661000,-0.775608
1627.662000,-0.757920
1627.663000,-0.927969
1627.664000,-1.106465
1627.665000,-1.196492
1627.666000,-1.121274
1627.667000,-1.153450
1627.668000,-1.034707
1627.669000,-1.062676
1627.670000,-0.985296
1627.671000,-0.999915
1627.672000,-0.978972
1627.673000,-0.879256
1627.674000,-0.848370
1627.675000,-0.738529
1627.676000,-0.765073
1627.677000,-0.689051
1627.678000,-0.842412
1627.679000,-0.760102
1627.680000,-0.698509
1627.681000,-0.679009
1627.682000,-0.674369
1627.683000,-0.634705
1627.684000,-0.600340
1627.685000,-0.562137
1627.686000,-0.641454
1627.687000,-0.641400
1627.688000,-0.588448
1627.689000,-0.464227
1627.690000,-0.534580
1627.691000,-0.540128
1627.692000,-0.449403
1627.693000,-0.353378
1627.694000,-0.250989
1627.695000,-0.280763
1627.696000,-0.255504
1627.697000,-0.300585
1627.698000,-0.435422
1627.699000,-0.400741
1627.700000,-0.305308
1627.701000,-0.252822
1627.702000,-0.370395
1627.703000,-0.375538
1627.704000,-0.330176
1627.705000,-0.189418
1627.706000,-0.062089
1627.707000,-0.117778
1627.708000,-0.391255
1627.709000,-0.261230
1627.710000,-0.215031
1627.711000,-0.097365
1627.712000,-0.032718
1627.713000,0.063098
1627.714000,0.062459
1627.715000,0.109251
1627.716000,0.250837
1627.717000,0.171186
1627.718000,0.140043
1627.719000,0.254223
1627.720000,0.236444
1627.721000,0.129894
1627.722000,0.220160
1627.723000,0.279171
1627.724000,0.209254
1627.725000,0.239893
1627.726000,0.252953
1627.727000,0.124479
1627.728000,0.225006
1627.729000,0.282883
1627.730000,0.318210
1627.731000,0.307741
1627.732000,0.434205
1627.733000,0.380179
1627.734000,0.384525
1627.735000,0.364147
1627.736000,0.452994
1627.737000,0.444157
1627.738000,0.245889
1627.739000,0.397153
1627.740000,0.336624
1627.741000,0.294110
1627.742000,0.438510
1627.743000,0.458385
1627.744000,0.366330
1627.745000,0.249343
1627.746000,0.304689
1627.747000,0.066216
1627.748000,0.154642
1627.749000,-0.005846
1627.750000,0.142834
1627.751000,0.184036
1627.752000,-0.053516
1627.753000,-0.162969
1627.754000,-0.212196
1627.755000,-0.302256
1627.756000,-0.357512
1627.757000,-0.538922
1627.758000,-0.575358
1627.759000,-0.585046
1627.760000,-0.636918
1627.761000,-0.521864
1627.762000,-0.539764
1627.763000,-0.526915
1627.764000,-0.488030
1627.765000,-0.567409
1627.766000,-0.635962
1627.767000,-0.654099
1627.768000,-0.563801
1627.769000,-0.654668
1627.770000,-0.532323
1627.771000,-0.403776
1627.772000,-0.620623
1627.773000,-0.504807
1627.774000,-0.708588
1627.775000,-0.747072
1627.776000,-0.652339
1627.777000,-0.540240
1627.778000,-0.495608
1627.779000,-0.444693
1627.780000,-0.382001
1627.781000,-0.196194
1627.782000,-0.129136
1627.783000,-0.032560
1627.784000,0.087256
1627.785000,0.211714
1627.786000,0.348611
1627.787000,0.518425
1627.788000,0.491979
1627.789000,0.287191
1627.790000,0.358505
1627.791000,0.325605
1627.792000,0.153205
1627.793000,0.098739
1627.794000,0.091382
1627.795000,0.152748
1627.796000,0.228611
1627.797000,0.181827
1627.798000,0.001395
1627.799000,0.161409
1627.800000,0.138579
1627.801000,0.209822
1627.802000,0.462251
1627.803000,0.531743
1627.804000,0.562986
1627.805000,0.566940
1627.806000,0.633137
1627.807000,0.620251
1627.808000,0.461484
1627.809000,0.401718
1627.810000,0.553198
1627.811000,0.609340
1627.812000,0.779859
1627.813000,0.606035
1627.814000,0.589914
1627.815000,0.704311
1627.816000,0.699416
1627.817000,0.756498
1627.818000,0.720788
1627.819000,0.635213
1627.820000,0.668401
1627.821000,0.705014
1627.822000,0.766576
1627.823000,0.788181
1627.824000,0.761415
1627.825000,0.759479
1627.826000,0.719231
1627.827000,0.494423
1627.828000,0.450471
1627.829000,0.480342
1627.830000,0.431917
1627.831000,0.585637
1627.832000,0.785494
1627.833000,0.743928
1627.834000,0.660813
1627.835000,0.635384
1627.836000,0.692078
1627.837000,0.647774
1627.838000,0.849739
1627.839000,0.973107
1627.840000,0.943776
1627.841000,0.749278
1627.842000,0.616627
1627.843000,0.475602
1627.844000,0.425506
1627.845000,0.415764
1627.846000,0.243438
1627.847000,0.316314
1627.848000,0.414823
1627.849000,0.487623
1627.850000,0.606234
1627.851000,0.604267
1627.852000,0.400745
1627.853000,0.262784
1627.854000,0.110319
1627.855000,0.185506
1627.856000,0.241691
1627.857000,0.189233
1627.858000,0.011566
1627.859000,-0.129209
1627.860000,-0.297498
1627.861000,-0.360681
1627.862000,-0.394533
1627.863000,-0.508193
1627.864000,-0.455111
1627.865000,-0.404500
1627.866000,-0.385406
1627.867000,-0.590952
1627.868000,-0.439331
1627.869000,-0.551374
1627.870000,-0.680290
1627.871000,-0.696134
1627.872000,-0.720679
1627.873000,-0.917493
1627.874000,-0.852284
1627.875000,-0.798484
1627.876000,-0.783614
1627.877000,-0.687595
1627.878000,-0.748069
1627.879000,-0.615014
1627.880000,-0.849908
1627.881000,-0.949322
1627.882000,-0.905348
1627.883000,-0.884380
1627.884000,-0.791697
1627.885000,-0.774167
1627.886000,-0.835932
1627.887000,-0.655102
1627.888000,-0.711129
1627.889000,-0.775336
1627.890000,-0.946091
1627.891000,-0.681762
1627.892000,-0.704850
1627.893000,-0.665084
1627.894000,-0.651587
1627.895000,-0.748091
1627.896000,-0.686340
1627.897000,-0.615102
1627.898000,-0.734542
1627.899000,-0.702525
1627.900000,-0.631990
1627.901000,-0.650639
1627.902000,-0.553022
1627.903000,-0.545890
1627.904000,-0.426734
1627.905000,-0.454880
1627.906000,-0.336553
1627.907000,-0.214798
1627.908000,-0.300705
1627.909000,-0.208339
1627.910000,-0.080729
1627.911000,-0.027958
1627.912000,-0.008751
1627.913000,-0.003175
1627.914000,0.047506
1627.915000,0.131361
1627.916000,0.067046
1627.917000,0.112483
1627.918000,0.093629
1627.919000,-0.097249
1627.920000,-0.037692
1627.921000,-0.070584
1627.922000,-0.246712
1627.923000,-0.213896
1627.924000,-0.197283
1627.925000,-0.152644
1627.926000,-0.059327
1627.927000,0.108353
1627.928000,0.145462
1627.929000,0.130514
1627.930000,0.019836
1627.931000,0.014035
1627.932000,0.090673
1627.933000,0.063557
1627.934000,0.291380
1627.935000,0.181708
1627.936000,0.365800
1627.937000,0.539799
1627.938000,0.612354
1627.939000,0.518378
1627.940000,0.650853
1627.941000,0.702567
1627.942000,0.705408
1627.943000,0.597298
1627.944000,0.517803
1627.945000,0.461970
1627.946000,0.490967
1627.947000,0.526902
1627.948000,0.562639
1627.949000,0.680495
1627.950000,0.692971
1627.951000,0.737461
1627.952000,0.768107
1627.953000,0.891798
1627.954000,0.719543
1627.955000,0.704152
1627.956000,0.893635
1627.957000,0.788611
1627.958000,0.911206
1627.959000,0.871871
1627.960000,0.782343
1627.961000,0.541211
1627.962000,0.514752
1627.963000,0.598442
1627.964000,0.536951
1627.965000,0.416704
1627.966000,0.505138
1627.967000,0.387732
1627.968000,0.450884
1627.969000,0.655194
1627.970000,0.793749
1627.971000,0.671625
1627.972000,0.677467
1627.973000,0.494940
1627.974000,0.340282
1627.975000,0.504382
1627.976000,0.452306
1627.977000,0.408619
1627.978000,0.484714
1627.979000,0.414503
1627.980000,0.408775
1627.981000,0.305056
1627.982000,0.374740
1627.983000,0.489067
1627.984000,0.497092
1627.985000,0.527278
1627.986000,0.498788
1627.987000,0.537472
1627.988000,0.448292
1627.989000,0.374100
1627.990000,0.374844
1627.991000,0.208143
1627.992000,0.159711
1627.993000,0.400704
1627.994000,0.567670
1627.995000,0.588848
1627.996000,0.572892
1627.997000,0.613327
1627.998000,0.712528
1627.999000,0.646746
1628.000000,0.551133
1628.001000,0.432645
1628.002000,0.456298
1628.003000,0.263157
1628.004000,0.078439
1628.005000,-0.030498
1628.006000,-0.102671
1628.007000,-0.060378
1628.008000,-0.137417
1628.009000,-0.025766
1628.010000,0.027797
1628.011000,-0.073859
1628.012000,0.010177
1628.013000,0.179624
1628.014000,0.276708
1628.015000,0.472837
1628.016000,0.454918
1628.017000,0.386579
1628.018000,0.396330
1628.019000,0.631692
1628.020000,0.585334
1628.021000,0.558115
1628.022000,0.626110
1628.023000,0.650901
1628.024000,0.611894
1628.025000,0.462385
1628.026000,0.462356
1628.027000,0.633066
1628.028000,0.666969
1628.029000,0.593151
1628.030000,0.493669
1628.031000,0.516598
1628.032000,0.594859
1628.033000,0.697156
1628.034000,0.620512
1628.035000,0.606536
1628.036000,0.674317
1628.037000,0.714184
1628.038000,0.771502
1628.039000,0.696744
1628.040000,0.660408
1628.041000,0.591451
1628.042000,0.644006
1628.043000,0.584503
1628.044000,0.492637
1628.045000,0.397360
1628.046000,0.342356
1628.047000,0.324235
1628.048000,0.208563
1628.049000,0.186910
1628.050000,0.401360
1628.051000,0.384246
1628.052000,0.457454
1628.053000,0.599913
1628.054000,0.687287
1628.055000,0.579233
1628.056000,0.641391
1628.057000,0.565828
1628.058000,0.580304
1628.059000,0.421671
1628.060000,0.541271
1628.061000,0.489962
1628.062000,0.577658
1628.063000,0.563723
1628.064000,0.441132
1628.065000,0.318590
1628.066000,0.241219
1628.067000,0.422995
1628.068000,0.334479
1628.069000,0.266381
1628.070000,0.316445
1628.071000,0.363568
1628.072000,0.363390
1628.073000,0.225501
1628.074000,0.171858
1628.075000,0.094456
1628.076000,0.021235
1628.077000,0.055620
1628.078000,0.066942
1628.079000,-0.072471
1628.080000,-0.131630
1628.081000,-0.086487
1628.082000,-0.111624
1628.083000,-0.077973
1628.084000,-0.004063
1628.085000,0.154337
1628.086000,0.262050
1628.087000,0.233497
1628.088000,0.411883
1628.089000,0.375235
1628.090000,0.373142
1628.091000,0.472719
1628.092000,0.371586
1628.093000,0.434620
1628.094000,0.557316
1628.095000,0.458336
1628.096000,0.499874
1628.097000,0.602114
1628.098000,0.770200
1628.099000,0.714745
1628.100000,0.761652
1628.101000,0.659770
1628.102000,0.769295
1628.103000,0.603315
1628.104000,0.543040
1628.105000,0.532882
1628.106000,0.614387
1628.107000,0.611493
1628.108000,0.816045
1628.109000,0.676489
1628.110000,0.740535
1628.111000,0.643255
1628.112000,0.403861
1628.113000,0.390619
1628.114000,0.335756
1628.115000,0.298039
1628.116000,0.306938
1628.117000,0.390974
1628.118000,0.284384
1628.119000,0.286325
1628.120000,0.224705
1628.121000,0.301111
1628.122000,0.317085
1628.123000,0.247167
1628.124000,0.206268
1628.125000,0.208349
1628.126000,0.287900
1628.127000,0.170444
1628.128000,0.230772
1628.129000,0.204630
1628.130000,0.346881
1628.131000,0.245080
1628.132000,0.151639
1628.133000,-0.074793
1628.134000,-0.137920
1628.135000,-0.261193
1628.136000,-0.316513
1628.137000,-0.253978
1628.138000,-0.222779
1628.139000,-0.075954
1628.140000,0.117863
1628.141000,0.336638
1628.142000,0.258220
1628.143000,0.440512
1628.144000,0.544824
1628.145000,0.516318
1628.146000,0.519753
1628.147000,0.542014
1628.148000,0.540377
1628.149000,0.401387
1628.150000,0.383495
1628.151000,0.497747
1628.152000,0.457822
1628.153000,0.343271
1628.154000,0.315735
1628.155000,0.275177
1628.156000,0.235157
1628.157000,0.084616
1628.158000,0.144799
1628.159000,0.322116
1628.160000,0.224307
1628.161000,-0.091067
1628.162000,0.042143
1628.163000,-0.048108
1628.164000,-0.038233
1628.165000,-0.131948
1628.166000,-0.106838
1628.167000,-0.158078
1628.168000,-0.089207
1628.169000,-0.200860
1628.170000,-0.248033
1628.171000,-0.436541
1628.172000,-0.447637
1628.173000,-0.551970
1628.174000,-0.432967
1628.175000,-0.421439
1628.176000,-0.423948
1628.177000,-0.266578
1628.178000,-0.374383
1628.179000,-0.318219
1628.180000,-0.286212
1628.181000,-0.197586
1628.182000,-0.350716
1628.183000,-0.581886
1628.184000,-0.572606
1628.185000,-0.660382
1628.186000,-0.618395
1628.187000,-0.742733
1628.188000,-0.736469
1628.189000,-0.655723
1628.190000,-0.657654
1628.191000,-0.683864
1628.192000,-0.788693
1628.193000,-0.859531
1628.194000,-0.931267
1628.195000,-1.156882
1628.196000,-1.072689
1628.197000,-1.039453
1628.198000,-1.195349
1628.199000,-1.159163
1628.200000,-1.227653
1628.201000,-1.420536
1628.202000,-1.369284
1628.203000,-1.212011
1628.204000,-1.408063
1628.205000,-1.145942
1628.206000,-1.141553
1628.207000,-1.115586
1628.208000,-0.998522
1628.209000,-0.911991
1628.210000,-0.905572
1628.211000,-0.960613
1628.212000,-0.946281
1628.213000,-0.855641
1628.214000,-0.765575
1628.215000,-0.691074
1628.216000,-0.809967
1628.217000,-0.717411
1628.218000,-0.779404
1628.219000,-0.871968
1628.220000,-0.792403
1628.221000,-0.839523
1628.222000,-0.702114
1628.223000,-0.832139
1628.224000,-0.807777
1628.225000,-0.708897
1628.226000,-0.841207
1628.227000,-0.842461
1628.228000,-0.934045
1628.229000,-1.032418
1628.230000,-0.991151
1628.231000,-1.026572
1628.232000,-1.237342
1628.233000,-1.240844
1628.234000,-1.093533
1628.235000,-1.041654
1628.236000,-1.037694
1628.237000,-1.007460
1628.238000,-0.937859
1628.239000,-0.929142
1628.240000,-0.881350
1628.241000,-0.951041
1628.242000,-1.117550
1628.243000,-1.235582
1628.244000,-0.876304
1628.245000,-0.822613
1628.246000,-0.692309
1628.247000,-0.550387
1628.248000,-0.589438
1628.249000,-0.443197
1628.250000,-0.471485
1628.251000,-0.467109
1628.252000,-0.472065
1628.253000,-0.475192
1628.254000,-0.338012
1628.255000,-0.313801
1628.256000,-0.229181
1628.257000,-0.058957
1628.258000,-0.010696
1628.259000,-0.027060
1628.260000,-0.047828
1628.261000,-0.217256
1628.262000,-0.017156
1628.263000,0.164235
1628.264000,0.256199
1628.265000,0.118254
1628.266000,0.253901
1628.267000,0.383348
1628.268000,0.436194
1628.269000,0.389499
1628.270000,0.389741
1628.271000,0.400912
1628.272000,0.439783
1628.273000,0.534663
1628.274000,0.462363
1628.275000,0.551340
1628.276000,0.595670
1628.277000,0.697850
1628.278000,0.511641
1628.279000,0.566004
1628.280000,0.705671
1628.281000,0.769681
1628.282000,0.795807
1628.283000,0.667533
1628.284000,0.641701
1628.285000,0.634099
1628.286000,0.630069
1628.287000,0.597705
1628.288000,0.691134
1628.289000,0.786006
1628.290000,0.742630
1628.291000,0.793967
1628.292000,0.717600
1628.293000,0.586511
1628.294000,0.712674
1628.295000,0.787366
1628.296000,0.545586
1628.297000,0.533753
1628.298000,0.532597
1628.299000,0.445405
1628.300000,0.498264
1628.301000,0.488914
1628.302000,0.433566
1628.303000,0.454902
1628.304000,0.489764
1628.305000,0.345977
1628.306000,0.319183
1628.307000,0.215789
1628.308000,0.299961
1628.309000,0.280471
1628.310000,0.181140
1628.311000,0.013930
1628.312000,-0.042074
1628.313000,0.065490
1628.314000,0.142711
1628.315000,0.034279
1628.316000,0.047845
1628.317000,-0.037115
1628.318000,-0.033286
1628.319000,0.088195
1628.320000,0.175324
1628.321000,0.268835
1628.322000,0.273786
1628.323000,0.160719
1628.324000,0.001275
1628.325000,0.037795
1628.326000,0.104397
1628.327000,0.217260
1628.328000,0.254424
1628.329000,0.171926
1628.330000,0.141072
1628.331000,0.404690
1628.332000,0.310382
1628.333000,0.368644
1628.334000,0.360591
1628.335000,0.538892
1628.336000,0.673300
1628.337000,0.732667
1628.338000,0.803530
1628.339000,0.797040
1628.340000,0.758489
1628.341000,0.652447
1628.342000,0.557871
1628.343000,0.522012
1628.344000,0.570234
1628.345000,0.653135
1628.346000,0.611820
1628.347000,0.644713
1628.348000,0.425890
1628.349000,0.421249
1628.350000,0.559979
1628.351000,0.435233
1628.352000,0.447013
1628.353000,0.332335
1628.354000,0.343321
1628.355000,0.394673
1628.356000,0.307942
1628.357000,0.408814
1628.358000,0.540551
1628.359000,0.484060
1628.360000,0.372781
1628.361000,0.089942
1628.362000,0.114732
1628.363000,0.144441
1628.364000,0.062400
1628.365000,0.006269
1628.366000,-0.004651
1628.367000,0.017194
1628.368000,-0.117305
1628.369000,-0.016476
1628.370000,-0.067743
1628.371000,0.074473
1628.372000,0.076075
1628.373000,0.026566
1628.374000,-0.069549
1628.375000,-0.023563
1628.376000,-0.102531
1628.377000,-0.046449
1628.378000,0.038946
1628.379000,0.025898
1628.380000,0.031568
1628.381000,0.246645
1628.382000,0.267615
1628.383000,0.268810
1628.384000,0.422310
1628.385000,0.317018
1628.386000,0.498593
1628.387000,0.558712
1628.388000,0.490045
1628.389000,0.475232
1628.390000,0.521884
1628.391000,0.324494
1628.392000,0.226637
1628.393000,0.360830
1628.394000,0.272432
1628.395000,0.277764
1628.396000,0.188266
1628.397000,0.217738
1628.398000,0.106400
1628.399000,0.265108
1628.400000,0.101193
1628.401000,0.017228
1628.402000,0.146233
1628.403000,0.067547
1628.404000,0.061531
1628.405000,0.047012
1628.406000,0.173691
1628.407000,0.246084
1628.408000,-0.010373
1628.409000,0.021936
1628.410000,0.168884
1628.411000,0.130739
1628.412000,0.124211
1628.413000,-0.098143
1628.414000,0.060539
1628.415000,0.066743
1628.416000,0.024296
1628.417000,0.065062
1628.418000,0.029600
1628.419000,0.244911
1628.420000,0.288466
1628.421000,0.172640
1628.422000,0.052608
1628.423000,-0.040514
1628.424000,-0.100417
1628.425000,-0.018475
1628.426000,0.147609
1628.427000,0.225233
1628.428000,0.187960
1628.429000,0.163452
1628.430000,0.173751
1628.431000,0.160356
1628.432000,0.117264
1628.433000,0.101412
1628.434000,-0.021385
1628.435000,-0.312545
1628.436000,-0.412550
1628.437000,-0.342927
1628.438000,-0.477322
1628.439000,-0.246801
1628.440000,0.022657
1628.441000,0.065802
1628.442000,-0.052793
1628.443000,-0.153533
1628.444000,-0.201052
1628.445000,-0.113295
1628.446000,-0.043512
1628.447000,-0.213458
1628.448000,-0.061056
1628.449000,-0.013353
1628.450000,0.023004
1628.451000,-0.205145
1628.452000,-0.154415
1628.453000,-0.258094
1628.454000,-0.107714
1628.455000,-0.123338
1628.456000,-0.055251
1628.457000,-0.075920
1628.458000,-0.006193
1628.459000,0.035170
1628.460000,0.066225
1628.461000,-0.025401
1628.462000,0.106821
1628.463000,0.001745
1628.464000,-0.237048
1628.465000,-0.071708
1628.466000,-0.134088
1628.467000,0.029270
1628.468000,0.216091
1628.469000,0.244188
1628.470000,0.068598
1628.471000,0.019307
1628.472000,0.070636
1628.473000,-0.037128
1628.474000,0.125350
1628.475000,0.051364
1628.476000,0.129407
1628.477000,-0.006513
1628.478000,-0.064087
1628.479000,-0.192534
1628.480000,-0.192569
1628.481000,-0.251522
1628.482000,-0.277908
1628.483000,-0.278022
1628.484000,-0.337997
1628.485000,-0.227183
1628.486000,-0.136905
1628.487000,-0.369660
1628.488000,-0.365647
1628.489000,-0.471694
1628.490000,-0.545309
1628.491000,-0.679813
1628.492000,-0.694677
1628.493000,-0.798722
1628.494000,-0.809733
1628.495000,-0.860858
1628.496000,-0.537086
1628.497000,-0.504062
1628.498000,-0.237007
1628.499000,-0.274864
1628.500000,-0.327035
1628.501000,-0.525519
1628.502000,-0.386894
1628.503000,-0.412034
1628.504000,-0.529987
1628.505000,-0.558080
1628.506000,-0.635109
1628.507000,-0.728607
1628.508000,-0.625769
1628.509000,-0.480161
1628.510000,-0.389135
1628.511000,-0.547647
1628.512000,-0.555171
1628.513000,-0.522082
1628.514000,-0.599154
1628.515000,-0.510651
1628.516000,-0.648785
1628.517000,-0.623624
1628.518000,-0.760591
1628.519000,-0.767970
1628.520000,-0.686874
1628.521000,-0.783311
1628.522000,-0.822880
1628.523000,-0.827029
1628.524000,-0.891699
1628.525000,-0.893192
1628.526000,-0.911887
1628.527000,-0.831876
1628.528000,-0.892466
1628.529000,-0.854683
1628.530000,-0.785550
1628.531000,-0.840721
1628.532000,-0.974276
1628.533000,-0.896144
1628.534000,-0.898586
1628.535000,-0.916325
1628.536000,-0.905851
1628.537000,-1.118437
1628.538000,-1.232115
1628.539000,-1.212375
1628.540000,-1.158869
1628.541000,-1.317692
1628.542000,-1.373437
1628.543000,-1.464483
1628.544000,-1.289140
1628.545000,-1.325765
1628.546000,-1.443079
1628.547000,-1.270846
1628.548000,-1.170824
1628.549000,-1.211951
1628.550000,-1.166797
1628.551000,-1.188996
1628.552000,-1.338197
1628.553000,-1.217810
1628.554000,-0.943938
1628.555000,-0.780482
1628.556000,-0.708566
1628.557000,-0.866113
1628.558000,-0.975386
1628.559000,-0.744250
1628.560000,-0.760988
1628.561000,-0.501221
1628.562000,-0.385331
1628.563000,-0.281291
1628.564000,-0.066396
1628.565000,-0.086111
1628.566000,-0.061374
1628.567000,-0.032639
1628.568000,-0.164208
1628.569000,-0.259654
1628.570000,-0.303699
1628.571000,-0.231239
1628.572000,-0.217617
1628.573000,-0.145693
1628.574000,-0.141040
1628.575000,-0.015840
1628.576000,0.023915
1628.577000,0.169979
1628.578000,0.187569
1628.579000,0.145188
1628.580000,0.192664
1628.581000,0.075546
1628.582000,-0.014617
1628.583000,-0.121394
1628.584000,-0.128433
1628.585000,-0.143407
1628.586000,0.028189
1628.587000,0.010700
1628.588000,-0.015543
1628.589000,-0.114294
1628.590000,-0.177081
1628.591000,-0.148636
1628.592000,-0.046943
1628.593000,0.045561
1628.594000,0.059902
1628.595000,-0.060691
1628.596000,-0.131016
1628.597000,-0.046256
1628.598000,-0.030211
1628.599000,-0.211113
1628.600000,-0.289195
1628.601000,-0.303667
1628.602000,-0.283336
1628.603000,-0.395007
1628.604000,-0.576974
1628.605000,-0.493278
1628.606000,-0.548219
1628.607000,-0.449162
1628.608000,-0.436113
1628.609000,-0.618158
1628.610000,-0.718440
1628.611000,-0.469286
1628.612000,-0.424629
1628.613000,-0.450724
1628.614000,-0.361255
1628.615000,-0.473095
1628.616000,-0.331644
1628.617000,-0.481501
1628.618000,-0.609166
1628.619000,-0.522832
1628.620000,-0.631645
1628.621000,-0.448676
1628.622000,-0.543136
1628.623000,-0.776382
1628.624000,-0.651772
1628.625000,-0.593092
1628.626000,-0.606377
1628.627000,-0.465328
1628.628000,-0.386882
1628.629000,-0.660056
1628.630000,-0.623726
1628.631000,-0.694749
1628.632000,-0.655507
1628.633000,-0.670863
1628.634000,-0.518629
1628.635000,-0.636608
1628.636000,-0.462111
1628.637000,-0.232668
1628.638000,-0.201845
1628.639000,-0.125741
1628.640000,-0.125947
1628.641000,-0.113103
1628.642000,-0.122738
1628.643000,-0.212436
1628.644000,-0.226820
1628.645000,-0.096523
1628.646000,-0.078519
1628.647000,-0.080171
1628.648000,-0.060040
1628.649000,0.008384
1628.650000,0.021039
1628.651000,-0.069320
1628.652000,-0.060346
1628.653000,-0.112308
1628.654000,-0.184757
1628.655000,-0.114400
1628.656000,-0.089202
1628.657000,-0.171470
1628.658000,-0.069948
1628.659000,-0.155355
1628.660000,-0.286298
1628.661000,-0.410642
1628.662000,-0.353127
1628.663000,-0.330740
1628.664000,-0.168414
1628.665000,-0.083569
1628.666000,-0.111046
1628.667000,-0.181205
1628.668000,-0.188299
1628.669000,-0.199626
1628.670000,-0.037941
1628.671000,0.058937
1628.672000,0.140009
1628.673000,0.113677
1628.674000,0.149285
1628.675000,0.253909
1628.676000,0.445541
1628.677000,0.495817
1628.678000,0.431811
1628.679000,0.361519
1628.680000,0.538034
1628.681000,0.588268
1628.682000,0.570174
1628.683000,0.521117
1628.684000,0.571815
1628.685000,0.413241
1628.686000,0.252076
1628.687000,0.379093
1628.688000,0.377997
1628.689000,0.493367
1628.690000,0.389050
1628.691000,0.369636
1628.692000,0.178156
1628.693000,-0.072329
1628.694000,-0.128992
1628.695000,-0.191680
1628.696000,-0.431622
1628.697000,-0.328808
1628.698000,-0.279034
1628.699000,-0.329348
1628.700000,-0.111884
1628.701000,-0.274765
1628.702000,-0.248291
1628.703000,-0.315978
1628.704000,-0.329361
1628.705000,-0.422694
1628.706000,-0.306918
1628.707000,-0.301785
1628.708000,-0.373735
1628.709000,-0.483204
1628.710000,-0.602404
1628.711000,-0.508971
1628.712000,-0.435603
1628.713000,-0.435140
1628.714000,-0.295406
1628.715000,-0.332014
1628.716000,-0.397792
1628.717000,-0.313482
1628.718000,-0.187678
1628.719000,-0.365351
1628.720000,-0.456383
1628.721000,-0.394827
1628.722000,-0.615469
1628.723000,-0.448456
1628.724000,-0.517725
1628.725000,-0.529604
1628.726000,-0.550817
1628.727000,-0.557250
1628.728000,-0.557453
1628.729000,-0.416051
1628.730000,-0.311218
1628.731000,-0.252774
1628.732000,-0.344738
1628.733000,-0.438067
1628.734000,-0.494658
1628.735000,-0.217673
1628.736000,-0.057127
1628.737000,0.016952
1628.738000,0.203830
1628.739000,0.121883
1628.740000,0.246455
1628.741000,0.074478
1628.742000,0.121098
1628.743000,-0.101553
1628.744000,-0.238885
1628.745000,-0.126284
1628.746000,-0.060278
1628.747000,-0.205776
1628.748000,-0.358003
1628.749000,-0.290403
1628.750000,-0.439978
1628.751000,-0.524902
1628.752000,-0.540613
1628.753000,-0.488758
1628.754000,-0.412407
1628.755000,-0.403361
1628.756000,-0.440438
1628.757000,-0.444627
1628.758000,-0.533057
1628.759000,-0.467210
1628.760000,-0.354990
1628.761000,-0.448792
1628.762000,-0.457435
1628.763000,-0.567111
1628.764000,-0.553973
1628.765000,-0.580934
1628.766000,-0.408348
1628.767000,-0.267305
1628.768000,-0.378967
1628.769000,-0.084889
1628.770000,-0.253314
1628.771000,-0.248519
1628.772000,-0.199181
1628.773000,-0.219857
1628.774000,-0.062415
1628.775000,0.015195
1628.776000,0.087894
1628.777000,0.104858
1628.778000,0.288578
1628.779000,0.171714
1628.780000,0.146032
1628.781000,0.101468
1628.782000,0.236737
1628.783000,0.249956
1628.784000,0.379262
1628.785000,0.360019
1628.786000,0.412560
1628.787000,0.293458
1628.788000,0.205156
1628.789000,0.128639
1628.790000,0.046409
1628.791000,0.063360
1628.792000,-0.027450
1628.793000,-0.148795
1628.794000,-0.102733
1628.795000,-0.091417
1628.796000,-0.024894
1628.797000,0.075454
1628.798000,0.206376
1628.799000,0.154909
1628.800000,0.233765
1628.801000,0.251638
1628.802000,0.259863
1628.803000,0.437391
1628.804000,0.420785
1628.805000,0.489008
1628.806000,0.543067
1628.807000,0.367979
1628.808000,0.401443
1628.809000,0.581086
1628.810000,0.718636
1628.811000,0.755370
1628.812000,0.740739
1628.813000,0.761535
1628.814000,0.886991
1628.815000,0.866221
1628.816000,0.922108
1628.817000,1.019066
1628.818000,1.232975
1628.819000,1.276696
1628.820000,1.381421
1628.821000,1.447178
1628.822000,1.431783
1628.823000,1.409418
1628.824000,1.338163
1628.825000,1.266692
1628.826000,1.249089
1628.827000,1.360130
1628.828000,1.450787
1628.829000,1.417560
1628.830000,1.377871
1628.831000,1.441250
1628.832000,1.307675
1628.833000,1.340277
1628.834000,1.291996
1628.835000,1.446859
1628.836000,1.436874
1628.837000,1.497244
1628.838000,1.534329
1628.839000,1.439169
1628.840000,1.508315
1628.841000,1.466219
1628.842000,1.547383
1628.843000,1.533534
1628.844000,1.656528
1628.845000,1.511229
1628.846000,1.676646
1628.847000,1.626994
1628.848000,1.323656
1628.849000,1.357370
1628.850000,1.325170
1628.851000,1.223112
1628.852000,1.256854
1628.853000,1.162035
1628.854000,1.227450
1628.855000,1.293528
1628.856000,1.337596
1628.857000,1.286682
1628.858000,1.295682
1628.859000,1.161724
1628.860000,1.196469
1628.861000,0.951226
1628.862000,0.999520
1628.863000,0.778442
1628.864000,0.831610
1628.865000,0.807687
1628.866000,0.673502
1628.867000,0.716529
1628.868000,0.677430
1628.869000,0.610614
1628.870000,0.753745
1628.871000,0.596675
1628.872000,0.606498
1628.873000,0.482186
1628.874000,0.430856
1628.875000,0.435951
1628.876000,0.603203
1628.877000,0.766808
1628.878000,0.913053
1628.879000,0.866692
1628.880000,0.891341
1628.881000,0.972628
1628.882000,0.882754
1628.883000,1.084947
1628.884000,1.094577
1628.885000,1.060355
1628.886000,1.193145
1628.887000,1.137634
1628.888000,1.021096
1628.889000,0.714792
1628.890000,0.672048
1628.891000,0.672250
1628.892000,0.668174
1628.893000,0.753922
1628.894000,0.728706
1628.895000,0.503604
1628.896000,0.438819
1628.897000,0.561452
1628.898000,0.623482
1628.899000,0.685843
1628.900000,0.531699
1628.901000,0.419274
1628.902000,0.367343
1628.903000,0.231770
1628.904000,0.169371
1628.905000,0.189074
1628.906000,0.245544
1628.907000,0.358151
1628.908000,0.248726
1628.909000,0.348610
1628.910000,0.366762
1628.911000,0.404484
1628.912000,0.239029
1628.913000,0.191011
1628.914000,0.337835
1628.915000,0.498932
1628.916000,0.390839
1628.917000,0.395100
1628.918000,0.394986
1628.919000,0.458085
1628.920000,0.381565
1628.921000,0.231104
1628.922000,0.141339
1628.923000,0.163040
1628.924000,0.179378
1628.925000,0.392353
1628.926000,0.528967
1628.927000,0.585073
1628.928000,0.570438
1628.929000,0.481117
1628.930000,0.587358
1628.931000,0.725658
1628.932000,0.872140
1628.933000,0.635439
1628.934000,0.384641
1628.935000,0.360063
1628.936000,0.412645
1628.937000,0.299546
1628.938000,0.375362
1628.939000,0.593782
1628.940000,0.494471
1628.941000,0.537148
1628.942000,0.522164
1628.943000,0.476856
1628.944000,0.245897
1628.945000,0.265460
1628.946000,0.056932
1628.947000,0.027324
1628.948000,0.055136
1628.949000,0.137494
1628.950000,0.099642
1628.951000,0.081589
1628.952000,0.085301
1628.953000,0.043323
1628.954000,0.080701
1628.955000,0.006686
1628.956000,-0.103511
1628.957000,0.194364
1628.958000,0.111855
1628.959000,0.135919
1628.960000,0.177910
1628.961000,0.141149
1628.962000,0.217769
1628.963000,0.186162
1628.964000,-0.002924
1628.965000,0.202559
1628.966000,0.176603
1628.967000,0.037288
1628.968000,0.022321
1628.969000,0.089554
1628.970000,0.087007
1628.971000,0.018493
1628.972000,0.122098
1628.973000,-0.097497
1628.974000,-0.132951
1628.975000,-0.061209
1628.976000,-0.008145
1628.977000,0.055494
1628.978000,0.087698
1628.979000,0.100675
1628.980000,0.072245
1628.981000,0.094553
1628.982000,-0.050746
1628.983000,-0.119286
1628.984000,-0.305145
1628.985000,-0.263924
1628.986000,-0.238995
1628.987000,-0.286349
1628.988000,-0.258103
1628.989000,-0.205416
1628.990000,-0.092040
1628.991000,-0.249232
1628.992000,-0.313586
1628.993000,-0.351292
1628.994000,-0.452119
1628.995000,-0.299012
1628.996000,-0.199516
1628.997000,-0.000779
1628.998000,-0.077318
1628.999000,-0.180375
1629.000000,-0.169397
1629.001000,-0.196442
1629.002000,-0.184737
1629.003000,-0.288166
1629.004000,-0.172348
1629.005000,-0.060263
1629.006000,-0.162937
1629.007000,-0.143168
1629.008000,-0.445813
1629.009000,-0.445481
1629.010000,-0.445478
1629.011000,-0.512957
1629.012000,-0.434619
1629.013000,-0.552270
1629.014000,-0.500773
1629.015000,-0.434528
1629.016000,-0.541440
1629.017000,-0.728707
1629.018000,-0.653424
1629.019000,-0.706410
1629.020000,-0.633761
1629.021000,-0.776430
1629.022000,-0.821109
1629.023000,-0.895396
1629.024000,-0.905734
1629.025000,-0.890070
1629.026000,-0.818762
1629.027000,-0.858540
1629.028000,-0.840525
1629.029000,-0.930826
1629.030000,-0.929710
1629.031000,-0.941682
1629.032000,-1.020857
1629.033000,-1.056841
1629.034000,-0.893658
1629.035000,-0.988290
1629.036000,-1.110898
1629.037000,-0.889567
1629.038000,-1.003681
1629.039000,-1.037118
1629.040000,-0.866294
1629.041000,-0.979379
1629.042000,-0.799693
1629.043000,-0.725303
1629.044000,-0.720761
1629.045000,-0.628629
1629.046000,-0.537602
1629.047000,-0.560606
1629.048000,-0.535925
1629.049000,-0.704175
1629.050000,-0.610921
1629.051000,-0.561553
1629.052000,-0.649132
1629.053000,-0.732001
1629.054000,-0.785152
1629.055000,-0.822662
1629.056000,-0.849251
1629.057000,-0.793621
1629.058000,-0.646508
1629.059000,-0.774703
1629.060000,-0.760307
1629.061000,-0.768195
1629.062000,-0.872971
1629.063000,-0.710890
1629.064000,-0.695213
1629.065000,-0.687199
1629.066000,-0.676664
1629.067000,-0.661160
1629.068000,-0.796439
1629.069000,-0.675816
1629.070000,-0.654265
1629.071000,-0.751662
1629.072000,-0.802115
1629.073000,-0.775123
1629.074000,-0.764936
1629.075000,-0.717190
1629.076000,-0.744228
1629.077000,-0.573292
1629.078000,-0.304798
1629.079000,-0.368590
1629.080000,-0.494529
1629.081000,-0.510108
1629.082000,-0.429165
1629.083000,-0.457200
1629.084000,-0.404610
1629.085000,-0.410488
1629.086000,-0.421053
1629.087000,-0.309960
1629.088000,-0.304088
1629.089000,-0.221820
1629.090000,-0.197298
1629.091000,-0.122544
1629.092000,-0.111168
1629.093000,-0.034345
1629.094000,-0.084039
1629.095000,0.028067
1629.096000,0.024538
1629.097000,-0.077061
1629.098000,0.042036
1629.099000,0.045043
1629.100000,0.014827
1629.101000,0.047300
1629.102000,0.171591
1629.103000,0.084422
1629.104000,0.075290
1629.105000,0.192058
1629.106000,0.066443
1629.107000,-0.140964
1629.108000,-0.046949
1629.109000,-0.032669
1629.110000,-0.102616
1629.111000,-0.105416
1629.112000,-0.093360
1629.113000,-0.156940
1629.114000,-0.394593
1629.115000,-0.418805
1629.116000,-0.514517
1629.117000,-0.616586
1629.118000,-0.480690
1629.119000,-0.538567
1629.120000,-0.553092
1629.121000,-0.617648
1629.122000,-0.809669
1629.123000,-0.749142
1629.124000,-0.608395
1629.125000,-0.520943
1629.126000,-0.648378
1629.127000,-0.478734
1629.128000,-0.271643
1629.129000,-0.295387
1629.130000,-0.176346
1629.131000,-0.075318
1629.132000,-0.032291
1629.133000,0.166934
1629.134000,0.242874
1629.135000,0.190653
1629.136000,0.263457
1629.137000,0.264445
1629.138000,0.415969
1629.139000,0.305453
1629.140000,0.288870
1629.141000,0.371331
1629.142000,0.352564
1629.143000,0.342256
1629.144000,0.242353
1629.145000,0.263007
1629.146000,0.328787
1629.147000,0.406980
1629.148000,0.339613
1629.149000,0.396285
1629.150000,0.116659
1629.151000,0.238511
1629.152000,0.267379
1629.153000,0.401892
1629.154000,0.491988
1629.155000,0.706700
1629.156000,0.702858
1629.157000,0.719616
1629.158000,0.849883
1629.159000,0.884714
1629.160000,0.910303
1629.161000,0.758266
1629.162000,0.734074
1629.163000,0.669946
1629.164000,0.736576
1629.165000,0.562475
1629.166000,0.577598
1629.167000,0.356947
1629.168000,0.238454
1629.169000,0.150704
1629.170000,0.158497
1629.171000,-0.002706
1629.172000,0.177189
1629.173000,0.241790
1629.174000,0.249310
1629.175000,0.305439
1629.176000,0.255706
1629.177000,0.314921
1629.178000,0.392470
1629.179000,0.511576
1629.180000,0.614390
1629.181000,0.545570
1629.182000,0.305851
1629.183000,0.464983
1629.184000,0.476555
1629.185000,0.529567
1629.186000,0.513127
1629.187000,0.378978
1629.188000,0.336745
1629.189000,0.317417
1629.190000,0.238195
1629.191000,0.188455
1629.192000,0.447038
1629.193000,0.397053
1629.194000,0.348296
1629.195000,0.272599
1629.196000,0.269334
1629.197000,0.323032
1629.198000,0.169006
1629.199000,0.090638
1629.200000,0.271615
1629.201000,0.289893
1629.202000,0.214354
1629.203000,0.202492
1629.204000,0.074654
1629.205000,0.103906
1629.206000,0.169903
1629.207000,0.244049
1629.208000,0.214684
1629.209000,0.270067
1629.210000,0.410717
1629.211000,0.460288
1629.212000,0.427248
1629.213000,0.312886
1629.214000,0.358739
1629.215000,0.293256
1629.216000,0.380237
1629.217000,0.229598
1629.218000,0.368845
1629.219000,0.361772
1629.220000,0.483054
1629.221000,0.396392
1629.222000,0.405292
1629.223000,0.571988
1629.224000,0.612192
1629.225000,0.610883
1629.226000,0.508027
1629.227000,0.678555
1629.228000,0.658492
1629.229000,0.643529
1629.230000,0.570423
1629.231000,0.598050
1629.232000,0.781693
1629.233000,0.788708
1629.234000,0.865779
1629.235000,0.852555
1629.236000,0.788561
1629.237000,0.830730
1629.238000,0.970563
1629.239000,0.983276
1629.240000,0.871856
1629.241000,0.919371
1629.242000,0.989668
1629.243000,0.981366
1629.244000,0.983519
1629.245000,0.793629
1629.246000,0.701993
1629.247000,0.701661
1629.248000,0.649512
1629.249000,0.606776
1629.250000,0.532658
1629.251000,0.449277
1629.252000,0.448283
1629.253000,0.365158
1629.254000,0.222419
1629.255000,0.302652
1629.256000,0.194461
1629.257000,0.106485
1629.258000,0.162153
1629.259000,-0.067782
1629.260000,-0.143459
1629.261000,-0.067091
1629.262000,-0.167075
1629.263000,-0.172662
1629.264000,-0.196047
1629.265000,-0.220569
1629.266000,-0.390061
1629.267000,-0.289331
1629.268000,-0.321709
1629.269000,-0.253871
1629.270000,-0.365188
1629.271000,-0.379881
1629.272000,-0.498872
1629.273000,-0.374558
1629.274000,-0.380833
1629.275000,-0.529550
1629.276000,-0.511536
1629.277000,-0.551699
1629.278000,-0.746433
1629.279000,-0.606231
1629.280000,-0.503463
1629.281000,-0.428063
1629.282000,-0.488826
1629.283000,-0.474338
1629.284000,-0.438393
1629.285000,-0.234239
1629.286000,-0.321646
1629.287000,-0.301890
1629.288000,-0.263867
1629.289000,-0.219389
1629.290000,-0.171441
1629.291000,-0.112068
1629.292000,0.005766
1629.293000,-0.200421
1629.294000,-0.292131
1629.295000,-0.274207
1629.296000,-0.459169
1629.297000,-0.365233
1629.298000,-0.462518
1629.299000,-0.380124
1629.300000,-0.283302
1629.301000,-0.032402
1629.302000,-0.052781
1629.303000,0.180123
1629.304000,0.327473
1629.305000,0.232628
1629.306000,0.254586
1629.307000,0.339614
1629.308000,0.302324
1629.309000,0.231155
1629.310000,0.048236
1629.311000,0.079004
1629.312000,0.193798
1629.313000,0.100123
1629.314000,0.135581
1629.315000,0.110043
1629.316000,0.122859
1629.317000,0.151966
1629.318000,0.067313
1629.319000,0.070260
1629.320000,-0.019244
1629.321000,0.053662
1629.322000,-0.002281
1629.323000,-0.002028
1629.324000,-0.011999
1629.325000,0.045688
1629.326000,0.092385
1629.327000,0.002840
1629.328000,0.042163
1629.329000,0.090196
1629.330000,0.017811
1629.331000,-0.010285
1629.332000,-0.289335
1629.333000,-0.300914
1629.334000,-0.338959
1629.335000,-0.495987
1629.336000,-0.384153
1629.337000,-0.552255
1629.338000,-0.407395
1629.339000,-0.493474
1629.340000,-0.622573
1629.341000,-0.656465
1629.342000,-0.645465
1629.343000,-0.768547
1629.344000,-0.596858
1629.345000,-0.632375
1629.346000,-0.831836
1629.347000,-0.769170
1629.348000,-0.742092
1629.349000,-0.663208
1629.350000,-0.540298
1629.351000,-0.510574
1629.352000,-0.557751
1629.353000,-0.573326
1629.354000,-0.588270
1629.355000,-0.603347
1629.356000,-0.549560
1629.357000,-0.676978
1629.358000,-0.673459
1629.359000,-0.675966
1629.360000,-0.451560
1629.361000,-0.447348
1629.362000,-0.582459
1629.363000,-0.644347
1629.364000,-0.414981
1629.365000,-0.382715
1629.366000,-0.268220
1629.367000,-0.245583
1629.368000,-0.339827
1629.369000,-0.481247
1629.370000,-0.436528
1629.371000,-0.430308
1629.372000,-0.419066
1629.373000,-0.250845
1629.374000,-0.239855
1629.375000,-0.290004
1629.376000,-0.302334
1629.377000,-0.256260
1629.378000,-0.115138
1629.379000,-0.301635
1629.380000,-0.255008
1629.381000,-0.233361
1629.382000,-0.052580
1629.383000,0.028756
1629.384000,-0.161853
1629.385000,-0.215428
1629.386000,-0.264321
1629.387000,-0.131738
1629.388000,0.016961
1629.389000,-0.103774
1629.390000,-0.007142
1629.391000,-0.077541
1629.392000,-0.048018
1629.393000,0.019187
1629.394000,0.061809
1629.395000,0.143390
1629.396000,0.203374
1629.397000,0.367321
1629.398000,0.351135
1629.399000,0.557465
1629.400000,0.499079
1629.401000,0.540290
1629.402000,0.625375
1629.403000,0.627451
1629.404000,0.523673
1629.405000,0.491228
1629.406000,0.557024
1629.407000,0.536784
1629.408000,0.563063
1629.409000,0.434001
1629.410000,0.388238
1629.411000,0.482038
1629.412000,0.501136
1629.413000,0.442878
1629.414000,0.307154
1629.415000,0.309345
1629.416000,0.219765
1629.417000,0.236848
1629.418000,0.350871
1629.419000,0.182816
1629.420000,0.001218
1629.421000,0.049843
1629.422000,-0.027661
1629.423000,0.021038
1629.424000,0.008669
1629.425000,0.120506
1629.426000,-0.031614
1629.427000,0.124803
1629.428000,0.045218
1629.429000,-0.164785
1629.430000,-0.161425
1629.431000,-0.332574
1629.432000,-0.294591
1629.433000,-0.323001
1629.434000,-0.215378
1629.435000,-0.424154
1629.436000,-0.333659
1629.437000,-0.222785
1629.438000,-0.230568
1629.439000,-0.163297
1629.440000,0.015668
1629.441000,0.048107
1629.442000,0.113843
1629.443000,0.121268
1629.444000,0.090253
1629.445000,0.192484
1629.446000,0.200125
1629.447000,0.121409
1629.448000,0.199876
1629.449000,0.328196
1629.450000,0.248613
1629.451000,0.145345
1629.452000,0.089687
1629.453000,-0.088947
1629.454000,-0.308591
1629.455000,-0.343688
1629.456000,-0.356797
1629.457000,-0.352537
1629.458000,-0.400075
1629.459000,-0.490716
1629.460000,-0.609914
1629.461000,-0.691516
1629.462000,-0.773358
1629.463000,-0.488327
1629.464000,-0.382541
1629.465000,-0.447852
1629.466000,-0.419797
1629.467000,-0.423394
1629.468000,-0.400504
1629.469000,-0.409325
1629.470000,-0.624647
1629.471000,-0.435936
1629.472000,-0.488564
1629.473000,-0.546840
1629.474000,-0.557176
1629.475000,-0.335894
1629.476000,-0.248162
1629.477000,-0.274366
1629.478000,-0.379063
1629.479000,-0.200680
1629.480000,-0.189655
1629.481000,-0.302283
1629.482000,-0.319935
1629.483000,-0.429317
1629.484000,-0.512369
1629.485000,-0.366360
1629.486000,-0.129312
1629.487000,-0.072100
1629.488000,0.037489
1629.489000,0.077276
1629.490000,0.101414
1629.491000,0.071469
1629.492000,0.137499
1629.493000,0.103691
1629.494000,0.050042
1629.495000,-0.162470
1629.496000,-0.105559
1629.497000,-0.200747
1629.498000,-0.267257
1629.499000,-0.162595
1629.500000,-0.188523
1629.501000,-0.051219
1629.502000,-0.019006
1629.503000,0.058374
1629.504000,-0.001777
1629.505000,-0.047453
1629.506000,-0.133782
1629.507000,-0.171759
1629.508000,-0.248372
1629.509000,-0.164670
1629.510000,-0.247376
1629.511000,-0.239121
1629.512000,-0.156779
1629.513000,-0.211473
1629.514000,-0.379077
1629.515000,-0.407096
1629.516000,-0.406724
1629.517000,-0.217074
1629.518000,-0.076358
1629.519000,-0.236135
1629.520000,-0.456287
1629.521000,-0.312730
1629.522000,-0.147366
1629.523000,-0.264604
1629.524000,-0.355950
1629.525000,-0.264900
1629.526000,-0.340503
1629.527000,-0.195169
1629.528000,-0.379759
1629.529000,-0.303924
1629.530000,-0.350674
1629.531000,-0.416961
1629.532000,-0.321551
1629.533000,-0.314516
1629.534000,-0.290707
1629.535000,-0.274675
1629.536000,-0.287655
1629.537000,-0.326667
1629.538000,-0.237374
1629.539000,-0.172226
1629.540000,-0.401249
1629.541000,-0.334287
1629.542000,-0.473331
1629.543000,-0.542683
1629.544000,-0.512488
1629.545000,-0.747864
1629.546000,-0.847109
1629.547000,-0.871477
1629.548000,-0.923203
1629.549000,-1.087433
1629.550000,-1.021654
1629.551000,-1.049904
1629.552000,-1.158760
1629.553000,-1.031429
1629.554000,-0.949342
1629.555000,-0.924343
1629.556000,-0.917053
1629.557000,-0.762387
1629.558000,-0.636307
1629.559000,-0.514485
1629.560000,-0.609623
1629.561000,-0.595561
1629.562000,-0.521239
1629.563000,-0.536951
1629.564000,-0.511638
1629.565000,-0.503093
1629.566000,-0.401926
1629.567000,-0.541866
1629.568000,-0.575888
1629.569000,-0.362899
1629.570000,-0.343894
1629.571000,-0.352451
1629.572000,-0.372564
1629.573000,-0.188415
1629.574000,-0.196109
1629.575000,-0.032167
1629.576000,0.064927
1629.577000,-0.098975
1629.578000,-0.049268
1629.579000,-0.049004
1629.580000,0.176063
1629.581000,0.160880
1629.582000,0.359930
1629.583000,0.429105
1629.584000,0.426210
1629.585000,0.375798
1629.586000,0.261949
1629.587000,0.326080
1629.588000,0.251294
1629.589000,0.416468
1629.590000,0.440457
1629.591000,0.477058
1629.592000,0.444418
1629.593000,0.437527
1629.594000,0.513448
1629.595000,0.420727
1629.596000,0.446036
1629.597000,0.312245
1629.598000,0.453433
1629.599000,0.467113
1629.600000,0.553199
1629.601000,0.372192
1629.602000,0.285378
1629.603000,0.546366
1629.604000,0.495066
1629.605000,0.610009
1629.606000,0.628805
1629.607000,0.685087
1629.608000,0.740402
1629.609000,0.714137
1629.610000,0.739507
1629.611000,0.679239
1629.612000,0.608774
1629.613000,0.623044
1629.614000,0.612866
1629.615000,0.435899
1629.616000,0.255173
1629.617000,0.291721
1629.618000,0.153077
1629.619000,0.230157
1629.620000,0.401139
1629.621000,0.264523
1629.622000,0.306865
1629.623000,0.303283
1629.624000,0.211226
1629.625000,0.330522
1629.626000,0.462168
1629.627000,0.490568
1629.628000,0.643723
1629.629000,0.430319
1629.630000,0.451028
1629.631000,0.549993
1629.632000,0.602593
1629.633000,0.640058
1629.634000,0.578977
1629.635000,0.516766
1629.636000,0.546162
1629.637000,0.514111
1629.638000,0.346934
1629.639000,0.404031
1629.640000,0.523276
1629.641000,0.508887
1629.642000,0.480473
1629.643000,0.409583
1629.644000,0.393656
1629.645000,0.452158
1629.646000,0.611636
1629.647000,0.618273
1629.648000,0.712364
1629.649000,0.600542
1629.650000,0.695196
1629.651000,0.743688
1629.652000,0.742445
1629.653000,0.887464
1629.654000,1.008575
1629.655000,0.921349
1629.656000,0.940184
1629.657000,0.855130
1629.658000,0.877968
1629.659000,0.816241
1629.660000,0.882078
1629.661000,0.857120
1629.662000,0.818407
1629.663000,0.796112
1629.664000,0.734948
1629.665000,0.682302
1629.666000,0.639490
1629.667000,0.452762
1629.668000,0.533702
1629.669000,0.596284
1629.670000,0.454464
1629.671000,0.480998
1629.672000,0.341135
1629.673000,0.308603
1629.674000,0.280895
1629.675000,0.283380
1629.676000,0.231326
1629.677000,0.176189
1629.678000,0.127948
1629.679000,0.101148
1629.680000,0.177015
1629.681000,0.118205
1629.682000,-0.006099
1629.683000,-0.036124
1629.684000,-0.048881
1629.685000,0.085434
1629.686000,0.163766
1629.687000,0.135054
1629.688000,0.089854
1629.689000,-0.231427
1629.690000,-0.300923
1629.691000,-0.093910
1629.692000,-0.061857
1629.693000,-0.281945
1629.694000,-0.177003
1629.695000,-0.202939
1629.696000,-0.412178
1629.697000,-0.457593
1629.698000,-0.416261
1629.699000,-0.540188
1629.700000,-0.540050
1629.701000,-0.430464
1629.702000,-0.341615
1629.703000,-0.385502
1629.704000,-0.270671
1629.705000,-0.274430
1629.706000,-0.255578
1629.707000,-0.088558
1629.708000,-0.048390
1629.709000,0.022905
1629.710000,0.030780
1629.711000,0.049761
1629.712000,-0.046605
1629.713000,-0.072399
1629.714000,-0.183702
1629.715000,-0.216258
1629.716000,-0.289989
1629.717000,-0.302220
1629.718000,-0.247972
1629.719000,-0.375028
1629.720000,-0.421581
1629.721000,-0.513559
1629.722000,-0.512541
1629.723000,-0.541785
1629.724000,-0.602739
1629.725000,-0.628281
1629.726000,-0.589042
1629.727000,-0.537472
1629.728000,-0.365372
1629.729000,-0.278317
1629.730000,-0.390786
1629.731000,-0.266359
1629.732000,-0.091973
1629.733000,0.101547
1629.734000,0.112500
1629.735000,0.132531
1629.736000,0.153258
1629.737000,0.168224
1629.738000,0.271676
1629.739000,0.365030
1629.740000,0.309984
1629.741000,0.281727
1629.742000,0.319936
1629.743000,0.323214
1629.744000,0.296205
1629.745000,0.382453
1629.746000,0.300522
1629.747000,0.203361
1629.748000,0.319633
1629.749000,0.299495
1629.750000,-0.070429
1629.751000,-0.094757
1629.752000,-0.370566
1629.753000,-0.227637
1629.754000,-0.283152
1629.755000,-0.304104
1629.756000,-0.282604
1629.757000,-0.294905
1629.758000,-0.319807
1629.759000,-0.243061
1629.760000,0.007176
1629.761000,0.036175
1629.762000,0.161566
1629.763000,0.273999
1629.764000,0.191024
1629.765000,0.292380
1629.766000,0.305734
1629.767000,0.245372
1629.768000,0.354575
1629.769000,0.243191
1629.770000,0.367047
1629.771000,0.285496
1629.772000,0.263943
1629.773000,0.296209
1629.774000,0.168222
1629.775000,0.195997
1629.776000,0.354555
1629.777000,0.429051
1629.778000,0.497162
1629.779000,0.347045
1629.780000,0.361721
1629.781000,0.317979
1629.782000,0.243043
1629.783000,0.218094
1629.784000,0.204491
1629.785000,0.098662
1629.786000,0.062621
1629.787000,0.008475
1629.788000,0.046233
1629.789000,0.040279
1629.790000,0.127992
1629.791000,0.059088
1629.792000,0.221479
1629.793000,0.198200
1629.794000,0.093810
1629.795000,0.081595
1629.796000,-0.007705
1629.797000,-0.015584
1629.798000,0.092723
1629.799000,0.049523
1629.800000,0.114408
1629.801000,0.279532
1629.802000,0.237575
1629.803000,0.086173
1629.804000,0.131464
1629.805000,0.132264
1629.806000,0.070516
1629.807000,0.099930
1629.808000,0.089772
1629.809000,-0.030324
1629.810000,-0.043105
1629.811000,-0.082308
1629.812000,-0.094547
1629.813000,-0.196944
1629.814000,-0.260623
1629.815000,-0.329700
1629.816000,-0.208975
1629.817000,-0.172301
1629.818000,-0.069900
1629.819000,-0.262978
1629.820000,-0.242122
1629.821000,-0.130474
1629.822000,0.013126
1629.823000,-0.039214
1629.824000,-0.038143
1629.825000,-0.016170
1629.826000,-0.092258
1629.827000,0.050071
1629.828000,-0.035060
1629.829000,-0.248621
1629.830000,-0.334511
1629.831000,-0.063699
1629.832000,-0.049870
1629.833000,-0.111002
1629.834000,-0.059544
1629.835000,-0.003669
1629.836000,0.094080
1629.837000,0.252258
1629.838000,0.195881
1629.839000,0.211985
1629.840000,0.235368
1629.841000,0.317119
1629.842000,0.225762
1629.843000,0.346156
1629.844000,0.364115
1629.845000,0.515949
1629.846000,0.387141
1629.847000,0.343578
1629.848000,0.286121
1629.849000,0.016652
1629.850000,-0.054714
1629.851000,-0.228665
1629.852000,-0.399063
1629.853000,-0.607488
1629.854000,-0.673038
1629.855000,-0.695102
1629.856000,-0.674564
1629.857000,-0.612916
1629.858000,-0.592992
1629.859000,-0.538818
1629.860000,-0.415632
1629.861000,-0.545565
1629.862000,-0.730028
1629.863000,-0.752994
1629.864000,-0.747264
1629.865000,-0.759648
1629.866000,-0.769372
1629.867000,-0.736883
1629.868000,-0.750493
1629.869000,-0.680436
1629.870000,-0.654236
1629.871000,-0.713176
1629.872000,-0.692821
1629.873000,-0.604077
1629.874000,-0.611532
1629.875000,-0.690987
1629.876000,-0.789058
1629.877000,-0.797477
1629.878000,-0.868282
1629.879000,-0.676472
1629.880000,-0.520050
1629.881000,-0.651818
1629.882000,-0.607768
1629.883000,-0.498672
1629.884000,-0.645263
1629.885000,-0.604669
1629.886000,-0.621244
1629.887000,-0.793309
1629.888000,-0.832382
1629.889000,-0.721119
1629.890000,-0.709108
1629.891000,-0.733139
1629.892000,-0.737155
1629.893000,-0.503354
1629.894000,-0.467620
1629.895000,-0.435679
1629.896000,-0.547973
1629.897000,-0.418423
1629.898000,-0.402565
1629.899000,-0.206972
1629.900000,-0.277420
1629.901000,-0.327975
1629.902000,-0.193009
1629.903000,-0.256043
1629.904000,-0.299297
1629.905000,-0.236364
1629.906000,-0.035075
1629.907000,0.133153
1629.908000,0.072151
1629.909000,0.017700
1629.910000,-0.101026
1629.911000,0.105986
1629.912000,0.089425
1629.913000,0.020927
1629.914000,-0.114164
1629.915000,-0.059406
1629.916000,0.015506
1629.917000,0.180127
1629.918000,0.020999
1629.919000,-0.062599
1629.920000,-0.114971
1629.921000,0.034666
1629.922000,0.047120
1629.923000,0.188751
1629.924000,-0.051324
1629.925000,0.060911
1629.926000,0.160003
1629.927000,0.048061
1629.928000,0.089360
1629.929000,0.096428
1629.930000,0.063291
1629.931000,-0.104488
1629.932000,0.021655
1629.933000,0.017724
1629.934000,-0.012176
1629.935000,0.175225
1629.936000,0.022449
1629.937000,-0.153661
1629.938000,-0.164995
1629.939000,-0.284284
1629.940000,-0.336071
1629.941000,-0.495608
1629.942000,-0.472749
1629.943000,-0.448306
1629.944000,-0.522081
1629.945000,-0.667593
1629.946000,-0.714230
1629.947000,-0.898424
1629.948000,-0.852765
1629.949000,-0.789634
1629.950000,-0.687648
1629.951000,-0.680457
1629.952000,-0.418035
1629.953000,-0.423722
1629.954000,-0.362282
1629.955000,-0.411635
1629.956000,-0.416376
1629.957000,-0.403313
1629.958000,-0.278494
1629.959000,-0.153722
1629.960000,-0.050948
1629.961000,-0.108860
1629.962000,-0.113022
1629.963000,0.104215
1629.964000,0.123220
1629.965000,0.118276
1629.966000,0.185804
1629.967000,0.046583
1629.968000,0.037896
1629.969000,0.101562
1629.970000,-0.079046
1629.971000,0.263452
1629.972000,0.262364
1629.973000,0.214764
1629.974000,0.132167
1629.975000,0.088893
1629.976000,0.165789
1629.977000,0.080921
1629.978000,0.082171
1629.979000,0.172090
1629.980000,0.183304
1629.981000,0.191227
1629.982000,0.380181
1629.983000,0.526141
1629.984000,0.541680
1629.985000,0.757583
1629.986000,0.577222
1629.987000,0.541502
1629.988000,0.493371
1629.989000,0.414802
1629.990000,0.439330
1629.991000,0.559140
1629.992000,0.747721
1629.993000,0.587434
1629.994000,0.547532
1629.995000,0.656501
1629.996000,0.526398
1629.997000,0.298215
1629.998000,0.407333
1629.999000,0.559798
1630.000000,0.545877
1630.001000,0.642116
1630.002000,0.471863
1630.003000,0.518876
1630.004000,0.426864
1630.005000,0.436070
1630.006000,0.473561
1630.007000,0.495390
1630.008000,0.442003
1630.009000,0.325019
1630.010000,0.233471
1630.011000,0.303321
1630.012000,0.279433
1630.013000,0.297842
1630.014000,0.393658
1630.015000,0.456628
1630.016000,0.327241
1630.017000,0.233346
1630.018000,0.127574
1630.019000,0.241010
1630.020000,0.315028
1630.021000,0.273412
1630.022000,0.398774
1630.023000,0.475447
1630.024000,0.580518
1630.025000,0.674739
1630.026000,0.813416
1630.027000,0.682414
1630.028000,0.695393
1630.029000,0.690442
1630.030000,0.609402
1630.031000,0.435736
1630.032000,0.527955
1630.033000,0.551094
1630.034000,0.509427
1630.035000,0.626998
1630.036000,0.734512
1630.037000,0.588529
1630.038000,0.561791
1630.039000,0.778246
1630.040000,0.599520
1630.041000,0.763494
1630.042000,0.837230
1630.043000,0.983976
1630.044000,0.999940
1630.045000,0.903230
1630.046000,1.063467
1630.047000,0.904440
1630.048000,0.930460
1630.049000,0.712740
1630.050000,0.533406
1630.051000,0.391055
1630.052000,0.456953
1630.053000,0.338711
1630.054000,0.281139
1630.055000,0.339580
1630.056000,0.530044
1630.057000,0.308127
1630.058000,0.200435
1630.059000,0.268316
1630.060000,0.329144
1630.061000,0.064306
1630.062000,-0.068967
1630.063000,-0.241375
1630.064000,-0.201513
1630.065000,-0.220012
1630.066000,-0.048295
1630.067000,0.027556
1630.068000,0.209037
1630.069000,0.402756
1630.070000,0.365425
1630.071000,0.519497
1630.072000,0.564204
1630.073000,0.616331
1630.074000,0.608222
1630.075000,0.523599
1630.076000,0.596442
1630.077000,0.496575
1630.078000,0.497200
1630.079000,0.494997
1630.080000,0.601529
1630.081000,0.515564
1630.082000,0.484240
1630.083000,0.445805
1630.084000,0.489541
1630.085000,0.414411
1630.086000,0.431902
1630.087000,0.275495
1630.088000,0.313720
1630.089000,0.208292
1630.090000,0.169299
1630.091000,0.214071
1630.092000,0.248675
1630.093000,0.541269
1630.094000,0.516434
1630.095000,0.431892
1630.096000,0.386653
1630.097000,0.311820
1630.098000,0.428458
1630.099000,0.414094
1630.100000,0.392150
1630.101000,0.396025
1630.102000,0.477191
1630.103000,0.437671
1630.104000,0.441980
1630.105000,0.292526
1630.106000,0.290631
1630.107000,0.234800
1630.108000,0.324429
1630.109000,0.412343
1630.110000,0.338257
1630.111000,0.272950
1630.112000,0.129641
1630.113000,0.043640
1630.114000,-0.008016
1630.115000,-0.140186
1630.116000,-0.068461
1630.117000,0.043288
1630.118000,0.036834
1630.119000,-0.028236
1630.120000,0.027422
1630.121000,0.186494
1630.122000,0.198851
1630.123000,0.214979
1630.124000,0.231181
1630.125000,0.290089
1630.126000,0.122390
1630.127000,0.183463
1630.128000,0.347241
1630.129000,0.225748
1630.130000,0.241363
1630.131000,0.081368
1630.132000,0.086813
1630.133000,-0.047396
1630.134000,0.367950
1630.135000,0.412706
1630.136000,0.506573
1630.137000,0.312049
1630.138000,0.150321
1630.139000,0.211873
1630.140000,0.184657
1630.141000,0.314834
1630.142000,0.369333
1630.143000,0.357803
1630.144000,0.284841
1630.145000,0.047958
1630.146000,0.261449
1630.147000,0.375612
1630.148000,0.343974
1630.149000,0.330408
1630.150000,0.483842
1630.151000,0.534118
1630.152000,0.560782
1630.153000,0.547047
1630.154000,0.406413
1630.155000,0.172276
1630.156000,0.184705
1630.157000,0.211480
1630.158000,0.110260
1630.159000,-0.028905
1630.160000,0.050780
1630.161000,-0.037673
1630.162000,-0.158418
1630.163000,-0.111354
1630.164000,-0.096521
1630.165000,-0.099108
1630.166000,-0.200650
1630.167000,-0.220334
1630.168000,0.024973
1630.169000,0.093507
1630.170000,0.162885
1630.171000,0.194459
1630.172000,0.139981
1630.173000,0.328052
1630.174000,0.310555
1630.175000,0.163872
1630.176000,-0.005826
1630.177000,-0.091362
1630.178000,-0.114980
1630.179000,-0.202486
1630.180000,-0.248225
1630.181000,-0.193869
1630.182000,-0.133521
1630.183000,-0.103818
1630.184000,-0.015271
1630.185000,0.081238
1630.186000,-0.121400
1630.187000,0.031323
1630.188000,0.121756
1630.189000,0.125507
1630.190000,0.285911
1630.191000,0.144493
1630.192000,0.100129
1630.193000,0.120023
1630.194000,-0.014789
1630.195000,0.088152
1630.196000,0.146084
1630.197000,0.056674
1630.198000,0.116518
1630.199000,0.002867
1630.200000,0.095237
1630.201000,0.177026
1630.202000,0.253918
1630.203000,0.136791
1630.204000,0.403944
1630.205000,0.324255
1630.206000,0.345090
1630.207000,0.318080
1630.208000,0.329707
1630.209000,0.546354
1630.210000,0.635160
1630.211000,0.636178
1630.212000,0.770906
1630.213000,0.648316
1630.214000,0.736203
1630.215000,0.528770
1630.216000,0.429852
1630.217000,0.380912
1630.218000,0.333359
1630.219000,0.228087
1630.220000,0.044151
1630.221000,0.067864
1630.222000,0.131704
1630.223000,0.132416
1630.224000,-0.000406
1630.225000,-0.048093
1630.226000,-0.074505
1630.227000,-0.153386
1630.228000,-0.089668
1630.229000,-0.033437
1630.230000,-0.088383
1630.231000,0.025136
1630.232000,0.171475
1630.233000,0.230413
1630.234000,0.193997
1630.235000,0.116176
1630.236000,0.017550
1630.237000,0.096043
1630.238000,0.178437
1630.239000,0.458678
1630.240000,0.206189
1630.241000,0.237982
1630.242000,0.237304
1630.243000,0.213402
1630.244000,0.054296
1630.245000,0.109029
1630.246000,0.049463
1630.247000,0.162865
1630.248000,0.117434
1630.249000,-0.093120
1630.250000,-0.127498
1630.251000,-0.054445
1630.252000,-0.032008
1630.253000,-0.021784
1630.254000,0.168494
1630.255000,-0.046911
1630.256000,-0.158745
1630.257000,-0.081700
1630.258000,-0.032565
1630.259000,-0.213692
1630.260000,-0.148405
1630.261000,-0.252197
1630.262000,-0.271295
1630.263000,-0.251548
1630.264000,-0.302546
1630.265000,0.049150
1630.266000,-0.015136
1630.267000,0.124131
1630.268000,0.114531
1630.269000,0.214751
1630.270000,0.169082
1630.271000,0.133573
1630.272000,0.164180
1630.273000,0.025171
1630.274000,0.050525
1630.275000,0.272803
1630.276000,0.013520
1630.277000,-0.100545
1630.278000,-0.046883
1630.279000,0.035512
1630.280000,0.071336
1630.281000,0.125447
1630.282000,-0.238434
1630.283000,-0.224332
1630.284000,-0.324378
1630.285000,-0.240699
1630.286000,-0.306245
1630.287000,-0.187239
1630.288000,-0.449157
1630.289000,-0.375817
1630.290000,-0.564131
1630.291000,-0.614955
1630.292000,-0.474849
1630.293000,-0.618256
1630.294000,-0.536396
1630.295000,-0.481177
1630.296000,-0.538603
1630.297000,-0.496454
1630.298000,-0.519638
1630.299000,-0.571614
1630.300000,-0.627045
1630.301000,-0.769603
1630.302000,-0.771308
1630.303000,-0.752728
1630.304000,-0.696260
1630.305000,-0.704358
1630.306000,-0.736474
1630.307000,-0.559873
1630.308000,-0.597114
1630.309000,-0.465693
1630.310000,-0.662423
1630.311000,-0.627926
1630.312000,-0.631273
1630.313000,-0.569704
1630.314000,-0.324357
1630.315000,-0.261864
1630.316000,-0.333198
1630.317000,-0.455374
1630.318000,-0.450900
1630.319000,-0.441750
1630.320000,-0.505219
1630.321000,-0.703603
1630.322000,-0.583027
1630.323000,-0.563131
1630.324000,-0.462423
1630.325000,-0.456816
1630.326000,-0.464555
1630.327000,-0.324788
1630.328000,-0.298508
1630.329000,-0.285629
1630.330000,-0.197712
1630.331000,-0.204477
1630.332000,-0.379048
1630.333000,-0.378159
1630.334000,-0.420651
1630.335000,-0.343622
1630.336000,-0.361623
1630.337000,-0.236229
1630.338000,-0.123427
1630.339000,-0.235898
1630.340000,-0.347281
1630.341000,-0.387993
1630.342000,-0.437088
1630.343000,-0.462279
1630.344000,-0.699207
1630.345000,-0.676721
1630.346000,-0.723190
1630.347000,-0.547221
1630.348000,-0.393923
1630.349000,-0.233906
1630.350000,-0.191737
1630.351000,-0.095308
1630.352000,-0.134523
1630.353000,-0.299435
1630.354000,-0.151560
1630.355000,-0.116061
1630.356000,-0.138871
1630.357000,-0.028795
1630.358000,0.010966
1630.359000,-0.107444
1630.360000,-0.114105
1630.361000,0.046142
1630.362000,0.259553
1630.363000,0.144572
1630.364000,0.197051
1630.365000,0.175012
1630.366000,0.059754
1630.367000,-0.238558
1630.368000,-0.109769
1630.369000,-0.238328
1630.370000,-0.216982
1630.371000,-0.046948
1630.372000,0.017094
1630.373000,0.104518
1630.374000,0.073990
1630.375000,-0.061431
1630.376000,-0.039825
1630.377000,-0.071905
1630.378000,-0.060401
1630.379000,-0.018122
1630.380000,-0.020650
1630.381000,-0.136176
1630.382000,-0.027119
1630.383000,-0.008270
1630.384000,-0.000530
1630.385000,-0.118027
1630.386000,-0.016763
1630.387000,-0.106813
1630.388000,-0.006593
1630.389000,0.023931
1630.390000,-0.055032
1630.391000,-0.223735
1630.392000,-0.220158
1630.393000,-0.311220
1630.394000,-0.564440
1630.395000,-0.566812
1630.396000,-0.548169
1630.397000,-0.502510
1630.398000,-0.356227
1630.399000,-0.356626
1630.400000,-0.379163
1630.401000,-0.431603
1630.402000,-0.467821
1630.403000,-0.592145
1630.404000,-0.582716
1630.405000,-0.644505
1630.406000,-0.664002
1630.407000,-0.518562
1630.408000,-0.587441
1630.409000,-0.479435
1630.410000,-0.471648
1630.411000,-0.455994
1630.412000,-0.528500
1630.413000,-0.416292
1630.414000,-0.451259
1630.415000,-0.411635
1630.416000,-0.300124
1630.417000,-0.194948
1630.418000,-0.241527
1630.419000,-0.293019
1630.420000,-0.288443
1630.421000,-0.266638
1630.422000,-0.269369
1630.423000,-0.241682
1630.424000,-0.267809
1630.425000,-0.305961
1630.426000,-0.282850
1630.427000,-0.221160
1630.428000,0.081695
1630.429000,-0.116709
1630.430000,-0.305187
1630.431000,-0.380386
1630.432000,-0.522874
1630.433000,-0.651510
1630.434000,-0.755835
1630.435000,-0.710005
1630.436000,-0.671447
1630.437000,-0.782467
1630.438000,-0.992770
1630.439000,-0.986443
1630.440000,-1.090666
1630.441000,-1.149624
1630.442000,-1.074853
1630.443000,-0.991613
1630.444000,-0.899432
1630.445000,-0.966578
1630.446000,-0.884810
1630.447000,-0.831017
1630.448000,-0.707564
1630.449000,-0.813481
1630.450000,-0.735114
1630.451000,-0.746665
1630.452000,-0.842159
1630.453000,-0.770736
1630.454000,-0.740862
1630.455000,-0.828328
1630.456000,-0.884138
1630.457000,-0.912461
1630.458000,-0.755674
1630.459000,-0.524222
1630.460000,-0.504174
1630.461000,-0.499548
1630.462000,-0.578204
1630.463000,-0.536738
1630.464000,-0.437577
1630.465000,-0.500788
1630.466000,-0.500997
1630.467000,-0.420096
1630.468000,-0.646988
1630.469000,-0.607932
1630.470000,-0.490840
1630.471000,-0.521352
1630.472000,-0.383688
1630.473000,-0.384804
1630.474000,-0.334286
1630.475000,-0.401670
1630.476000,-0.451435
1630.477000,-0.282113
1630.478000,-0.097076
1630.479000,0.067904
1630.480000,0.147790
1630.481000,0.018360
1630.482000,0.026428
1630.483000,0.138511
1630.484000,0.244959
1630.485000,0.267492
1630.486000,0.133792
1630.487000,0.112454
1630.488000,0.162486
1630.489000,0.500030
1630.490000,0.650569
1630.491000,0.776032
1630.492000,0.778229
1630.493000,0.837971
1630.494000,0.904608
1630.495000,0.685849
1630.496000,0.773309
1630.497000,0.850166
1630.498000,0.829291
1630.499000,0.708257
1630.500000,0.655747
1630.501000,0.822116
1630.502000,0.766970
1630.503000,0.749143
1630.504000,0.692563
1630.505000,0.886184
1630.506000,0.867422
1630.507000,1.041053
1630.508000,0.943788
1630.509000,0.790916
1630.510000,0.844732
1630.511000,0.808384
1630.512000,0.877572
1630.513000,0.752373
1630.514000,0.626738
1630.515000,0.584545
1630.516000,0.533661
1630.517000,0.606109
1630.518000,0.559874
1630.519000,0.401062
1630.520000,0.369730
1630.521000,0.291773
1630.522000,0.405754
1630.523000,0.353573
1630.524000,0.255356
1630.525000,0.140383
1630.526000,0.285218
1630.527000,0.123359
1630.528000,0.045530
1630.529000,0.068680
1630.530000,0.123685
1630.531000,0.203517
1630.532000,0.160868
1630.533000,0.242420
1630.534000,0.481473
1630.535000,0.335309
1630.536000,0.442299
1630.537000,0.599128
1630.538000,0.450601
1630.539000,0.570009
1630.540000,0.578690
1630.541000,0.417683
1630.542000,0.378812
1630.543000,0.422976
1630.544000,0.460479
1630.545000,0.474974
1630.546000,0.273478
1630.547000,0.143467
1630.548000,0.163570
1630.549000,0.260348
1630.550000,0.232833
1630.551000,0.171566
1630.552000,0.288488
1630.553000,0.358550
1630.554000,0.370348
1630.555000,0.327575
1630.556000,0.239575
1630.557000,0.122202
1630.558000,0.389262
1630.559000,0.342990
1630.560000,0.246269
1630.561000,0.185246
1630.562000,0.253235
1630.563000,0.236591
1630.564000,0.064747
1630.565000,0.050693
1630.566000,-0.008912
1630.567000,0.144714
1630.568000,0.093279
1630.569000,0.109321
1630.570000,-0.027006
1630.571000,0.115927
1630.572000,-0.085129
1630.573000,-0.224401
1630.574000,-0.458865
1630.575000,-0.594308
1630.576000,-0.533451
1630.577000,-0.654693
1630.578000,-0.547439
1630.579000,-0.634519
1630.580000,-0.552217
1630.581000,-0.575014
1630.582000,-0.589394
1630.583000,-0.624460
1630.584000,-0.680001
1630.585000,-0.873259
1630.586000,-0.841879
1630.587000,-0.979306
1630.588000,-1.143671
1630.589000,-1.139664
1630.590000,-1.029643
1630.591000,-1.039812
1630.592000,-1.064152
1630.593000,-1.058503
1630.594000,-1.022819
1630.595000,-1.039603
1630.596000,-1.042448
1630.597000,-1.149274
1630.598000,-1.165426
1630.599000,-1.155907
1630.600000,-1.120669
1630.601000,-1.064413
1630.602000,-0.861048
1630.603000,-0.781519
1630.604000,-0.553625
1630.605000,-0.452748
1630.606000,-0.560842
1630.607000,-0.595509
1630.608000,-0.680907
1630.609000,-0.684291
1630.610000,-0.674997
1630.611000,-0.591417
1630.612000,-0.366888
1630.613000,-0.315324
1630.614000,-0.441488
1630.615000,-0.510899
1630.616000,-0.615200
1630.617000,-0.781320
1630.618000,-0.815033
1630.619000,-0.679119
1630.620000,-0.799961
1630.621000,-0.820478
1630.622000,-0.732144
1630.623000,-0.797424
1630.624000,-0.811093
1630.625000,-0.679959
1630.626000,-0.621966
1630.627000,-0.628735
1630.628000,-0.534801
1630.629000,-0.580053
1630.630000,-0.290126
1630.631000,-0.146893
1630.632000,-0.082625
1630.633000,0.028100
1630.634000,-0.119054
1630.635000,-0.137437
1630.636000,-0.374432
1630.637000,-0.488912
1630.638000,-0.378612
1630.639000,-0.492750
1630.640000,-0.540987
1630.641000,-0.593416
1630.642000,-0.603161
1630.643000,-0.355638
1630.644000,-0.305421
1630.645000,-0.411700
1630.646000,-0.364203
1630.647000,-0.368232
1630.648000,-0.401372
1630.649000,-0.325113
1630.650000,-0.285566
1630.651000,-0.248172
1630.652000,-0.318244
1630.653000,-0.247919
1630.654000,-0.393274
1630.655000,-0.346443
1630.656000,-0.342245
1630.657000,-0.232386
1630.658000,-0.113093
1630.659000,0.089286
1630.660000,0.116707
1630.661000,0.045666
1630.662000,0.061865
1630.663000,0.254283
1630.664000,0.161889
1630.665000,0.096299
1630.666000,0.158142
1630.667000,0.068539
1630.668000,0.151179
1630.669000,0.072018
1630.670000,0.129353
1630.671000,0.220805
1630.672000,0.141909
1630.673000,0.164462
1630.674000,0.167916
1630.675000,0.127875
1630.676000,0.102097
1630.677000,0.027268
1630.678000,0.059033
1630.679000,-0.047749
1630.680000,0.065579
1630.681000,0.060025
1630.682000,0.155038
1630.683000,-0.055508
1630.684000,0.057274
1630.685000,0.085324
1630.686000,0.205093
1630.687000,0.072563
1630.688000,-0.028783
1630.689000,0.153983
1630.690000,0.189851
1630.691000,0.283510
1630.692000,0.368773
1630.693000,0.418973
1630.694000,0.234435
1630.695000,0.084763
1630.696000,0.113802
1630.697000,0.162089
1630.698000,0.203350
1630.699000,0.141270
1630.700000,0.158409
1630.701000,0.023993
1630.702000,0.112471
1630.703000,0.285033
1630.704000,0.437700
1630.705000,0.433064
1630.706000,0.592939
1630.707000,0.626092
1630.708000,0.606719
1630.709000,0.609579
1630.710000,0.669057
1630.711000,0.612834
1630.712000,0.740046
1630.713000,0.725494
1630.714000,0.624932
1630.715000,0.668378
1630.716000,0.701618
1630.717000,0.726165
1630.718000,0.753231
1630.719000,0.762912
1630.720000,0.965017
1630.721000,1.037599
1630.722000,0.994874
1630.723000,0.990617
1630.724000,1.060315
1630.725000,0.974067
1630.726000,0.951488
1630.727000,1.064880
1630.728000,0.992906
1630.729000,1.023003
1630.730000,0.865514
1630.731000,0.866635
1630.732000,0.897541
1630.733000,0.770011
1630.734000,0.728905
1630.735000,0.743967
1630.736000,0.747671
1630.737000,0.850366
1630.738000,0.898976
1630.739000,0.963331
1630.740000,1.080806
1630.741000,1.119273
1630.742000,1.100331
1630.743000,0.960052
1630.744000,0.839871
1630.745000,0.733459
1630.746000,0.614625
1630.747000,0.635192
1630.748000,0.534175
1630.749000,0.441476
1630.750000,0.407857
1630.751000,0.564381
1630.752000,0.651791
1630.753000,0.544271
1630.754000,0.513742
1630.755000,0.472052
1630.756000,0.580971
1630.757000,0.713980
1630.758000,0.663168
1630.759000,0.548056
1630.760000,0.528135
1630.761000,0.420606
1630.762000,0.423907
1630.763000,0.317269
1630.764000,0.421973
1630.765000,0.314766
1630.766000,0.464901
1630.767000,0.323967
1630.768000,0.381122
1630.769000,0.470513
1630.770000,0.485608
1630.771000,0.465238
1630.772000,0.497977
1630.773000,0.337666
1630.774000,0.319229
1630.775000,0.268699
1630.776000,0.227687
1630.777000,0.187881
1630.778000,-0.070043
1630.779000,0.058494
1630.780000,0.348238
1630.781000,0.489463
1630.782000,0.421237
1630.783000,0.387130
1630.784000,0.448831
1630.785000,0.398959
1630.786000,0.305503
1630.787000,0.195746
1630.788000,0.306954
1630.789000,0.349015
1630.790000,0.202144
1630.791000,0.138078
1630.792000,-0.060241
1630.793000,-0.086929
1630.794000,-0.121801
1630.795000,-0.110198
1630.796000,-0.298623
1630.797000,-0.208406
1630.798000,-0.195132
1630.799000,-0.194144
1630.800000,-0.306075
1630.801000,-0.227162
1630.802000,-0.239075
1630.803000,-0.149923
1630.804000,-0.188925
1630.805000,-0.236854
1630.806000,-0.354714
1630.807000,-0.331167
1630.808000,-0.453851
1630.809000,-0.479667
1630.810000,-0.388276
1630.811000,-0.334414
1630.812000,-0.254059
1630.813000,-0.292394
1630.814000,-0.433097
1630.815000,-0.435027
1630.816000,-0.360569
1630.817000,-0.382108
1630.818000,-0.262288
1630.819000,-0.172421
1630.820000,-0.218359
1630.821000,-0.263338
1630.822000,-0.250356
1630.823000,-0.071976
1630.824000,0.112613
1630.825000,0.048175
1630.826000,0.187699
1630.827000,0.219172
1630.828000,0.147666
1630.829000,0.127844
1630.830000,0.036350
1630.831000,-0.111772
1630.832000,-0.263763
1630.833000,-0.236268
1630.834000,-0.096352
1630.835000,-0.040026
1630.836000,-0.250923
1630.837000,-0.410961
1630.838000,-0.335869
1630.839000,-0.296237
1630.840000,-0.282252
1630.841000,-0.391161
1630.842000,-0.339650
1630.843000,-0.478357
1630.844000,-0.556048
1630.845000,-0.609971
1630.846000,-0.588074
1630.847000,-0.701086
1630.848000,-0.822084
1630.849000,-0.690490
1630.850000,-0.702378
1630.851000,-0.554313
1630.852000,-0.321405
1630.853000,-0.235810
1630.854000,-0.368349
1630.855000,-0.170995
1630.856000,-0.117223
1630.857000,-0.268791
1630.858000,-0.140620
1630.859000,-0.343329
1630.860000,-0.240561
1630.861000,-0.375906
1630.862000,-0.291428
1630.863000,-0.081265
1630.864000,-0.160532
1630.865000,-0.031208
1630.866000,-0.056130
1630.867000,-0.130318
1630.868000,-0.052624
1630.869000,0.070910
1630.870000,0.144334
1630.871000,0.097916
1630.872000,0.206915
1630.873000,0.338460
1630.874000,0.332214
1630.875000,0.242543
1630.876000,0.261410
1630.877000,0.428127
1630.878000,0.493806
1630.879000,0.601155
1630.880000,0.761417
1630.881000,0.632270
1630.882000,0.609679
1630.883000,0.560126
1630.884000,0.370423
1630.885000,0.300083
1630.886000,0.386507
1630.887000,0.450222
1630.888000,0.433329
1630.889000,0.570065
1630.890000,0.661013
1630.891000,0.613413
1630.892000,0.509899
1630.893000,0.421743
1630.894000,0.433848
1630.895000,0.508736
1630.896000,0.520097
1630.897000,0.625131
1630.898000,0.523453
1630.899000,0.660754
1630.900000,0.952595
1630.901000,0.873840
1630.902000,0.751667
1630.903000,0.688612
1630.904000,0.622958
1630.905000,0.643452
1630.906000,0.782804
1630.907000,0.862621
1630.908000,0.882997
1630.909000,0.860666
1630.910000,0.825695
1630.911000,0.735764
1630.912000,0.810408
1630.913000,0.758474
1630.914000,0.828647
1630.915000,0.866635
1630.916000,0.873827
1630.917000,0.985758
1630.918000,1.072807
1630.919000,0.884654
1630.920000,0.967791
1630.921000,0.991322
1630.922000,0.918420
1630.923000,0.820654
1630.924000,1.041159
1630.925000,1.110263
1630.926000,0.947317
1630.927000,0.919337
1630.928000,0.920006
1630.929000,0.736790
1630.930000,0.657950
1630.931000,0.628439
1630.932000,0.669514
1630.933000,0.670532
1630.934000,0.624942
1630.935000,0.652956
1630.936000,0.578077
1630.937000,0.497679
1630.938000,0.442708
1630.939000,0.494156
1630.940000,0.681147
1630.941000,0.655532
1630.942000,0.531093
1630.943000,0.584422
1630.944000,0.365218
1630.945000,0.237280
1630.946000,0.081406
1630.947000,0.208973
1630.948000,0.119344
1630.949000,-0.170347
1630.950000,-0.233075
1630.951000,-0.073911
1630.952000,-0.210534
1630.953000,-0.314860
1630.954000,-0.170967
1630.955000,-0.067267
1630.956000,-0.092835
1630.957000,-0.067315
1630.958000,-0.225145
1630.959000,-0.182764
1630.960000,-0.094312
1630.961000,-0.021274
1630.962000,0.089838
1630.963000,-0.060749
1630.964000,-0.164819
1630.965000,-0.291618
1630.966000,-0.213230
1630.967000,-0.264033
1630.968000,-0.230937
1630.969000,-0.055899
1630.970000,-0.100713
1630.971000,0.010603
1630.972000,0.049015
1630.973000,0.300179
1630.974000,0.265999
1630.975000,0.319855
1630.976000,0.271488
1630.977000,0.150048
1630.978000,0.074467
1630.979000,0.009556
1630.980000,-0.063425
1630.981000,0.021549
1630.982000,0.091130
1630.983000,0.119686
1630.984000,-0.056620
1630.985000,-0.167277
1630.986000,-0.309594
1630.987000,-0.139930
1630.988000,-0.144319
1630.989000,-0.090246
1630.990000,0.002267
1630.991000,-0.065425
1630.992000,-0.117040
1630.993000,-0.270343
1630.994000,-0.269339
1630.995000,-0.218537
1630.996000,-0.000618
1630.997000,-0.167345
1630.998000,-0.200444
1630.999000,-0.266240
1631.000000,-0.170584
1631.001000,-0.124729
1631.002000,-0.131802
1631.003000,-0.252452
1631.004000,-0.318654
1631.005000,-0.356637
1631.006000,-0.417921
1631.007000,-0.332566
1631.008000,-0.223382
1631.009000,-0.219519
1631.010000,-0.093054
1631.011000,-0.001380
1631.012000,-0.017044
1631.013000,-0.295111
1631.014000,-0.567393
1631.015000,-0.499828
1631.016000,-0.473577
1631.017000,-0.516102
1631.018000,-0.378697
1631.019000,-0.313497
1631.020000,-0.159035
1631.021000,-0.143051
1631.022000,-0.319232
1631.023000,-0.294140
1631.024000,-0.355651
1631.025000,-0.465897
1631.026000,-0.527790
1631.027000,-0.601346
1631.028000,-0.530141
1631.029000,-0.583844
1631.030000,-0.509370
1631.031000,-0.513558
1631.032000,-0.686739
1631.033000,-0.692725
1631.034000,-0.810383
1631.035000,-0.900896
1631.036000,-0.887570
1631.037000,-0.835847
1631.038000,-0.776055
1631.039000,-0.720810
1631.040000,-0.712467
1631.041000,-0.599674
1631.042000,-0.366324
1631.043000,-0.295638
1631.044000,-0.171535
1631.045000,-0.107842
1631.046000,-0.069721
1631.047000,-0.009189
1631.048000,0.045330
1631.049000,-0.019348
1631.050000,0.042584
1631.051000,0.242541
1631.052000,0.171347
1631.053000,0.249932
1631.054000,0.131816
1631.055000,0.096159
1631.056000,0.154111
1631.057000,0.044069
1631.058000,-0.093936
1631.059000,-0.135997
1631.060000,-0.120879
1631.061000,-0.246335
1631.062000,-0.185048
1631.063000,-0.272924
1631.064000,-0.164978
1631.065000,-0.146672
1631.066000,-0.042223
1631.067000,-0.105122
1631.068000,-0.059887
1631.069000,0.031480
1631.070000,0.094719
1631.071000,0.221094
1631.072000,0.380867
1631.073000,0.312561
1631.074000,0.233390
1631.075000,0.261362
1631.076000,0.276604
1631.077000,0.271346
1631.078000,0.296990
1631.079000,0.319460
1631.080000,0.295913
1631.081000,0.388606
1631.082000,0.475493
1631.083000,0.484431
1631.084000,0.382427
1631.085000,0.290295
1631.086000,0.310580
1631.087000,0.409404
1631.088000,0.492550
1631.089000,0.485150
1631.090000,0.525963
1631.091000,0.521393
1631.092000,0.470818
1631.093000,0.596539
1631.094000,0.540537
1631.095000,0.562335
1631.096000,0.409933
1631.097000,0.534803
1631.098000,0.553940
1631.099000,0.376207
1631.100000,0.129245
1631.101000,0.164219
1631.102000,0.120362
1631.103000,-0.111253
1631.104000,-0.156532
1631.105000,-0.085861
1631.106000,-0.229368
1631.107000,-0.163445
1631.108000,-0.284962
1631.109000,-0.405499
1631.110000,-0.377280
1631.111000,-0.264774
1631.112000,-0.289362
1631.113000,-0.229013
1631.114000,-0.284490
1631.115000,-0.211554
1631.116000,-0.347573
1631.117000,-0.289896
1631.118000,-0.344480
1631.119000,-0.411005
1631.120000,-0.509428
1631.121000,-0.563614
1631.122000,-0.707944
1631.123000,-0.619018
1631.124000,-0.640970
1631.125000,-0.458673
1631.126000,-0.530310
1631.127000,-0.707829
1631.128000,-0.690067
1631.129000,-0.616661
1631.130000,-0.577605
1631.131000,-0.583249
1631.132000,-0.630442
1631.133000,-0.642270
1631.134000,-0.570279
1631.135000,-0.717527
1631.136000,-0.621882
1631.137000,-0.751021
1631.138000,-0.567518
1631.139000,-0.451443
1631.140000,-0.550124
1631.141000,-0.407370
1631.142000,-0.388239
1631.143000,-0.296752
1631.144000,-0.331507
1631.145000,-0.251656
1631.146000,-0.117805
1631.147000,-0.115043
1631.148000,-0.087626
1631.149000,0.094493
1631.150000,-0.023973
1631.151000,-0.086061
1631.152000,-0.117732
1631.153000,-0.255948
1631.154000,-0.256135
1631.155000,-0.276912
1631.156000,-0.252309
1631.157000,-0.294823
1631.158000,-0.253978
1631.159000,-0.222653
1631.160000,-0.228952
1631.161000,-0.175172
1631.162000,0.013623
1631.163000,-0.036222
1631.164000,-0.136863
1631.165000,-0.196589
1631.166000,-0.245040
1631.167000,-0.116414
1631.168000,-0.244279
1631.169000,-0.179258
1631.170000,-0.272137
1631.171000,-0.285898
1631.172000,-0.081519
1631.173000,0.073376
1631.174000,0.039679
1631.175000,0.003016
1631.176000,0.036596
1631.177000,0.064034
1631.178000,0.104691
1631.179000,0.011091
1631.180000,0.149455
1631.181000,0.324373
1631.182000,0.258153
1631.183000,0.466659
1631.184000,0.625391
1631.185000,0.574866
1631.186000,0.636152
1631.187000,0.526883
1631.188000,0.421909
1631.189000,0.454339
1631.190000,0.509440
1631.191000,0.245754
1631.192000,0.199340
1631.193000,0.463559
1631.194000,0.373792
1631.195000,0.395261
1631.196000,0.364461
1631.197000,0.048762
1631.198000,0.093042
1631.199000,0.125613
1631.200000,-0.021021
1631.201000,-0.085996
1631.202000,-0.062044
1631.203000,-0.088714
1631.204000,0.111841
1631.205000,0.056989
1631.206000,0.314601
1631.207000,0.123359
1631.208000,0.148019
1631.209000,0.154636
1631.210000,0.107909
1631.211000,0.037452
1631.212000,0.075119
1631.213000,0.212787
1631.214000,0.112595
1631.215000,0.109487
1631.216000,0.074165
1631.217000,0.027602
1631.218000,0.168704
1631.219000,0.247027
1631.220000,0.238630
1631.221000,0.314926
1631.222000,0.194011
1631.223000,0.039597
1631.224000,0.043793
1631.225000,-0.003144
1631.226000,-0.031667
1631.227000,-0.074314
1631.228000,-0.049925
1631.229000,-0.082883
1631.230000,0.078501
1631.231000,-0.074837
1631.232000,0.049502
1631.233000,-0.044326
1631.234000,-0.105521
1631.235000,-0.123644
1631.236000,-0.283610
1631.237000,-0.134622
1631.238000,0.012403
1631.239000,0.008757
1631.240000,-0.144884
1631.241000,-0.325330
1631.242000,-0.239958
1631.243000,-0.404932
1631.244000,-0.513546
1631.245000,-0.462051
1631.246000,-0.457448
1631.247000,-0.521528
1631.248000,-0.468947
1631.249000,-0.496306
1631.250000,-0.435380
1631.251000,-0.647004
1631.252000,-0.613561
1631.253000,-0.497642
1631.254000,-0.253267
1631.255000,-0.309641
1631.256000,-0.204483
1631.257000,-0.229576
1631.258000,-0.236972
1631.259000,-0.401814
1631.260000,-0.492650
1631.261000,-0.568261
1631.262000,-0.706377
1631.263000,-0.587597
1631.264000,-0.423021
1631.265000,-0.564771
1631.266000,-0.461848
1631.267000,-0.386946
1631.268000,-0.336212
1631.269000,-0.240154
1631.270000,-0.482356
1631.271000,-0.467155
1631.272000,-0.410395
1631.273000,-0.411369
1631.274000,-0.391497
1631.275000,-0.430940
1631.276000,-0.330167
1631.277000,-0.342704
1631.278000,-0.380782
1631.279000,-0.260994
1631.280000,-0.169550
1631.281000,-0.194436
1631.282000,-0.064165
1631.283000,0.072042
1631.284000,0.023940
1631.285000,0.119782
1631.286000,0.236330
1631.287000,0.482739
1631.288000,0.398093
1631.289000,0.466504
1631.290000,0.464177
1631.291000,0.607104
1631.292000,0.440091
1631.293000,0.326591
1631.294000,0.418049
1631.295000,0.370545
1631.296000,0.486556
1631.297000,0.252176
1631.298000,0.236650
1631.299000,0.285751
1631.300000,0.225907
1631.301000,0.023163
1631.302000,0.046936
1631.303000,-0.004848
1631.304000,0.045760
1631.305000,0.079361
1631.306000,0.116001
1631.307000,0.072066
1631.308000,0.271139
1631.309000,0.353753
1631.310000,0.144911
1631.311000,0.315151
1631.312000,0.244084
1631.313000,0.281658
1631.314000,0.231798
1631.315000,0.188488
1631.316000,0.173344
1631.317000,0.236588
1631.318000,0.170997
1631.319000,0.049036
1631.320000,0.070252
1631.321000,0.003510
1631.322000,-0.094521
1631.323000,0.109099
1631.324000,0.280212
1631.325000,0.112283
1631.326000,-0.048928
1631.327000,-0.122003
1631.328000,-0.080236
1631.329000,-0.112631
1631.330000,-0.211234
1631.331000,-0.275357
1631.332000,-0.315595
1631.333000,-0.211234
1631.334000,-0.227160
1631.335000,-0.244525
1631.336000,-0.381913
1631.337000,-0.444408
1631.338000,-0.496464
1631.339000,-0.637931
1631.340000,-0.816355
1631.341000,-0.752764
1631.342000,-0.689238
1631.343000,-0.858813
1631.344000,-0.992084
1631.345000,-1.124342
1631.346000,-0.939310
1631.347000,-0.998729
1631.348000,-1.064356
1631.349000,-1.083570
1631.350000,-1.004892
1631.351000,-0.998957
1631.352000,-0.992993
1631.353000,-0.909150
1631.354000,-0.922567
1631.355000,-0.890011
1631.356000,-0.886385
1631.357000,-0.710235
1631.358000,-0.695703
1631.359000,-0.682348
1631.360000,-0.540223
1631.361000,-0.630281
1631.362000,-0.722958
1631.363000,-0.652752
1631.364000,-0.466407
1631.365000,-0.489327
1631.366000,-0.677553
1631.367000,-0.668908
1631.368000,-0.556520
1631.369000,-0.640879
1631.370000,-0.638925
1631.371000,-0.559840
1631.372000,-0.823512
1631.373000,-1.089787
1631.374000,-1.069286
1631.375000,-1.214784
1631.376000,-1.023856
1631.377000,-1.039013
1631.378000,-1.147554
1631.379000,-1.063296
1631.380000,-1.100055
1631.381000,-1.117418
1631.382000,-0.984842
1631.383000,-1.219211
1631.384000,-1.117966
1631.385000,-1.052018
1631.386000,-0.983845
1631.387000,-0.965573
1631.388000,-0.955437
1631.389000,-0.821859
1631.390000,-0.813684
1631.391000,-0.793656
1631.392000,-0.764921
1631.393000,-0.674423
1631.394000,-0.572882
1631.395000,-0.522949
1631.396000,-0.429384
1631.397000,-0.403230
1631.398000,-0.223317
1631.399000,-0.364976
1631.400000,-0.155218
1631.401000,-0.235020
1631.402000,-0.170201
1631.403000,-0.139143
1631.404000,-0.289893
1631.405000,-0.409278
1631.406000,-0.457275
1631.407000,-0.424362
1631.408000,-0.485240
1631.409000,-0.402275
1631.410000,-0.243037
1631.411000,-0.437884
1631.412000,-0.463456
1631.413000,-0.408193
1631.414000,-0.292095
1631.415000,-0.415158
1631.416000,-0.345059
1631.417000,-0.153944
1631.418000,-0.227817
1631.419000,-0.052864
1631.420000,0.033091
1631.421000,0.010674
1631.422000,0.127818
1631.423000,0.244268
1631.424000,0.040667
1631.425000,0.059492
1631.426000,0.097562
1631.427000,0.016513
1631.428000,0.273900
1631.429000,0.133797
1631.430000,0.316555
1631.431000,0.235928
1631.432000,0.376260
1631.433000,0.445459
1631.434000,0.405531
1631.435000,0.464601
1631.436000,0.387301
1631.437000,0.338804
1631.438000,0.366271
1631.439000,0.265958
1631.440000,0.405336
1631.441000,0.358094
1631.442000,0.250187
1631.443000,0.338567
1631.444000,0.427935
1631.445000,0.252317
1631.446000,0.113592
1631.447000,0.354259
1631.448000,0.444918
1631.449000,0.593233
1631.450000,0.491227
1631.451000,0.500645
1631.452000,0.644844
1631.453000,0.741704
1631.454000,0.717183
1631.455000,0.912815
1631.456000,0.646172
1631.457000,0.588331
1631.458000,0.636147
1631.459000,0.414224
1631.460000,0.478327
1631.461000,0.463189
1631.462000,0.564334
1631.463000,0.532088
1631.464000,0.508377
1631.465000,0.446122
1631.466000,0.677520
1631.467000,0.691874
1631.468000,0.593521
1631.469000,0.652742
1631.470000,0.637316
1631.471000,0.542687
1631.472000,0.579315
1631.473000,0.599221
1631.474000,0.595931
1631.475000,0.600711
1631.476000,0.672725
1631.477000,0.595260
1631.478000,0.627968
1631.479000,0.762826
1631.480000,0.651422
1631.481000,0.684958
1631.482000,0.926438
1631.483000,0.994767
1631.484000,0.948255
1631.485000,0.876896
1631.486000,0.977040
1631.487000,0.857521
1631.488000,0.944921
1631.489000,1.008498
1631.490000,1.073357
1631.491000,1.066228
1631.492000,0.953982
1631.493000,0.849373
1631.494000,0.569155
1631.495000,0.634869
1631.496000,0.585289
1631.497000,0.635436
1631.498000,0.612209
1631.499000,0.657593
1631.500000,0.853567
1631.501000,0.791876
1631.502000,0.539582
1631.503000,0.538949
1631.504000,0.564555
1631.505000,0.578762
1631.506000,0.609434
1631.507000,0.542743
1631.508000,0.542408
1631.509000,0.473583
1631.510000,0.344803
1631.511000,0.414407
1631.512000,0.204757
1631.513000,0.326866
1631.514000,0.303279
1631.515000,0.409488
1631.516000,0.290918
1631.517000,0.287666
1631.518000,0.068475
1631.519000,-0.098178
1631.520000,-0.042698
1631.521000,-0.174281
1631.522000,-0.118373
1631.523000,0.056276
1631.524000,0.064568
1631.525000,0.120967
1631.526000,0.162282
1631.527000,0.190114
1631.528000,0.059906
1631.529000,0.162309
1631.530000,0.157596
1631.531000,0.082368
1631.532000,0.093099
1631.533000,0.082292
1631.534000,0.009904
1631.535000,0.056349
1631.536000,-0.000145
1631.537000,0.002122
1631.538000,0.031820
1631.539000,-0.080014
1631.540000,-0.253074
1631.541000,-0.276915
1631.542000,-0.267642
1631.543000,-0.344299
1631.544000,-0.329473
1631.545000,-0.317829
1631.546000,-0.275716
1631.547000,-0.428453
1631.548000,-0.382222
1631.549000,-0.218154
1631.550000,-0.297316
1631.551000,-0.483703
1631.552000,-0.622323
1631.553000,-0.612426
1631.554000,-0.690164
1631.555000,-0.727003
1631.556000,-0.700799
1631.557000,-0.761835
1631.558000,-0.666681
1631.559000,-0.805927
1631.560000,-0.820610
1631.561000,-0.522673
1631.562000,-0.357245
1631.563000,-0.471313
1631.564000,-0.602447
1631.565000,-0.556622
1631.566000,-0.721513
1631.567000,-0.714414
1631.568000,-0.696703
1631.569000,-0.919983
1631.570000,-0.920806
1631.571000,-0.906958
1631.572000,-0.995831
1631.573000,-0.979056
1631.574000,-0.868955
1631.575000,-0.889235
1631.576000,-0.749642
1631.577000,-0.553022
1631.578000,-0.600383
1631.579000,-0.544503
1631.580000,-0.580465
1631.581000,-0.547061
1631.582000,-0.578892
1631.583000,-0.538139
1631.584000,-0.711983
1631.585000,-0.799818
1631.586000,-0.796790
1631.587000,-0.584121
1631.588000,-0.572491
1631.589000,-0.502881
1631.590000,-0.516342
1631.591000,-0.483836
1631.592000,-0.598765
1631.593000,-0.304025
1631.594000,-0.190298
1631.595000,-0.087244
1631.596000,-0.280426
1631.597000,-0.213558
1631.598000,-0.249773
1631.599000,-0.321091
1631.600000,-0.321042
1631.601000,-0.222671
1631.602000,-0.181574
1631.603000,-0.159908
1631.604000,-0.049011
1631.605000,-0.110289
1631.606000,-0.196025
1631.607000,-0.200866
1631.608000,-0.166936
1631.609000,-0.005354
1631.610000,-0.133691
1631.611000,-0.172510
1631.612000,-0.033456
1631.613000,-0.066072
1631.614000,-0.117979
1631.615000,0.081262
1631.616000,0.041351
1631.617000,-0.086588
1631.618000,-0.032632
1631.619000,-0.166139
1631.620000,-0.237862
1631.621000,-0.356881
1631.622000,-0.323596
1631.623000,-0.252389
1631.624000,-0.254542
1631.625000,-0.280958
1631.626000,-0.324803
1631.627000,-0.342926
1631.628000,-0.287378
1631.629000,-0.278137
1631.630000,-0.310993
1631.631000,-0.224917
1631.632000,0.035323
1631.633000,-0.144460
1631.634000,-0.197278
1631.635000,-0.137682
1631.636000,-0.128867
1631.637000,-0.320819
1631.638000,-0.292241
1631.639000,-0.322507
1631.640000,-0.248825
1631.641000,-0.258289
1631.642000,-0.276294
1631.643000,-0.211795
1631.644000,-0.099981
1631.645000,-0.035435
1631.646000,-0.077101
1631.647000,-0.182053
1631.648000,-0.117946
1631.649000,0.003457
1631.650000,0.020760
1631.651000,0.089169
1631.652000,0.064530
1631.653000,-0.099452
1631.654000,0.019108
1631.655000,-0.034711
1631.656000,0.121895
1631.657000,0.027308
1631.658000,-0.050019
1631.659000,-0.154186
1631.660000,-0.078852
1631.661000,0.067283
1631.662000,0.206650
1631.663000,0.127726
1631.664000,0.315455
1631.665000,0.323931
1631.666000,0.253400
1631.667000,0.291472
1631.668000,0.325514
1631.669000,0.518748
1631.670000,0.503316
1631.671000,0.444430
1631.672000,0.660955
1631.673000,0.678334
1631.674000,0.565939
1631.675000,0.494865
1631.676000,0.238232
1631.677000,0.286569
1631.678000,0.260321
1631.679000,0.190849
1631.680000,0.159925
1631.681000,0.188610
1631.682000,0.104345
1631.683000,0.184692
1631.684000,0.220793
1631.685000,0.352633
1631.686000,0.362272
1631.687000,0.269106
1631.688000,0.165815
1631.689000,0.174997
1631.690000,0.309564
1631.691000,0.243203
1631.692000,0.345706
1631.693000,0.316609
1631.694000,0.202100
1631.695000,0.268339
1631.696000,0.274862
1631.697000,0.322775
1631.698000,0.402932
1631.699000,0.434254
1631.700000,0.416429
1631.701000,0.446484
1631.702000,0.418300
1631.703000,0.481792
1631.704000,0.502557
1631.705000,0.431372
1631.706000,0.326801
1631.707000,0.105868
1631.708000,0.060224
1631.709000,-0.007225
1631.710000,-0.035936
1631.711000,-0.096600
1631.712000,0.159094
1631.713000,0.213184
1631.714000,0.190414
1631.715000,-0.078289
1631.716000,-0.069478
1631.717000,-0.065955
1631.718000,-0.179552
1631.719000,-0.372907
1631.720000,-0.368750
1631.721000,-0.435552
1631.722000,-0.404928
1631.723000,-0.479201
1631.724000,-0.417911
1631.725000,-0.449049
1631.726000,-0.276555
1631.727000,-0.093515
1631.728000,-0.051639
1631.729000,0.076887
1631.730000,0.014844
1631.731000,-0.102778
1631.732000,-0.082612
1631.733000,0.032028
1631.734000,0.259409
1631.735000,0.053728
1631.736000,0.133266
1631.737000,0.054675
1631.738000,-0.013050
1631.739000,0.152823
1631.740000,0.080876
1631.741000,-0.050263
1631.742000,-0.019132
1631.743000,0.091740
1631.744000,-0.046066
1631.745000,-0.228140
1631.746000,-0.207317
1631.747000,-0.085098
1631.748000,0.075909
1631.749000,0.015903
1631.750000,0.030333
1631.751000,0.105862
1631.752000,0.109439
1631.753000,-0.050747
1631.754000,-0.103696
1631.755000,-0.217095
1631.756000,-0.347827
1631.757000,-0.266658
1631.758000,-0.297905
1631.759000,-0.181051
1631.760000,-0.293990
1631.761000,-0.273657
1631.762000,-0.356511
1631.763000,-0.334150
1631.764000,-0.495455
1631.765000,-0.691062
1631.766000,-0.481754
1631.767000,-0.578052
1631.768000,-0.599339
1631.769000,-0.744765
1631.770000,-0.827852
1631.771000,-0.802306
1631.772000,-0.805470
1631.773000,-0.776250
1631.774000,-0.684089
1631.775000,-0.767785
1631.776000,-0.737615
1631.777000,-0.634035
1631.778000,-0.483258
1631.779000,-0.398345
1631.780000,-0.299147
1631.781000,-0.212572
1631.782000,-0.126952
1631.783000,-0.191249
1631.784000,-0.334692
1631.785000,-0.236301
1631.786000,-0.137723
1631.787000,-0.016206
1631.788000,0.127986
1631.789000,0.250506
1631.790000,0.154520
1631.791000,0.073473
1631.792000,0.107587
1631.793000,0.158838
1631.794000,0.039942
1631.795000,0.058120
1631.796000,-0.039133
1631.797000,0.014964
1631.798000,0.044260
1631.799000,0.195027
1631.800000,0.069505
1631.801000,0.074413
1631.802000,0.103315
1631.803000,0.190639
1631.804000,0.152180
1631.805000,0.172084
1631.806000,0.152956
1631.807000,0.028234
1631.808000,-0.040325
1631.809000,0.027138
1631.810000,0.188497
1631.811000,0.294622
1631.812000,0.259396
1631.813000,0.260075
1631.814000,0.388224
1631.815000,0.485563
1631.816000,0.735994
1631.817000,0.670256
1631.818000,0.557167
1631.819000,0.500820
1631.820000,0.584025
1631.821000,0.698349
1631.822000,0.679337
1631.823000,0.528077
1631.824000,0.477196
1631.825000,0.571566
1631.826000,0.501116
1631.827000,0.462228
1631.828000,0.512912
1631.829000,0.364202
1631.830000,0.298090
1631.831000,0.203527
1631.832000,0.219743
1631.833000,0.184173
1631.834000,0.194872
1631.835000,0.309618
1631.836000,0.365078
1631.837000,0.356853
1631.838000,0.467253
1631.839000,0.439421
1631.840000,0.340469
1631.841000,0.388965
1631.842000,0.403699
1631.843000,0.452472
1631.844000,0.279784
1631.845000,0.217120
1631.846000,0.266715
1631.847000,0.191597
1631.848000,0.247666
1631.849000,0.346550
1631.850000,0.306812
1631.851000,0.356006
1631.852000,0.492412
1631.853000,0.261064
1631.854000,0.304473
1631.855000,0.295350
1631.856000,0.371614
1631.857000,0.265150
1631.858000,0.270377
1631.859000,0.210753
1631.860000,0.031310
1631.861000,-0.150645
1631.862000,0.052930
1631.863000,0.077430
1631.864000,-0.047990
1631.865000,0.019515
1631.866000,-0.015254
1631.867000,-0.085794
1631.868000,-0.130930
1631.869000,-0.220585
1631.870000,-0.138913
1631.871000,-0.274956
1631.872000,-0.351917
1631.873000,-0.404467
1631.874000,-0.288265
1631.875000,-0.285038
1631.876000,-0.226886
1631.877000,-0.338956
1631.878000,-0.436118
1631.879000,-0.473556
1631.880000,-0.399427
1631.881000,-0.126062
1631.882000,-0.199716
1631.883000,0.024433
1631.884000,-0.123102
1631.885000,-0.274214
1631.886000,-0.293364
1631.887000,-0.233508
1631.888000,-0.233798
1631.889000,-0.202861
1631.890000,-0.205495
1631.891000,-0.210758
1631.892000,-0.241875
1631.893000,-0.335211
1631.894000,-0.240906
1631.895000,-0.295570
1631.896000,-0.191009
1631.897000,-0.241809
1631.898000,-0.281760
1631.899000,-0.179426
1631.900000,-0.084763
1631.901000,-0.033180
1631.902000,0.093374
1631.903000,0.063369
1631.904000,0.222579
1631.905000,0.196623
1631.906000,-0.040454
1631.907000,-0.039974
1631.908000,-0.009791
1631.909000,0.057146
1631.910000,-0.020907
1631.911000,0.031458
1631.912000,-0.063926
1631.913000,-0.129903
1631.914000,0.090238
1631.915000,-0.034104
1631.916000,0.041806
1631.917000,0.042433
1631.918000,-0.087799
1631.919000,0.033304
1631.920000,0.153882
1631.921000,0.053162
1631.922000,0.266902
1631.923000,0.196858
1631.924000,0.046141
1631.925000,0.016475
1631.926000,0.101049
1631.927000,0.068496
1631.928000,0.265991
1631.929000,0.254990
1631.930000,0.236051
1631.931000,0.031664
1631.932000,-0.030317
1631.933000,-0.091039
1631.934000,-0.085719
1631.935000,-0.160425
1631.936000,-0.123354
1631.937000,-0.082230
1631.938000,-0.193091
1631.939000,-0.210649
1631.940000,-0.146984
1631.941000,-0.145201
1631.942000,-0.084638
1631.943000,-0.225559
1631.944000,-0.086847
1631.945000,0.054613
1631.946000,0.163821
1631.947000,0.385896
1631.948000,0.333976
1631.949000,0.207906
1631.950000,0.069954
1631.951000,-0.002815
1631.952000,0.034139
1631.953000,0.159249
1631.954000,0.318225
1631.955000,0.348988
1631.956000,0.435633
1631.957000,0.448100
1631.958000,0.540436
1631.959000,0.463400
1631.960000,0.353140
1631.961000,0.351618
1631.962000,0.376176
1631.963000,0.333047
1631.964000,0.324725
1631.965000,0.393807
1631.966000,0.500548
1631.967000,0.544544
1631.968000,0.340470
1631.969000,0.257227
1631.970000,0.231317
1631.971000,0.174366
1631.972000,0.043487
1631.973000,0.097316
1631.974000,-0.022316
1631.975000,-0.062119
1631.976000,0.039898
1631.977000,-0.125511
1631.978000,-0.120077
1631.979000,-0.185074
1631.980000,-0.230939
1631.981000,-0.097710
1631.982000,-0.059124
1631.983000,0.060050
1631.984000,0.259858
1631.985000,0.413892
1631.986000,0.490041
1631.987000,0.582621
1631.988000,0.613997
1631.989000,0.542414
1631.990000,0.375643
1631.991000,0.409868
1631.992000,0.458784
1631.993000,0.542984
1631.994000,0.455083
1631.995000,0.434009
1631.996000,0.408656
1631.997000,0.488462
1631.998000,0.420581
1631.999000,0.469521
1632.000000,0.497810
1632.001000,0.403437
1632.002000,0.650129
1632.003000,0.633551
1632.004000,0.815360
1632.005000,0.709049
1632.006000,0.585108
1632.007000,0.491457
1632.008000,0.563228
1632.009000,0.651747
1632.010000,0.769697
1632.011000,0.694434
1632.012000,0.744316
1632.013000,0.589485
1632.014000,0.770265
1632.015000,0.751582
1632.016000,0.833371
1632.017000,0.860818
1632.018000,0.822240
1632.019000,0.962467
1632.020000,0.819580
1632.021000,0.774490
1632.022000,0.703574
1632.023000,0.544456
1632.024000,0.496267
1632.025000,0.418372
1632.026000,0.457045
1632.027000,0.562164
1632.028000,0.649221
1632.029000,0.348280
1632.030000,0.248056
1632.031000,0.187227
1632.032000,0.294067
1632.033000,0.267369
1632.034000,0.092367
1632.035000,0.092402
1632.036000,0.099054
1632.037000,0.245081
1632.038000,0.247868
1632.039000,0.252741
1632.040000,0.346663
1632.041000,0.392398
1632.042000,0.344487
1632.043000,0.318380
1632.044000,0.308035
1632.045000,0.192772
1632.046000,0.108944
1632.047000,0.211970
1632.048000,0.271582
1632.049000,0.428007
1632.050000,0.333902
1632.051000,0.481765
1632.052000,0.500531
1632.053000,0.488500
1632.054000,0.608766
1632.055000,0.479014
1632.056000,0.627147
1632.057000,0.683878
1632.058000,0.823332
1632.059000,0.881768
1632.060000,0.753011
1632.061000,0.710930
1632.062000,0.779141
1632.063000,0.879190
1632.064000,0.684247
1632.065000,0.720976
1632.066000,0.693422
1632.067000,0.727429
1632.068000,0.644653
1632.069000,0.479478
1632.070000,0.305788
1632.071000,0.207738
1632.072000,0.291954
1632.073000,0.328401
1632.074000,0.435774
1632.075000,0.408151
1632.076000,0.290349
1632.077000,0.181907
1632.078000,0.242239
1632.079000,0.361703
1632.080000,0.483885
1632.081000,0.529607
1632.082000,0.521827
1632.083000,0.545254
1632.084000,0.557908
1632.085000,0.440236
1632.086000,0.446606
1632.087000,0.439913
1632.088000,0.626291
1632.089000,0.707049
1632.090000,0.758274
1632.091000,0.701043
1632.092000,0.695614
1632.093000,0.561694
1632.094000,0.457633
1632.095000,0.334948
1632.096000,0.297204
1632.097000,0.224944
1632.098000,0.010217
1632.099000,0.080724
1632.100000,-0.023807
1632.101000,-0.041801
1632.102000,-0.094989
1632.103000,-0.256217
1632.104000,-0.346165
1632.105000,-0.420092
1632.106000,-0.305980
1632.107000,-0.243240
1632.108000,-0.370581
1632.109000,-0.392110
1632.110000,-0.283505
1632.111000,-0.139532
1632.112000,-0.192705
1632.113000,-0.333973
1632.114000,-0.229050
1632.115000,-0.161391
1632.116000,-0.240311
1632.117000,-0.161611
1632.118000,-0.182477
1632.119000,-0.225197
1632.120000,-0.291036
1632.121000,-0.194660
1632.122000,-0.141542
1632.123000,-0.137437
1632.124000,-0.215912
1632.125000,-0.320335
1632.126000,-0.265069
1632.127000,-0.212016
1632.128000,-0.186654
1632.129000,-0.309926
1632.130000,-0.188295
1632.131000,-0.161298
1632.132000,-0.213206
1632.133000,-0.340130
1632.134000,-0.421312
1632.135000,-0.586143
1632.136000,-0.453213
1632.137000,-0.472007
1632.138000,-0.608231
1632.139000,-0.520092
1632.140000,-0.576453
1632.141000,-0.592966
1632.142000,-0.506092
1632.143000,-0.542349
1632.144000,-0.508096
1632.145000,-0.510800
1632.146000,-0.477134
1632.147000,-0.585765
1632.148000,-0.711671
1632.149000,-0.668295
1632.150000,-0.430323
1632.151000,-0.397822
1632.152000,-0.364849
1632.153000,-0.420728
1632.154000,-0.294561
1632.155000,-0.425800
1632.156000,-0.503720
1632.157000,-0.611651
1632.158000,-0.626811
1632.159000,-0.895053
1632.160000,-1.093065
1632.161000,-1.111108
1632.162000,-0.914608
1632.163000,-0.988938
1632.164000,-0.879817
1632.165000,-0.908115
1632.166000,-0.886008
1632.167000,-0.799679
1632.168000,-0.853044
1632.169000,-0.983241
1632.170000,-1.075242
1632.171000,-1.011927
1632.172000,-1.063347
1632.173000,-1.006684
1632.174000,-1.096846
1632.175000,-0.930692
1632.176000,-0.860210
1632.177000,-0.675805
1632.178000,-0.497660
1632.179000,-0.524912
1632.180000,-0.377328
1632.181000,-0.539392
1632.182000,-0.677523
1632.183000,-0.417288
1632.184000,-0.404037
1632.185000,-0.322889
1632.186000,-0.394937
1632.187000,-0.428195
1632.188000,-0.261589
1632.189000,-0.235210
1632.190000,-0.017253
1632.191000,-0.011078
1632.192000,-0.147937
1632.193000,-0.027692
1632.194000,-0.086554
1632.195000,0.019850
1632.196000,-0.137551
1632.197000,-0.138268
1632.198000,-0.094178
1632.199000,-0.177857
1632.200000,-0.186947
1632.201000,-0.090001
1632.202000,0.112676
1632.203000,-0.025754
1632.204000,0.055913
1632.205000,-0.019564
1632.206000,-0.020282
1632.207000,-0.016697
1632.208000,-0.067171
1632.209000,-0.098072
1632.210000,-0.114812
1632.211000,-0.004161
1632.212000,0.034032
1632.213000,0.222597
1632.214000,0.163620
1632.215000,0.188834
1632.216000,0.129895
1632.217000,0.139372
1632.218000,0.171420
1632.219000,0.249715
1632.220000,0.338301
1632.221000,0.322252
1632.222000,0.407894
1632.223000,0.311191
1632.224000,0.455563
1632.225000,0.310208
1632.226000,0.127950
1632.227000,0.205511
1632.228000,0.300570
1632.229000,0.251544
1632.230000,0.195167
1632.231000,0.323891
1632.232000,0.298670
1632.233000,0.429790
1632.234000,0.353465
1632.235000,0.471925
1632.236000,0.301038
1632.237000,0.209560
1632.238000,0.036405
1632.239000,0.063525
1632.240000,-0.052940
1632.241000,-0.052562
1632.242000,-0.071733
1632.243000,-0.085114
1632.244000,-0.101192
1632.245000,-0.169174
1632.246000,-0.220505
1632.247000,-0.319669
1632.248000,-0.602810
1632.249000,-0.576710
1632.250000,-0.620972
1632.251000,-0.550507
1632.252000,-0.598890
1632.253000,-0.617864
1632.254000,-0.702350
1632.255000,-0.820330
1632.256000,-0.883528
1632.257000,-0.860367
1632.258000,-0.890966
1632.259000,-0.894954
1632.260000,-0.875883
1632.261000,-0.929537
1632.262000,-0.932266
1632.263000,-0.915607
1632.264000,-0.720132
1632.265000,-0.519666
1632.266000,-0.641927
1632.267000,-0.543800
1632.268000,-0.641280
1632.269000,-0.551100
1632.270000,-0.661365
1632.271000,-0.505947
1632.272000,-0.405871
1632.273000,-0.295587
1632.274000,-0.271784
1632.275000,-0.300531
1632.276000,-0.154899
1632.277000,-0.220491
1632.278000,-0.249613
1632.279000,-0.327749
1632.280000,-0.411890
1632.281000,-0.350400
1632.282000,-0.234916
1632.283000,-0.249366
1632.284000,-0.186805
1632.285000,-0.211467
1632.286000,-0.237974
1632.287000,-0.198833
1632.288000,-0.220302
1632.289000,-0.247034
1632.290000,-0.368408
1632.291000,-0.222231
1632.292000,-0.067953
1632.293000,-0.253130
1632.294000,-0.064508
1632.295000,-0.101615
1632.296000,-0.079027
1632.297000,-0.036446
1632.298000,-0.106073
1632.299000,-0.104492
1632.300000,0.048625
1632.301000,0.084274
1632.302000,-0.003680
1632.303000,-0.107477
1632.304000,0.091464
1632.305000,0.219389
1632.306000,0.284164
1632.307000,0.284567
1632.308000,0.091615
1632.309000,0.251556
1632.310000,0.103571
1632.311000,0.052742
1632.312000,0.134688
1632.313000,0.040434
1632.314000,0.059383
1632.315000,-0.037675
1632.316000,0.035072
1632.317000,0.084283
1632.318000,0.119364
1632.319000,-0.024519
1632.320000,-0.013144
1632.321000,0.016256
1632.322000,0.067964
1632.323000,-0.025891
1632.324000,0.086257
1632.325000,0.099376
1632.326000,0.135715
1632.327000,0.122495
1632.328000,0.060832
1632.329000,0.109596
1632.330000,0.137835
1632.331000,-0.077689
1632.332000,-0.302041
1632.333000,-0.401875
1632.334000,-0.396402
1632.335000,-0.597457
1632.336000,-0.568673
1632.337000,-0.655434
1632.338000,-0.618986
1632.339000,-0.556176
1632.340000,-0.595158
1632.341000,-0.621323
1632.342000,-0.704894
1632.343000,-0.551818
1632.344000,-0.428939
1632.345000,-0.396983
1632.346000,-0.410364
1632.347000,-0.252127
1632.348000,-0.005151
1632.349000,-0.071042
1632.350000,0.030195
1632.351000,-0.003980
1632.352000,0.050868
1632.353000,0.102726
1632.354000,0.123394
1632.355000,-0.014167
1632.356000,0.226616
1632.357000,0.326241
1632.358000,0.385331
1632.359000,0.276682
1632.360000,0.252048
1632.361000,0.465906
1632.362000,0.399333
1632.363000,0.424158
1632.364000,0.553338
1632.365000,0.707833
1632.366000,0.576009
1632.367000,0.380101
1632.368000,0.539437
1632.369000,0.565750
1632.370000,0.467338
1632.371000,0.401188
1632.372000,0.590665
1632.373000,0.454387
1632.374000,0.421674
1632.375000,0.333877
1632.376000,0.385728
1632.377000,0.306570
1632.378000,0.367720
1632.379000,0.321028
1632.380000,0.253146
1632.381000,0.194717
1632.382000,0.044664
1632.383000,0.210359
1632.384000,0.361001
1632.385000,0.184977
1632.386000,0.235667
1632.387000,0.195447
1632.388000,0.167757
1632.389000,0.141440
1632.390000,0.104154
1632.391000,-0.049763
1632.392000,-0.198267
1632.393000,-0.145444
1632.394000,-0.237635
1632.395000,-0.197580
1632.396000,-0.134727
1632.397000,-0.054348
1632.398000,-0.008461
1632.399000,-0.165399
1632.400000,-0.131180
1632.401000,-0.140749
1632.402000,-0.263644
1632.403000,-0.230787
1632.404000,-0.315522
1632.405000,-0.246982
1632.406000,-0.393142
1632.407000,-0.285969
1632.408000,-0.272281
1632.409000,-0.183171
1632.410000,-0.161299
1632.411000,-0.026482
1632.412000,-0.124726
1632.413000,-0.101304
1632.414000,0.011404
1632.415000,0.101530
1632.416000,0.286090
1632.417000,0.242749
1632.418000,0.182941
1632.419000,0.484483
1632.420000,0.462889
1632.421000,0.404044
1632.422000,0.519932
1632.423000,0.376655
1632.424000,0.407673
1632.425000,0.425079
1632.426000,0.465899
1632.427000,0.375374
1632.428000,0.402708
1632.429000,0.474062
1632.430000,0.398292
1632.431000,0.364638
1632.432000,0.257747
1632.433000,0.245635
1632.434000,0.186777
1632.435000,0.357879
1632.436000,0.266177
1632.437000,0.252634
1632.438000,0.222565
1632.439000,0.162591
1632.440000,0.185998
1632.441000,0.254911
1632.442000,0.460593
1632.443000,0.368602
1632.444000,0.460593
1632.445000,0.432122
1632.446000,0.419426
1632.447000,0.491442
1632.448000,0.422188
1632.449000,0.331168
1632.450000,0.276714
1632.451000,0.215768
1632.452000,0.110930
1632.453000,-0.137970
1632.454000,-0.133506
1632.455000,-0.157133
1632.456000,-0.257241
1632.457000,-0.319279
1632.458000,-0.499506
1632.459000,-0.531371
1632.460000,-0.483920
1632.461000,-0.398378
1632.462000,-0.282294
1632.463000,-0.238572
1632.464000,-0.091878
1632.465000,-0.089212
1632.466000,0.020189
1632.467000,0.107447
1632.468000,0.109374
1632.469000,0.127006
1632.470000,0.234507
1632.471000,0.072384
1632.472000,0.072138
1632.473000,0.063997
1632.474000,0.070952
1632.475000,0.127235
1632.476000,0.019354
1632.477000,-0.074879
1632.478000,-0.116352
1632.479000,-0.197758
1632.480000,-0.140361
1632.481000,-0.145495
1632.482000,-0.192961
1632.483000,-0.199593
1632.484000,-0.153428
1632.485000,-0.030850
1632.486000,0.103438
1632.487000,-0.017641
1632.488000,-0.203487
1632.489000,-0.270705
1632.490000,-0.237840
1632.491000,-0.230820
1632.492000,-0.292644
1632.493000,-0.311090
1632.494000,-0.161179
1632.495000,-0.199081
1632.496000,-0.100101
1632.497000,-0.193539
1632.498000,-0.010921
1632.499000,0.057124
1632.500000,0.098568
1632.501000,0.192087
1632.502000,0.118210
1632.503000,0.174116
1632.504000,0.253735
1632.505000,0.254618
1632.506000,0.292573
1632.507000,0.283096
1632.508000,0.224625
1632.509000,0.209461
1632.510000,0.162297
1632.511000,0.197668
1632.512000,0.081832
1632.513000,0.048982
1632.514000,0.062962
1632.515000,0.281798
1632.516000,0.121266
1632.517000,0.029956
1632.518000,0.099118
1632.519000,-0.133306
1632.520000,-0.305641
1632.521000,-0.291313
1632.522000,-0.539149
1632.523000,-0.503972
1632.524000,-0.484863
1632.525000,-0.577676
1632.526000,-0.527428
1632.527000,-0.568944
1632.528000,-0.604710
1632.529000,-0.470428
1632.530000,-0.468451
1632.531000,-0.597136
1632.532000,-0.580807
1632.533000,-0.434573
1632.534000,-0.486082
1632.535000,-0.461447
1632.536000,-0.443146
1632.537000,-0.277181
1632.538000,-0.344647
1632.539000,-0.308039
1632.540000,-0.309406
1632.541000,-0.104126
1632.542000,-0.048826
1632.543000,0.042376
1632.544000,0.203964
1632.545000,0.055005
1632.546000,0.032603
1632.547000,0.169443
1632.548000,0.073529
1632.549000,0.063335
1632.550000,-0.032706
1632.551000,-0.029610
1632.552000,-0.016991
1632.553000,-0.012172
1632.554000,-0.126550
1632.555000,-0.094945
1632.556000,-0.089489
1632.557000,-0.051712
1632.558000,-0.094079
1632.559000,-0.078920
1632.560000,-0.233577
1632.561000,-0.239582
1632.562000,-0.224245
1632.563000,-0.166880
1632.564000,-0.093717
1632.565000,0.089478
1632.566000,0.103517
1632.567000,0.139493
1632.568000,0.223758
1632.569000,0.310689
1632.570000,0.258217
1632.571000,0.214545
1632.572000,0.205289
1632.573000,0.101698
1632.574000,0.000734
1632.575000,0.112704
1632.576000,-0.007196
1632.577000,-0.073112
1632.578000,-0.169279
1632.579000,-0.394662
1632.580000,-0.396117
1632.581000,-0.395010
1632.582000,-0.430232
1632.583000,-0.489356
1632.584000,-0.394021
1632.585000,-0.427391
1632.586000,-0.352212
1632.587000,-0.344306
1632.588000,-0.314628
1632.589000,-0.290294
1632.590000,-0.373958
1632.591000,-0.413633
1632.592000,-0.275852
1632.593000,-0.255386
1632.594000,-0.419583
1632.595000,-0.402611
1632.596000,-0.382754
1632.597000,-0.184099
1632.598000,-0.112040
1632.599000,-0.329918
1632.600000,-0.451598
1632.601000,-0.390846
1632.602000,-0.224751
1632.603000,-0.112708
1632.604000,-0.034298
1632.605000,0.079673
1632.606000,0.114790
1632.607000,0.166560
1632.608000,-0.045416
1632.609000,0.116382
1632.610000,0.159283
1632.611000,0.168242
1632.612000,0.240712
1632.613000,0.097686
1632.614000,0.025347
1632.615000,-0.044728
1632.616000,0.005286
1632.617000,-0.167620
1632.618000,-0.337923
1632.619000,-0.414974
1632.620000,-0.510109
1632.621000,-0.378884
1632.622000,-0.430917
1632.623000,-0.484557
1632.624000,-0.577203
1632.625000,-0.412406
1632.626000,-0.433098
1632.627000,-0.347732
1632.628000,-0.192995
1632.629000,-0.101762
1632.630000,-0.015732
1632.631000,0.081314
1632.632000,0.098253
1632.633000,0.142747
1632.634000,0.220758
1632.635000,0.374952
1632.636000,0.257168
1632.637000,0.245008
1632.638000,0.231622
1632.639000,0.253428
1632.640000,0.220584
1632.641000,0.101849
1632.642000,0.137381
1632.643000,0.167892
1632.644000,0.278844
1632.645000,0.255912
1632.646000,0.101736
1632.647000,0.273482
1632.648000,0.305658
1632.649000,0.279750
1632.650000,0.258573
1632.651000,0.263383
1632.652000,0.163157
1632.653000,0.103327
1632.654000,0.064341
1632.655000,0.116044
1632.656000,0.044146
1632.657000,-0.019096
1632.658000,0.102221
1632.659000,0.232878
1632.660000,0.143667
1632.661000,0.092478
1632.662000,0.128643
1632.663000,-0.105274
1632.664000,0.033183
1632.665000,0.011516
1632.666000,0.122057
1632.667000,0.272713
1632.668000,0.338616
1632.669000,0.344668
1632.670000,0.394467
1632.671000,0.301943
1632.672000,0.333665
1632.673000,0.366598
1632.674000,0.366615
1632.675000,0.448172
1632.676000,0.301974
1632.677000,0.443902
1632.678000,0.340711
1632.679000,0.311523
1632.680000,0.201560
1632.681000,0.225788
1632.682000,0.136648
1632.683000,0.267843
1632.684000,0.134438
1632.685000,0.171612
1632.686000,0.147661
1632.687000,0.116200
1632.688000,0.343468
1632.689000,0.251198
1632.690000,0.318520
1632.691000,0.238424
1632.692000,0.351723
1632.693000,0.169414
1632.694000,0.153550
1632.695000,0.171548
1632.696000,0.123537
1632.697000,0.197447
1632.698000,0.098106
1632.699000,0.074316
1632.700000,0.087244
1632.701000,0.049474
1632.702000,-0.152525
1632.703000,-0.144587
1632.704000,-0.104187
1632.705000,0.051544
1632.706000,0.061487
1632.707000,0.266548
1632.708000,0.431949
1632.709000,0.631876
1632.710000,0.593448
1632.711000,0.674211
1632.712000,0.569817
1632.713000,0.459032
1632.714000,0.476299
1632.715000,0.404309
1632.716000,0.540484
1632.717000,0.485360
1632.718000,0.586348
1632.719000,0.486746
1632.720000,0.529506
1632.721000,0.571171
1632.722000,0.584101
1632.723000,0.614020
1632.724000,0.498298
1632.725000,0.483113
1632.726000,0.475928
1632.727000,0.378152
1632.728000,0.331615
1632.729000,0.490817
1632.730000,0.694682
1632.731000,0.567981
1632.732000,0.367643
1632.733000,0.443455
1632.734000,0.390782
1632.735000,0.435234
1632.736000,0.527101
1632.737000,0.646759
1632.738000,0.692056
1632.739000,0.732157
1632.740000,0.684476
1632.741000,0.445486
1632.742000,0.412149
1632.743000,0.220967
1632.744000,0.211921
1632.745000,0.323737
1632.746000,0.388491
1632.747000,0.499819
1632.748000,0.494843
1632.749000,0.374111
1632.750000,0.552808
1632.751000,0.424721
1632.752000,0.400142
1632.753000,0.433154
1632.754000,0.554867
1632.755000,0.627490
1632.756000,0.484678
1632.757000,0.314089
1632.758000,0.174769
1632.759000,-0.039609
1632.760000,-0.036702
1632.761000,0.002029
1632.762000,-0.020690
1632.763000,-0.265839
1632.764000,-0.343310
1632.765000,-0.347191
1632.766000,-0.271995
1632.767000,-0.331378
1632.768000,-0.301896
1632.769000,-0.411629
1632.770000,-0.567400
1632.771000,-0.617506
1632.772000,-0.600245
1632.773000,-0.521447
1632.774000,-0.616436
1632.775000,-0.672614
1632.776000,-0.584212
1632.777000,-0.645573
1632.778000,-0.601306
1632.779000,-0.360782
1632.780000,-0.306318
1632.781000,-0.279738
1632.782000,-0.124650
1632.783000,-0.031052
1632.784000,-0.025151
1632.785000,-0.112816
1632.786000,0.007516
1632.787000,-0.010098
1632.788000,0.157832
1632.789000,0.122731
1632.790000,0.298417
1632.791000,0.342051
1632.792000,0.277476
1632.793000,0.293864
1632.794000,0.238308
1632.795000,0.245099
1632.796000,0.290288
1632.797000,0.279102
1632.798000,0.183817
1632.799000,0.239665
1632.800000,0.159094
1632.801000,0.120126
1632.802000,0.084775
1632.803000,0.191840
1632.804000,0.241190
1632.805000,0.373092
1632.806000,0.350394
1632.807000,0.328960
1632.808000,0.242251
1632.809000,0.302667
1632.810000,0.547868
1632.811000,0.725959
1632.812000,0.666583
1632.813000,0.702883
1632.814000,0.656123
1632.815000,0.650907
1632.816000,0.765056
1632.817000,0.582434
1632.818000,0.727782
1632.819000,0.933804
1632.820000,0.941115
1632.821000,0.982938
1632.822000,0.843245
1632.823000,0.648108
1632.824000,0.568269
1632.825000,0.563291
1632.826000,0.520305
1632.827000,0.761390
1632.828000,0.614189
1632.829000,0.540724
1632.830000,0.513334
1632.831000,0.258304
1632.832000,0.193596
1632.833000,0.159280
1632.834000,0.126315
1632.835000,0.033393
1632.836000,-0.049673
1632.837000,-0.195977
1632.838000,-0.097214
1632.839000,-0.260876
1632.840000,-0.527566
1632.841000,-0.444752
1632.842000,-0.539377
1632.843000,-0.463662
1632.844000,-0.465116
1632.845000,-0.312597
1632.846000,-0.309021
1632.847000,-0.245725
1632.848000,-0.051963
1632.849000,-0.004280
1632.850000,-0.037742
1632.851000,0.208832
1632.852000,0.268620
1632.853000,0.425380
1632.854000,0.390499
1632.855000,0.311710
1632.856000,0.263867
1632.857000,0.316567
1632.858000,0.310306
1632.859000,0.363914
1632.860000,0.399652
1632.861000,0.391676
1632.862000,0.526334
1632.863000,0.636905
1632.864000,0.671420
1632.865000,0.614339
1632.866000,0.474470
1632.867000,0.694652
1632.868000,0.651689
1632.869000,0.488232
1632.870000,0.569890
1632.871000,0.446756
1632.872000,0.496768
1632.873000,0.497848
1632.874000,0.433805
1632.875000,0.458606
1632.876000,0.484920
1632.877000,0.351789
1632.878000,0.295306
1632.879000,0.420925
1632.880000,0.333899
1632.881000,0.415898
1632.882000,0.345032
1632.883000,0.297179
1632.884000,0.359915
1632.885000,0.223353
1632.886000,0.159471
1632.887000,-0.006720
1632.888000,-0.145604
1632.889000,-0.185142
1632.890000,-0.100533
1632.891000,-0.014894
1632.892000,-0.017315
1632.893000,-0.017611
1632.894000,0.099165
1632.895000,0.047266
1632.896000,0.111470
1632.897000,0.280511
1632.898000,0.321994
1632.899000,0.434103
1632.900000,0.425483
1632.901000,0.348713
1632.902000,0.262044
1632.903000,0.243405
1632.904000,0.294222
1632.905000,0.375979
1632.906000,0.202227
1632.907000,0.171206
1632.908000,-0.019755
1632.909000,0.083948
1632.910000,0.030699
1632.911000,-0.047174
1632.912000,-0.018389
1632.913000,-0.067675
1632.914000,-0.089251
1632.915000,-0.115229
1632.916000,-0.262838
1632.917000,-0.369344
1632.918000,-0.104809
1632.919000,-0.049748
1632.920000,0.081363
1632.921000,-0.113999
1632.922000,-0.239591
1632.923000,-0.242674
1632.924000,-0.395681
1632.925000,-0.477064
1632.926000,-0.617455
1632.927000,-0.607996
1632.928000,-0.698371
1632.929000,-0.748179
1632.930000,-0.838342
1632.931000,-0.688849
1632.932000,-0.661369
1632.933000,-0.549757
1632.934000,-0.529001
1632.935000,-0.322247
1632.936000,-0.299422
1632.937000,-0.185755
1632.938000,-0.321353
1632.939000,-0.354915
1632.940000,-0.337607
1632.941000,-0.369668
1632.942000,-0.365920
1632.943000,-0.512972
1632.944000,-0.342630
1632.945000,-0.453814
1632.946000,-0.435597
1632.947000,-0.545105
1632.948000,-0.454679
1632.949000,-0.540064
1632.950000,-0.521283
1632.951000,-0.492890
1632.952000,-0.558633
1632.953000,-0.410113
1632.954000,-0.350285
1632.955000,-0.199614
1632.956000,-0.314222
1632.957000,-0.213140
1632.958000,-0.160499
1632.959000,-0.259632
1632.960000,-0.137106
1632.961000,-0.181044
1632.962000,-0.126972
1632.963000,-0.063892
1632.964000,-0.122300
1632.965000,-0.064199
1632.966000,0.043403
1632.967000,0.265158
1632.968000,0.096433
1632.969000,0.272172
1632.970000,0.322758
1632.971000,0.319819
1632.972000,0.182006
1632.973000,0.197028
1632.974000,0.162358
1632.975000,0.185695
1632.976000,0.133917
1632.977000,0.051507
1632.978000,0.041880
1632.979000,-0.010855
1632.980000,-0.022452
1632.981000,-0.138707
1632.982000,0.041078
1632.983000,0.116011
1632.984000,0.023061
1632.985000,-0.116436
1632.986000,-0.033877
1632.987000,-0.010251
1632.988000,0.116622
1632.989000,0.271890
1632.990000,0.175202
1632.991000,0.202256
1632.992000,0.321912
1632.993000,0.235024
1632.994000,0.181550
1632.995000,0.259128
1632.996000,0.123051
1632.997000,0.072323
1632.998000,0.224131
1632.999000,0.210328
1633.000000,0.287516
1633.001000,0.538680
1633.002000,0.454659
1633.003000,0.410320
1633.004000,0.193832
1633.005000,0.099964
1633.006000,0.220416
1633.007000,0.299558
1633.008000,0.276259
1633.009000,0.322168
1633.010000,0.246952
1633.011000,0.030452
1633.012000,-0.086165
1633.013000,0.072564
1633.014000,-0.051583
1633.015000,-0.215465
1633.016000,-0.413258
1633.017000,-0.310189
1633.018000,-0.339564
1633.019000,-0.453996
1633.020000,-0.376429
1633.021000,-0.229494
1633.022000,-0.158116
1633.023000,-0.078501
1633.024000,0.036717
1633.025000,-0.120484
1633.026000,-0.104845
1633.027000,-0.065607
1633.028000,-0.143123
1633.029000,0.030167
1633.030000,0.190810
1633.031000,0.159520
1633.032000,0.354555
1633.033000,0.364070
1633.034000,0.450911
1633.035000,0.387181
1633.036000,0.291680
1633.037000,0.219908
1633.038000,0.350053
1633.039000,0.362283
1633.040000,0.230300
1633.041000,0.210730
1633.042000,0.376356
1633.043000,0.185134
1633.044000,0.241070
1633.045000,0.253486
1633.046000,0.303814
1633.047000,0.321943
1633.048000,0.229683
1633.049000,0.222877
1633.050000,0.225899
1633.051000,0.265690
1633.052000,0.213381
1633.053000,0.196745
1633.054000,0.175742
1633.055000,0.279207
1633.056000,0.177035
1633.057000,0.164383
1633.058000,0.199600
1633.059000,0.199967
1633.060000,0.293346
1633.061000,0.215005
1633.062000,0.349968
1633.063000,0.219852
1633.064000,0.128122
1633.065000,0.189966
1633.066000,0.205990
1633.067000,0.222992
1633.068000,0.108073
1633.069000,0.050979
1633.070000,0.137137
1633.071000,0.237936
1633.072000,0.299788
1633.073000,0.257124
1633.074000,0.129359
1633.075000,0.096725
1633.076000,0.168720
1633.077000,-0.036294
1633.078000,-0.160677
1633.079000,-0.230525
1633.080000,-0.268802
1633.081000,-0.249589
1633.082000,-0.327079
1633.083000,-0.346079
1633.084000,-0.155311
1633.085000,-0.218124
1633.086000,-0.119323
1633.087000,-0.115660
1633.088000,-0.187756
1633.089000,-0.189513
1633.090000,-0.271268
1633.091000,-0.104992
1633.092000,-0.024722
1633.093000,0.002108
1633.094000,0.088236
1633.095000,0.117181
1633.096000,-0.014293
1633.097000,-0.106647
1633.098000,-0.181447
1633.099000,-0.230008
1633.100000,-0.293867
1633.101000,-0.350161
1633.102000,-0.296892
1633.103000,-0.081123
1633.104000,-0.260905
1633.105000,-0.126416
1633.106000,0.032546
1633.107000,0.011326
1633.108000,-0.267299
1633.109000,-0.243744
1633.110000,-0.192364
1633.111000,-0.269799
1633.112000,-0.367413
1633.113000,-0.171997
1633.114000,-0.097045
1633.115000,0.119136
1633.116000,0.154486
1633.117000,0.185051
1633.118000,0.035816
1633.119000,-0.122229
1633.120000,-0.242091
1633.121000,-0.168761
1633.122000,-0.057099
1633.123000,-0.083997
1633.124000,-0.187949
1633.125000,-0.237813
1633.126000,-0.241830
1633.127000,-0.258029
1633.128000,-0.318678
1633.129000,-0.219637
1633.130000,-0.268942
1633.131000,-0.184334
1633.132000,-0.232133
1633.133000,-0.154638
1633.134000,-0.084333
1633.135000,-0.132710
1633.136000,-0.029059
1633.137000,-0.067563
1633.138000,-0.147873
1633.139000,-0.211323
1633.140000,-0.309947
1633.141000,-0.178700
1633.142000,-0.293079
1633.143000,-0.230534
1633.144000,-0.241521
1633.145000,-0.386297
1633.146000,-0.420112
1633.147000,-0.436848
1633.148000,-0.526368
1633.149000,-0.522748
1633.150000,-0.583450
1633.151000,-0.877693
1633.152000,-0.986898
1633.153000,-0.858312
1633.154000,-0.776235
1633.155000,-0.560730
1633.156000,-0.364141
1633.157000,-0.281038
1633.158000,-0.289653
1633.159000,-0.348815
1633.160000,-0.441300
1633.161000,-0.309575
1633.162000,-0.210345
1633.163000,-0.190510
1633.164000,-0.175018
1633.165000,-0.280713
1633.166000,-0.388754
1633.167000,-0.492666
1633.168000,-0.544176
1633.169000,-0.609097
1633.170000,-0.641347
1633.171000,-0.812653
1633.172000,-0.661007
1633.173000,-0.676062
1633.174000,-0.798238
1633.175000,-0.869798
1633.176000,-0.837128
1633.177000,-0.843226
1633.178000,-0.894169
1633.179000,-0.921621
1633.180000,-1.070080
1633.181000,-1.041351
1633.182000,-1.000046
1633.183000,-0.868855
1633.184000,-0.984677
1633.185000,-1.132060
1633.186000,-1.269758
1633.187000,-1.247224
1633.188000,-1.030211
1633.189000,-0.831230
1633.190000,-0.827368
1633.191000,-0.886356
1633.192000,-0.919471
1633.193000,-0.847815
1633.194000,-0.969387
1633.195000,-0.750144
1633.196000,-0.676654
1633.197000,-0.651440
1633.198000,-0.775140
1633.199000,-0.642423
1633.200000,-0.824467
1633.201000,-0.802699
1633.202000,-0.838383
1633.203000,-0.692364
1633.204000,-0.690653
1633.205000,-0.705590
1633.206000,-0.674391
1633.207000,-0.523508
1633.208000,-0.507433
1633.209000,-0.440928
1633.210000,-0.434747
1633.211000,-0.119418
1633.212000,0.005932
1633.213000,-0.078682
1633.214000,-0.017305
1633.215000,0.096822
1633.216000,0.027476
1633.217000,0.065506
1633.218000,0.122771
1633.219000,0.191004
1633.220000,0.129128
1633.221000,0.000221
1633.222000,0.056830
1633.223000,-0.015301
1633.224000,-0.006553
1633.225000,0.052751
1633.226000,-0.006516
1633.227000,-0.113276
1633.228000,-0.138071
1633.229000,-0.083672
1633.230000,-0.074226
1633.231000,0.076916
1633.232000,0.162146
1633.233000,0.207477
1633.234000,-0.044627
1633.235000,0.016603
1633.236000,-0.067958
1633.237000,-0.063453
1633.238000,0.100741
1633.239000,-0.114181
1633.240000,-0.024371
1633.241000,0.160709
1633.242000,0.117883
1633.243000,0.091469
1633.244000,0.037310
1633.245000,-0.010101
1633.246000,-0.059297
1633.247000,-0.026246
1633.248000,-0.030909
1633.249000,-0.076015
1633.250000,-0.114221
1633.251000,0.041452
1633.252000,-0.055759
1633.253000,-0.086075
1633.254000,-0.010717
1633.255000,0.122266
1633.256000,0.116613
1633.257000,0.162206
1633.258000,0.120822
1633.259000,0.081638
1633.260000,0.184402
1633.261000,0.148198
1633.262000,0.020302
1633.263000,-0.126890
1633.264000,-0.252198
1633.265000,-0.356059
1633.266000,-0.433541
1633.267000,-0.422883
1633.268000,-0.563048
1633.269000,-0.476982
1633.270000,-0.369079
1633.271000,-0.427040
1633.272000,-0.386894
1633.273000,-0.385209
1633.274000,-0.211348
1633.275000,-0.009823
1633.276000,-0.084146
1633.277000,0.100081
1633.278000,0.091278
1633.279000,0.193794
1633.280000,0.146222
1633.281000,0.096512
1633.282000,0.064036
1633.283000,0.163330
1633.284000,0.119971
1633.285000,0.088593
1633.286000,0.050555
1633.287000,0.046793
1633.288000,0.024697
1633.289000,0.055068
1633.290000,0.090977
1633.291000,0.185961
1633.292000,0.445271
1633.293000,0.345403
1633.294000,0.625033
1633.295000,0.650956
1633.296000,0.783215
1633.297000,0.608806
1633.298000,0.719531
1633.299000,0.858762
1633.300000,0.650725
1633.301000,0.763094
1633.302000,0.652538
1633.303000,0.675011
1633.304000,0.709424
1633.305000,0.701090
1633.306000,0.695696
1633.307000,0.910597
1633.308000,1.080805
1633.309000,0.985748
1633.310000,1.023870
1633.311000,1.175828
1633.312000,1.210474
1633.313000,1.176100
1633.314000,0.952529
1633.315000,0.969250
1633.316000,0.981558
1633.317000,0.883455
1633.318000,0.850917
1633.319000,0.829332
1633.320000,0.852162
1633.321000,0.799173
1633.322000,0.744713
1633.323000,0.680775
1633.324000,0.654138
1633.325000,0.827928
1633.326000,0.838851
1633.327000,0.865681
1633.328000,0.853361
1633.329000,0.778346
1633.330000,0.827586
1633.331000,0.650871
1633.332000,0.734296
1633.333000,0.535617
1633.334000,0.628561
1633.335000,0.665029
1633.336000,0.604917
1633.337000,0.609432
1633.338000,0.522999
1633.339000,0.410716
1633.340000,0.293828
1633.341000,0.154139
1633.342000,0.185163
1633.343000,0.204639
1633.344000,0.136998
1633.345000,0.083362
1633.346000,0.137250
1633.347000,0.149046
1633.348000,0.275876
1633.349000,0.403674
1633.350000,0.327393
1633.351000,0.337447
1633.352000,0.455212
1633.353000,0.346575
1633.354000,0.428332
1633.355000,0.570967
1633.356000,0.492731
1633.357000,0.421627
1633.358000,0.318576
1633.359000,0.383996
1633.360000,0.359513
1633.361000,0.356872
1633.362000,0.222060
1633.363000,0.391426
1633.364000,0.419775
1633.365000,0.208866
1633.366000,0.021029
1633.367000,0.056163
1633.368000,-0.200765
1633.369000,-0.349951
1633.370000,-0.201193
1633.371000,-0.284670
1633.372000,-0.325743
1633.373000,-0.380395
1633.374000,-0.292510
1633.375000,-0.450913
1633.376000,-0.392945
1633.377000,-0.366376
1633.378000,-0.432855
1633.379000,-0.423863
1633.380000,-0.455286
1633.381000,-0.520774
1633.382000,-0.378284
1633.383000,-0.666077
1633.384000,-0.762946
1633.385000,-0.684933
1633.386000,-0.627436
1633.387000,-0.645666
1633.388000,-0.477788
1633.389000,-0.580712
1633.390000,-0.739102
1633.391000,-0.857628
1633.392000,-0.971839
1633.393000,-0.934387
1633.394000,-0.947780
1633.395000,-0.804695
1633.396000,-0.880863
1633.397000,-0.850125
1633.398000,-0.783176
1633.399000,-0.803405
1633.400000,-0.779928
1633.401000,-0.842777
1633.402000,-0.975096
1633.403000,-1.123623
1633.404000,-1.251934
1633.405000,-1.300406
1633.406000,-1.212703
1633.407000,-1.116669
1633.408000,-1.144886
1633.409000,-1.186291
1633.410000,-1.138141
1633.411000,-1.203800
1633.412000,-1.116713
1633.413000,-1.083676
1633.414000,-1.040021
1633.415000,-0.946244
1633.416000,-0.943546
1633.417000,-1.152595
1633.418000,-1.151936
1633.419000,-1.067207
1633.420000,-1.010037
1633.421000,-0.990553
1633.422000,-0.857367
1633.423000,-0.782633
1633.424000,-0.992671
1633.425000,-1.019254
1633.426000,-0.913470
1633.427000,-1.012706
1633.428000,-0.935912
1633.429000,-0.845023
1633.430000,-0.955518
1633.431000,-0.917436
1633.432000,-0.862666
1633.433000,-0.622456
1633.434000,-0.507501
1633.435000,-0.522171
1633.436000,-0.324452
1633.437000,-0.311897
1633.438000,-0.154747
1633.439000,0.030757
1633.440000,0.006586
1633.441000,0.159723
1633.442000,0.090759
1633.443000,0.109246
1633.444000,0.191600
1633.445000,0.387234
1633.446000,0.055657
1633.447000,-0.055474
1633.448000,-0.262693
1633.449000,-0.096891
1633.450000,0.105217
1633.451000,0.092675
1633.452000,0.262335
1633.453000,0.157117
1633.454000,0.076565
1633.455000,0.030412
1633.456000,0.025935
1633.457000,-0.082976
1633.458000,-0.024655
1633.459000,-0.179288
1633.460000,-0.259506
1633.461000,-0.104323
1633.462000,-0.212186
1633.463000,-0.023512
1633.464000,0.083426
1633.465000,0.131278
1633.466000,0.103248
1633.467000,0.192551
1633.468000,0.155572
1633.469000,0.131156
1633.470000,0.173323
1633.471000,0.369370
1633.472000,0.449605
1633.473000,0.427587
1633.474000,0.451449
1633.475000,0.407098
1633.476000,0.600845
1633.477000,0.585198
1633.478000,0.310048
1633.479000,0.417796
1633.480000,0.363282
1633.481000,0.565497
1633.482000,0.484215
1633.483000,0.394801
1633.484000,0.399609
1633.485000,0.606200
1633.486000,0.569539
1633.487000,0.544330
1633.488000,0.493042
1633.489000,0.428545
1633.490000,0.401634
1633.491000,0.600734
1633.492000,0.540811
1633.493000,0.630100
1633.494000,0.457352
1633.495000,0.450146
1633.496000,0.357465
1633.497000,0.608152
1633.498000,0.749354
1633.499000,0.811309
1633.500000,0.692066
1633.501000,0.498586
1633.502000,0.758493
1633.503000,0.739409
1633.504000,0.886962
1633.505000,0.871698
1633.506000,1.032832
1633.507000,1.097129
1633.508000,1.060571
1633.509000,0.972343
1633.510000,0.866926
1633.511000,0.607707
1633.512000,0.597724
1633.513000,0.694703
1633.514000,0.716744
1633.515000,0.761461
1633.516000,0.750546
1633.517000,0.719959
1633.518000,0.741997
1633.519000,0.563348
1633.520000,0.486104
1633.521000,0.363858
1633.522000,0.282962
1633.523000,0.205350
1633.524000,0.347343
1633.525000,0.251290
1633.526000,0.273718
1633.527000,0.109443
1633.528000,-0.027753
1633.529000,-0.012234
1633.530000,-0.194026
1633.531000,-0.182347
1633.532000,-0.212885
1633.533000,-0.348116
1633.534000,-0.294378
1633.535000,-0.439667
1633.536000,-0.579379
1633.537000,-0.549443
1633.538000,-0.697479
1633.539000,-0.814993
1633.540000,-0.870020
1633.541000,-1.035692
1633.542000,-0.944680
1633.543000,-0.957271
1633.544000,-0.981492
1633.545000,-1.083846
1633.546000,-0.921489
1633.547000,-0.879790
1633.548000,-0.921045
1633.549000,-0.702088
1633.550000,-0.623105
1633.551000,-0.672874
1633.552000,-0.657097
1633.553000,-0.572087
1633.554000,-0.576329
1633.555000,-0.548814
1633.556000,-0.642121
1633.557000,-0.632732
1633.558000,-0.648366
1633.559000,-0.618420
1633.560000,-0.500580
1633.561000,-0.527874
1633.562000,-0.544895
1633.563000,-0.445140
1633.564000,-0.280839
1633.565000,-0.317079
1633.566000,-0.136161
1633.567000,-0.291991
1633.568000,-0.154000
1633.569000,-0.135598
1633.570000,-0.124336
1633.571000,-0.008376
1633.572000,-0.090029
1633.573000,-0.182561
1633.574000,-0.098972
1633.575000,-0.034215
1633.576000,-0.093369
1633.577000,-0.255547
1633.578000,-0.176321
1633.579000,-0.262266
1633.580000,-0.073672
1633.581000,-0.109253
1633.582000,-0.031267
1633.583000,0.042053
1633.584000,0.053709
1633.585000,0.075793
1633.586000,-0.087042
1633.587000,-0.028896
1633.588000,-0.135819
1633.589000,0.019171
1633.590000,-0.031223
1633.591000,-0.154345
1633.592000,0.045819
1633.593000,0.097019
1633.594000,0.141584
1633.595000,0.171662
1633.596000,0.145525
1633.597000,0.144159
1633.598000,0.236797
1633.599000,0.246082
1633.600000,0.105545
1633.601000,-0.051308
1633.602000,-0.130080
1633.603000,-0.203519
1633.604000,-0.457305
1633.605000,-0.328239
1633.606000,-0.277347
1633.607000,-0.466265
1633.608000,-0.405108
1633.609000,-0.219083
1633.610000,-0.334859
1633.611000,-0.512336
1633.612000,-0.422350
1633.613000,-0.222065
1633.614000,-0.039050
1633.615000,0.135135
1633.616000,0.294192
1633.617000,0.441601
1633.618000,0.592926
1633.619000,0.503404
1633.620000,0.406049
1633.621000,0.381111
1633.622000,0.286777
1633.623000,0.230457
1633.624000,0.359646
1633.625000,0.523989
1633.626000,0.466090
1633.627000,0.371090
1633.628000,0.416144
1633.629000,0.232004
1633.630000,0.147361
1633.631000,0.114517
1633.632000,-0.038433
1633.633000,0.116391
1633.634000,0.310748
1633.635000,0.458760
1633.636000,0.488680
1633.637000,0.423016
1633.638000,0.505117
1633.639000,0.429162
1633.640000,0.223703
1633.641000,0.115036
1633.642000,0.075673
1633.643000,-0.082963
1633.644000,-0.071695
1633.645000,0.084823
1633.646000,0.082118
1633.647000,0.087583
1633.648000,0.052073
1633.649000,0.032729
1633.650000,0.088187
1633.651000,-0.029124
1633.652000,0.026810
1633.653000,0.213128
1633.654000,0.153636
1633.655000,0.089096
1633.656000,0.093116
1633.657000,0.252328
1633.658000,0.196623
1633.659000,0.461252
1633.660000,0.492590
1633.661000,0.491334
1633.662000,0.522508
1633.663000,0.531432
1633.664000,0.449117
1633.665000,0.255458
1633.666000,0.318354
1633.667000,0.325834
1633.668000,0.072323
1633.669000,0.092860
1633.670000,0.119294
1633.671000,0.118353
1633.672000,0.130305
1633.673000,0.218511
1633.674000,0.299260
1633.675000,0.411220
1633.676000,0.422198
1633.677000,0.526536
1633.678000,0.373729
1633.679000,0.350104
1633.680000,0.539038
1633.681000,0.483509
1633.682000,0.540673
1633.683000,0.487980
1633.684000,0.528443
1633.685000,0.561006
1633.686000,0.439940
1633.687000,0.465955
1633.688000,0.314565
1633.689000,0.288388
1633.690000,0.522030
1633.691000,0.507449
1633.692000,0.707888
1633.693000,0.859068
1633.694000,1.002982
1633.695000,0.850782
1633.696000,0.767121
1633.697000,0.864559
1633.698000,0.929620
1633.699000,0.741322
1633.700000,0.808154
1633.701000,0.677571
1633.702000,0.599476
1633.703000,0.805634
1633.704000,0.938422
1633.705000,0.911991
1633.706000,0.828571
1633.707000,0.777091
1633.708000,0.699459
1633.709000,0.596037
1633.710000,0.442203
1633.711000,0.405428
1633.712000,0.270088
1633.713000,0.248900
1633.714000,0.123396
1633.715000,0.100806
1633.716000,0.158462
1633.717000,0.093299
1633.718000,-0.043409
1633.719000,0.062496
1633.720000,0.151805
1633.721000,0.139518
1633.722000,0.117218
1633.723000,-0.164335
1633.724000,-0.217903
1633.725000,-0.290071
1633.726000,-0.446023
1633.727000,-0.617176
1633.728000,-0.533571
1633.729000,-0.725177
1633.730000,-0.645185
1633.731000,-0.741706
1633.732000,-0.671998
1633.733000,-0.838264
1633.734000,-0.860577
1633.735000,-0.878602
1633.736000,-0.833967
1633.737000,-0.832115
1633.738000,-0.792110
1633.739000,-0.650117
1633.740000,-0.692040
1633.741000,-0.565588
1633.742000,-0.726143
1633.743000,-0.707096
1633.744000,-0.680030
1633.745000,-0.692835
1633.746000,-0.753257
1633.747000,-0.739914
1633.748000,-0.728945
1633.749000,-0.661982
1633.750000,-0.615032
1633.751000,-0.743397
1633.752000,-0.714893
1633.753000,-0.509573
1633.754000,-0.596814
1633.755000,-0.622448
1633.756000,-0.494633
1633.757000,-0.514233
1633.758000,-0.474015
1633.759000,-0.469574
1633.760000,-0.340875
1633.761000,-0.506986
1633.762000,-0.524323
1633.763000,-0.466792
1633.764000,-0.468290
1633.765000,-0.558226
1633.766000,-0.425123
1633.767000,-0.522751
1633.768000,-0.518138
1633.769000,-0.555230
1633.770000,-0.634610
1633.771000,-0.603581
1633.772000,-0.671672
1633.773000,-0.675065
1633.774000,-0.564671
1633.775000,-0.532949
1633.776000,-0.427647
1633.777000,-0.394212
1633.778000,-0.478093
1633.779000,-0.565181
1633.780000,-0.514564
1633.781000,-0.610997
1633.782000,-0.664101
1633.783000,-0.452121
1633.784000,-0.358786
1633.785000,-0.496086
1633.786000,-0.329806
1633.787000,-0.319813
1633.788000,-0.371271
1633.789000,-0.394146
1633.790000,-0.359352
1633.791000,-0.368043
1633.792000,-0.288299
1633.793000,-0.164683
1633.794000,-0.076310
1633.795000,-0.004326
1633.796000,-0.217963
1633.797000,-0.231514
1633.798000,-0.265050
1633.799000,-0.199416
1633.800000,-0.245597
1633.801000,-0.085687
1633.802000,-0.292293
1633.803000,-0.220890
1633.804000,-0.195399
1633.805000,-0.380955
1633.806000,-0.176736
1633.807000,-0.254789
1633.808000,-0.215673
1633.809000,0.055207
1633.810000,0.074527
1633.811000,0.177044
1633.812000,0.244279
1633.813000,0.258863
1633.814000,0.167554
1633.815000,0.209243
1633.816000,0.290386
1633.817000,0.403138
1633.818000,0.380651
1633.819000,0.366926
1633.820000,0.503857
1633.821000,0.413337
1633.822000,0.337970
1633.823000,0.495520
1633.824000,0.503185
1633.825000,0.409984
1633.826000,0.647755
1633.827000,0.718031
1633.828000,0.738501
1633.829000,0.651201
1633.830000,0.605199
1633.831000,0.657902
1633.832000,0.826038
1633.833000,0.932721
1633.834000,0.761877
1633.835000,0.643342
1633.836000,0.746382
1633.837000,1.007913
1633.838000,0.964214
1633.839000,0.980245
1633.840000,1.035620
1633.841000,1.137668
1633.842000,1.038516
1633.843000,0.935285
1633.844000,1.032687
1633.845000,1.023095
1633.846000,0.874990
1633.847000,0.885900
1633.848000,0.857281
1633.849000,0.815398
1633.850000,0.848563
1633.851000,1.095918
1633.852000,1.108377
1633.853000,1.309219
1633.854000,1.184331
1633.855000,1.199627
1633.856000,1.112701
1633.857000,1.047544
1633.858000,1.061386
1633.859000,1.212975
1633.860000,1.193033
1633.861000,1.108136
1633.862000,1.124560
1633.863000,1.278306
1633.864000,1.390040
1633.865000,1.267712
1633.866000,1.312138
1633.867000,1.209635
1633.868000,1.018607
1633.869000,1.079694
1633.870000,1.173846
1633.871000,1.189550
1633.872000,1.028245
1633.873000,0.957826
1633.874000,0.807134
1633.875000,0.747012
1633.876000,0.677490
1633.877000,0.792048
1633.878000,0.728354
1633.879000,0.614393
1633.880000,0.587999
1633.881000,0.690508
1633.882000,0.544500
1633.883000,0.519788
1633.884000,0.505066
1633.885000,0.439658
1633.886000,0.362128
1633.887000,0.378824
1633.888000,0.479765
1633.889000,0.417956
1633.890000,0.434408
1633.891000,0.592534
1633.892000,0.560848
1633.893000,0.599913
1633.894000,0.721184
1633.895000,0.764445
1633.896000,0.756211
1633.897000,0.797887
1633.898000,0.892579
1633.899000,0.862364
1633.900000,0.707540
1633.901000,0.680542
1633.902000,0.542060
1633.903000,0.456844
1633.904000,0.110474
1633.905000,0.227964
1633.906000,0.164599
1633.907000,0.163568
1633.908000,0.109586
1633.909000,0.191733
1633.910000,0.080995
1633.911000,-0.088525
1633.912000,-0.039730
1633.913000,-0.185560
1633.914000,-0.387583
1633.915000,-0.260429
1633.916000,-0.259598
1633.917000,-0.297579
1633.918000,-0.208374
1633.919000,-0.362566
1633.920000,-0.444396
1633.921000,-0.461665
1633.922000,-0.315348
1633.923000,-0.322233
1633.924000,-0.342212
1633.925000,-0.197122
1633.926000,-0.024292
1633.927000,-0.008182
1633.928000,-0.138378
1633.929000,0.046765
1633.930000,0.130362
1633.931000,-0.061146
1633.932000,-0.123895
1633.933000,-0.240601
1633.934000,-0.241707
1633.935000,-0.160783
1633.936000,-0.200026
1633.937000,-0.192728
1633.938000,-0.113070
1633.939000,-0.110160
1633.940000,-0.000603
1633.941000,0.015386
1633.942000,0.111792
1633.943000,0.052015
1633.944000,0.240021
1633.945000,0.148496
1633.946000,0.199051
1633.947000,0.219567
1633.948000,-0.064357
1633.949000,-0.100782
1633.950000,-0.023588
1633.951000,-0.090743
1633.952000,-0.145214
1633.953000,-0.184936
1633.954000,-0.249193
1633.955000,-0.326240
1633.956000,-0.446019
1633.957000,-0.246320
1633.958000,-0.232172
1633.959000,-0.064863
1633.960000,-0.044450
1633.961000,-0.026845
1633.962000,-0.029495
1633.963000,-0.123049
1633.964000,-0.190471
1633.965000,-0.121740
1633.966000,0.030543
1633.967000,0.008971
1633.968000,-0.060783
1633.969000,0.023935
1633.970000,-0.007714
1633.971000,-0.202186
1633.972000,-0.281724
1633.973000,-0.309140
1633.974000,-0.462786
1633.975000,-0.535012
1633.976000,-0.659323
1633.977000,-0.342351
1633.978000,-0.368890
1633.979000,-0.704634
1633.980000,-0.642675
1633.981000,-0.617432
1633.982000,-0.592792
1633.983000,-0.695671
1633.984000,-0.651002
1633.985000,-0.800747
1633.986000,-0.756626
1633.987000,-0.756796
1633.988000,-0.745371
1633.989000,-0.698897
1633.990000,-0.655168
1633.991000,-0.673427
1633.992000,-0.752691
1633.993000,-0.776479
1633.994000,-0.987300
1633.995000,-1.199635
1633.996000,-1.219973
1633.997000,-1.207441
1633.998000,-1.117624
1633.999000,-1.250542
1634.000000,-1.091202
1634.001000,-1.012221
1634.002000,-0.808359
1634.003000,-0.745599
1634.004000,-0.915924
1634.005000,-1.020703
1634.006000,-0.933604
1634.007000,-0.964577
1634.008000,-0.924950
1634.009000,-0.747660
1634.010000,-0.672497
1634.011000,-0.603022
1634.012000,-0.499848
1634.013000,-0.653753
1634.014000,-0.456966
1634.015000,-0.475768
1634.016000,-0.357417
1634.017000,-0.347252
1634.018000,-0.540342
1634.019000,-0.572680
1634.020000,-0.377947
1634.021000,-0.261880
1634.022000,-0.237499
1634.023000,-0.346326
1634.024000,-0.465827
1634.025000,-0.699001
1634.026000,-0.559127
1634.027000,-0.724089
1634.028000,-0.760946
1634.029000,-0.707268
1634.030000,-0.626684
1634.031000,-0.593880
1634.032000,-0.632414
1634.033000,-0.531453
1634.034000,-0.596751
1634.035000,-0.517031
1634.036000,-0.431940
1634.037000,-0.452726
1634.038000,-0.684386
1634.039000,-0.600757
1634.040000,-0.577851
1634.041000,-0.684443
1634.042000,-0.728005
1634.043000,-0.969015
1634.044000,-1.083675
1634.045000,-1.045694
1634.046000,-1.040100
1634.047000,-1.074560
1634.048000,-0.762694
1634.049000,-0.958409
1634.050000,-0.946224
1634.051000,-0.889116
1634.052000,-0.780904
1634.053000,-0.737654
1634.054000,-0.829824
1634.055000,-0.730441
1634.056000,-0.802044
1634.057000,-0.683169
1634.058000,-0.639211
1634.059000,-0.529018
1634.060000,-0.432701
1634.061000,-0.478577
1634.062000,-0.495984
1634.063000,-0.405969
1634.064000,-0.518823
1634.065000,-0.443706
1634.066000,-0.437525
1634.067000,-0.533774
1634.068000,-0.423334
1634.069000,-0.375133
1634.070000,-0.386644
1634.071000,-0.444295
1634.072000,-0.335082
1634.073000,-0.297649
1634.074000,-0.327077
1634.075000,-0.410947
1634.076000,-0.430335
1634.077000,-0.296649
1634.078000,-0.181118
1634.079000,-0.252319
1634.080000,-0.206516
1634.081000,-0.095213
1634.082000,-0.308330
1634.083000,-0.310708
1634.084000,-0.255633
1634.085000,-0.284356
1634.086000,-0.267781
1634.087000,-0.265056
1634.088000,-0.184706
1634.089000,-0.173669
1634.090000,-0.253272
1634.091000,-0.146808
1634.092000,-0.220168
1634.093000,-0.092206
1634.094000,-0.092813
1634.095000,-0.083774
1634.096000,-0.026016
1634.097000,0.009833
1634.098000,0.010156
1634.099000,0.077362
1634.100000,0.169115
1634.101000,0.285749
1634.102000,0.123209
1634.103000,-0.037131
1634.104000,-0.021845
1634.105000,-0.190229
1634.106000,-0.184727
1634.107000,-0.250836
1634.108000,-0.054235
1634.109000,0.186601
1634.110000,0.380211
1634.111000,0.554258
1634.112000,0.688186
1634.113000,0.664563
1634.114000,0.560141
1634.115000,0.564275
1634.116000,0.534152
1634.117000,0.594967
1634.118000,0.668934
1634.119000,0.633439
1634.120000,0.682420
1634.121000,0.774560
1634.122000,0.735694
1634.123000,0.791690
1634.124000,0.792693
1634.125000,0.740390
1634.126000,0.724286
1634.127000,0.661900
1634.128000,0.841399
1634.129000,0.864263
1634.130000,0.636407
1634.131000,0.580934
1634.132000,0.555777
1634.133000,0.657589
1634.134000,0.721377
1634.135000,0.674591
1634.136000,0.520134
1634.137000,0.572542
1634.138000,0.559433
1634.139000,0.539356
1634.140000,0.664576
1634.141000,0.831440
1634.142000,0.784846
1634.143000,0.990029
1634.144000,1.004883
1634.145000,0.988127
1634.146000,0.861229
1634.147000,1.078536
1634.148000,0.907942
1634.149000,0.875923
1634.150000,0.822035
1634.151000,0.721273
1634.152000,0.774256
1634.153000,0.781987
1634.154000,0.764060
1634.155000,0.580177
1634.156000,0.417070
1634.157000,0.546493
1634.158000,0.502408
1634.159000,0.637904
1634.160000,0.569155
1634.161000,0.561172
1634.162000,0.552374
1634.163000,0.523953
1634.164000,0.669047
1634.165000,0.823546
1634.166000,0.728592
1634.167000,0.731043
1634.168000,0.688194
1634.169000,0.456557
1634.170000,0.335528
1634.171000,0.316953
1634.172000,0.239976
1634.173000,0.103219
1634.174000,0.313381
1634.175000,0.362211
1634.176000,0.410373
1634.177000,0.328303
1634.178000,0.263566
1634.179000,0.232460
1634.180000,0.242762
1634.181000,0.217520
1634.182000,0.210979
1634.183000,0.302248
1634.184000,0.332312
1634.185000,0.437571
1634.186000,0.451984
1634.187000,0.368889
1634.188000,0.420049
1634.189000,0.309065
1634.190000,0.166378
1634.191000,0.217245
1634.192000,0.061220
1634.193000,-0.058012
1634.194000,-0.064637
1634.195000,0.160113
1634.196000,0.130013
1634.197000,0.208310
1634.198000,0.418837
1634.199000,0.432724
1634.200000,0.425259
1634.201000,0.344482
1634.202000,0.417502
1634.203000,0.415629
1634.204000,0.278641
1634.205000,0.379143
1634.206000,0.324621
1634.207000,0.270426
1634.208000,0.242762
1634.209000,0.189615
1634.210000,0.453376
1634.211000,0.661124
1634.212000,0.701071
1634.213000,0.857747
1634.214000,0.870535
1634.215000,0.780584
1634.216000,0.760709
1634.217000,0.826136
1634.218000,0.759875
1634.219000,0.909034
1634.220000,0.834863
1634.221000,0.874780
1634.222000,0.860236
1634.223000,0.751880
1634.224000,0.585225
1634.225000,0.440038
1634.226000,0.534926
1634.227000,0.409553
1634.228000,0.478390
1634.229000,0.415975
1634.230000,0.372733
1634.231000,0.433120
1634.232000,0.475929
1634.233000,0.533985
1634.234000,0.459390
1634.235000,0.359413
1634.236000,0.268359
1634.237000,0.266061
1634.238000,0.367882
1634.239000,0.330104
1634.240000,0.239996
1634.241000,0.114692
1634.242000,-0.006551
1634.243000,-0.004686
1634.244000,0.143779
1634.245000,-0.042265
1634.246000,-0.162686
1634.247000,-0.138667
1634.248000,-0.136237
1634.249000,-0.196418
1634.250000,-0.124052
1634.251000,-0.247695
1634.252000,-0.329556
1634.253000,-0.301532
1634.254000,-0.246377
1634.255000,-0.127044
1634.256000,-0.139404
1634.257000,-0.154497
1634.258000,-0.409652
1634.259000,-0.445139
1634.260000,-0.508457
1634.261000,-0.610474
1634.262000,-0.499290
1634.263000,-0.520408
1634.264000,-0.516810
1634.265000,-0.548736
1634.266000,-0.582736
1634.267000,-0.541748
1634.268000,-0.508103
1634.269000,-0.443484
1634.270000,-0.418015
1634.271000,-0.215627
1634.272000,-0.153798
1634.273000,-0.127538
1634.274000,-0.132229
1634.275000,-0.151494
1634.276000,-0.198640
1634.277000,-0.318249
1634.278000,-0.265929
1634.279000,-0.334526
1634.280000,-0.247097
1634.281000,-0.345355
1634.282000,-0.085674
1634.283000,-0.180241
1634.284000,-0.153357
1634.285000,-0.142585
1634.286000,0.010069
1634.287000,0.169306
1634.288000,0.090438
1634.289000,-0.052175
1634.290000,-0.201144
1634.291000,-0.185488
1634.292000,-0.025194
1634.293000,-0.048259
1634.294000,-0.144153
1634.295000,-0.132586
1634.296000,-0.250159
1634.297000,-0.214593
1634.298000,-0.074883
1634.299000,0.006507
1634.300000,0.069554
1634.301000,0.072601
1634.302000,0.189352
1634.303000,0.463510
1634.304000,0.416636
1634.305000,0.429568
1634.306000,0.519639
1634.307000,0.521183
1634.308000,0.381973
1634.309000,0.211026
1634.310000,0.232337
1634.311000,-0.000270
1634.312000,-0.187957
1634.313000,-0.097095
1634.314000,0.001289
1634.315000,-0.136067
1634.316000,-0.120727
1634.317000,-0.083358
1634.318000,-0.143734
1634.319000,-0.375725
1634.320000,-0.231670
1634.321000,-0.348104
1634.322000,-0.374621
1634.323000,-0.237776
1634.324000,-0.245399
1634.325000,-0.166361
1634.326000,-0.267487
1634.327000,-0.362947
1634.328000,-0.430128
1634.329000,-0.524671
1634.330000,-0.703381
1634.331000,-0.744656
1634.332000,-0.606827
1634.333000,-0.681804
1634.334000,-0.612766
1634.335000,-0.478528
1634.336000,-0.397226
1634.337000,-0.488676
1634.338000,-0.452386
1634.339000,-0.501949
1634.340000,-0.467423
1634.341000,-0.288933
1634.342000,-0.471323
1634.343000,-0.393487
1634.344000,-0.553097
1634.345000,-0.565901
1634.346000,-0.525537
1634.347000,-0.652083
1634.348000,-0.717530
1634.349000,-0.657135
1634.350000,-0.700967
1634.351000,-0.781335
1634.352000,-0.708375
1634.353000,-0.821835
1634.354000,-1.043267
1634.355000,-1.007246
1634.356000,-0.925138
1634.357000,-1.039820
1634.358000,-0.978816
1634.359000,-1.123375
1634.360000,-1.172028
1634.361000,-1.058935
1634.362000,-1.120094
1634.363000,-1.195528
1634.364000,-1.317232
1634.365000,-1.430084
1634.366000,-1.486826
1634.367000,-1.669098
1634.368000,-1.893652
1634.369000,-1.669049
1634.370000,-1.651355
1634.371000,-1.471874
1634.372000,-1.413144
1634.373000,-1.545174
1634.374000,-1.577406
1634.375000,-1.452363
1634.376000,-1.516842
1634.377000,-1.634386
1634.378000,-1.510397
1634.379000,-1.472593
1634.380000,-1.295883
1634.381000,-1.247907
1634.382000,-1.018679
1634.383000,-0.923776
1634.384000,-0.933482
1634.385000,-0.929283
1634.386000,-0.885260
1634.387000,-1.024587
1634.388000,-1.001054
1634.389000,-0.884991
1634.390000,-0.731422
1634.391000,-0.763591
1634.392000,-0.638747
1634.393000,-0.636323
1634.394000,-0.528183
1634.395000,-0.463696
1634.396000,-0.343423
1634.397000,-0.477291
1634.398000,-0.592450
1634.399000,-0.511106
1634.400000,-0.520580
1634.401000,-0.565471
1634.402000,-0.502479
1634.403000,-0.454650
1634.404000,-0.613973
1634.405000,-0.459422
1634.406000,-0.392340
1634.407000,-0.410595
1634.408000,-0.456814
1634.409000,-0.301915
1634.410000,-0.135965
1634.411000,-0.048384
1634.412000,0.050300
1634.413000,0.153000
1634.414000,0.388162
1634.415000,0.270798
1634.416000,0.491585
1634.417000,0.606596
1634.418000,0.592401
1634.419000,0.687536
1634.420000,0.796571
1634.421000,0.720969
1634.422000,0.602635
1634.423000,0.729596
1634.424000,0.860689
1634.425000,0.673856
1634.426000,0.432784
1634.427000,0.459814
1634.428000,0.235625
1634.429000,0.148801
1634.430000,0.064479
1634.431000,0.174569
1634.432000,0.127626
1634.433000,0.223792
1634.434000,0.160265
1634.435000,0.114355
1634.436000,0.046033
1634.437000,0.094237
1634.438000,0.017574
1634.439000,-0.196538
1634.440000,-0.091278
1634.441000,-0.085973
1634.442000,-0.055458
1634.443000,-0.032959
1634.444000,-0.008905
1634.445000,-0.051661
1634.446000,-0.060618
1634.447000,-0.185921
1634.448000,-0.328440
1634.449000,-0.214506
1634.450000,-0.323141
1634.451000,-0.266628
1634.452000,-0.295807
1634.453000,-0.213016
1634.454000,-0.181938
1634.455000,-0.115198
1634.456000,0.027567
1634.457000,-0.114386
1634.458000,-0.230086
1634.459000,-0.237511
1634.460000,-0.247053
1634.461000,-0.394901
1634.462000,-0.507636
1634.463000,-0.541650
1634.464000,-0.630562
1634.465000,-0.553618
1634.466000,-0.483545
1634.467000,-0.397188
1634.468000,-0.519538
1634.469000,-0.339025
1634.470000,-0.406734
1634.471000,-0.375520
1634.472000,-0.511236
1634.473000,-0.393867
1634.474000,-0.240393
1634.475000,-0.172283
1634.476000,0.085871
1634.477000,-0.035641
1634.478000,-0.186972
1634.479000,-0.133937
1634.480000,-0.100779
1634.481000,-0.009117
1634.482000,-0.046832
1634.483000,0.130704
1634.484000,0.216472
1634.485000,0.221881
1634.486000,0.381078
1634.487000,0.253963
1634.488000,0.237574
1634.489000,0.219943
1634.490000,0.120987
1634.491000,0.077547
1634.492000,0.005649
1634.493000,-0.046623
1634.494000,-0.040763
1634.495000,-0.114174
1634.496000,-0.183481
1634.497000,-0.071973
1634.498000,0.050297
1634.499000,-0.281952
1634.500000,-0.447162
1634.501000,-0.238137
1634.502000,-0.261602
1634.503000,-0.192597
1634.504000,-0.013767
1634.505000,0.075454
1634.506000,0.233503
1634.507000,0.304537
1634.508000,0.283257
1634.509000,0.628036
1634.510000,0.668908
1634.511000,0.646162
1634.512000,0.664199
1634.513000,0.610165
1634.514000,0.646473
1634.515000,0.694874
1634.516000,0.636219
1634.517000,0.683907
1634.518000,0.554100
1634.519000,0.586779
1634.520000,0.623271
1634.521000,0.602252
1634.522000,0.494441
1634.523000,0.371745
1634.524000,0.365726
1634.525000,0.276093
1634.526000,0.300972
1634.527000,0.209116
1634.528000,0.159410
1634.529000,0.223703
1634.530000,0.132873
1634.531000,0.005728
1634.532000,0.016664
1634.533000,-0.101709
1634.534000,-0.197727
1634.535000,-0.242478
1634.536000,-0.197218
1634.537000,-0.104184
1634.538000,-0.076960
1634.539000,-0.052514
1634.540000,-0.128657
1634.541000,0.021316
1634.542000,0.180603
1634.543000,0.076660
1634.544000,0.140659
1634.545000,0.167886
1634.546000,0.348816
1634.547000,0.443946
1634.548000,0.359652
1634.549000,0.335341
1634.550000,0.417314
1634.551000,0.278884
1634.552000,0.152494
1634.553000,0.128499
1634.554000,0.248832
1634.555000,0.258769
1634.556000,0.239856
1634.557000,0.263913
1634.558000,0.404839
1634.559000,0.440217
1634.560000,0.460928
1634.561000,0.382933
1634.562000,0.348704
1634.563000,0.252714
1634.564000,0.423512
1634.565000,0.632442
1634.566000,0.505302
1634.567000,0.476966
1634.568000,0.624706
1634.569000,0.706004
1634.570000,0.947391
1634.571000,0.814825
1634.572000,0.737834
1634.573000,0.878152
1634.574000,0.717207
1634.575000,0.623953
1634.576000,0.648249
1634.577000,0.615906
1634.578000,0.605601
1634.579000,0.701874
1634.580000,0.675031
1634.581000,0.773543
1634.582000,0.829473
1634.583000,0.878885
1634.584000,0.742213
1634.585000,0.520737
1634.586000,0.422910
1634.587000,0.411957
1634.588000,0.430741
1634.589000,0.537393
1634.590000,0.675630
1634.591000,0.742022
1634.592000,0.841705
1634.593000,0.790294
1634.594000,0.811755
1634.595000,0.901233
1634.596000,1.014672
1634.597000,0.881344
1634.598000,0.924987
1634.599000,0.968606
1634.600000,0.959563
1634.601000,0.956006
1634.602000,0.985575
1634.603000,1.018221
1634.604000,1.052018
1634.605000,0.967964
1634.606000,0.884105
1634.607000,0.744064
1634.608000,0.623379
1634.609000,0.521953
1634.610000,0.626590
1634.611000,0.576842
1634.612000,0.589228
1634.613000,0.578570
1634.614000,0.640135
1634.615000,0.746558
1634.616000,0.616963
1634.617000,0.715692
1634.618000,0.728863
1634.619000,0.714957
1634.620000,0.576935
1634.621000,0.462564
1634.622000,0.474296
1634.623000,0.443836
1634.624000,0.355853
1634.625000,0.560827
1634.626000,0.453512
1634.627000,0.175498
1634.628000,0.242299
1634.629000,0.211652
1634.630000,0.259817
1634.631000,0.365673
1634.632000,0.399565
1634.633000,0.288012
1634.634000,0.289398
1634.635000,0.182959
1634.636000,0.270687
1634.637000,0.286549
1634.638000,0.355245
1634.639000,0.449014
1634.640000,0.517925
1634.641000,0.515209
1634.642000,0.317229
1634.643000,0.327820
1634.644000,0.347294
1634.645000,0.270098
1634.646000,0.415942
1634.647000,0.353489
1634.648000,0.318443
1634.649000,0.324925
1634.650000,0.362381
1634.651000,0.361490
1634.652000,0.156182
1634.653000,0.098223
1634.654000,0.184993
1634.655000,0.191067
1634.656000,0.225200
1634.657000,0.344245
1634.658000,0.351629
1634.659000,0.328594
1634.660000,0.250905
1634.661000,0.274440
1634.662000,0.286127
1634.663000,0.234767
1634.664000,0.144060
1634.665000,0.126734
1634.666000,0.243336
1634.667000,0.298223
1634.668000,0.193282
1634.669000,0.096671
1634.670000,-0.055561
1634.671000,-0.067290
1634.672000,0.030528
1634.673000,-0.082640
1634.674000,-0.287284
1634.675000,-0.295815
1634.676000,-0.150001
1634.677000,-0.232204
1634.678000,-0.239471
1634.679000,-0.282852
1634.680000,-0.409397
1634.681000,-0.497453
1634.682000,-0.668400
1634.683000,-0.563549
1634.684000,-0.491175
1634.685000,-0.526996
1634.686000,-0.379232
1634.687000,-0.450361
1634.688000,-0.517242
1634.689000,-0.608105
1634.690000,-0.493033
1634.691000,-0.472225
1634.692000,-0.536557
1634.693000,-0.510393
1634.694000,-0.396048
1634.695000,-0.448189
1634.696000,-0.534907
1634.697000,-0.500355
1634.698000,-0.384639
1634.699000,-0.506388
1634.700000,-0.431858
1634.701000,-0.552373
1634.702000,-0.550552
1634.703000,-0.827891
1634.704000,-0.868127
1634.705000,-0.758741
1634.706000,-0.791197
1634.707000,-1.020216
1634.708000,-0.918790
1634.709000,-0.888283
1634.710000,-0.946393
1634.711000,-1.026213
1634.712000,-0.910675
1634.713000,-0.869376
1634.714000,-0.870599
1634.715000,-0.943512
1634.716000,-1.021543
1634.717000,-1.135519
1634.718000,-0.996508
1634.719000,-0.849693
1634.720000,-0.650237
1634.721000,-0.560424
1634.722000,-0.449803
1634.723000,-0.401745
1634.724000,-0.541943
1634.725000,-0.552654
1634.726000,-0.615574
1634.727000,-0.392510
1634.728000,-0.323270
1634.729000,-0.334562
1634.730000,-0.294470
1634.731000,-0.269936
1634.732000,-0.479110
1634.733000,-0.415308
1634.734000,-0.366330
1634.735000,-0.335144
1634.736000,-0.581470
1634.737000,-0.493147
1634.738000,-0.323934
1634.739000,-0.256717
1634.740000,-0.385118
1634.741000,-0.321064
1634.742000,-0.296624
1634.743000,-0.278433
1634.744000,-0.274076
1634.745000,-0.293278
1634.746000,-0.296855
1634.747000,-0.178493
1634.748000,-0.194968
1634.749000,-0.140504
1634.750000,-0.200111
1634.751000,-0.135893
1634.752000,0.039449
1634.753000,0.144356
1634.754000,0.072739
1634.755000,-0.029955
1634.756000,0.074298
1634.757000,-0.190804
1634.758000,-0.301053
1634.759000,-0.233862
1634.760000,-0.289975
1634.761000,-0.009435
1634.762000,-0.065097
1634.763000,-0.060024
1634.764000,-0.019093
1634.765000,0.019847
1634.766000,0.081745
1634.767000,0.000918
1634.768000,0.157120
1634.769000,0.180893
1634.770000,0.175516
1634.771000,0.161596
1634.772000,0.166893
1634.773000,0.175431
1634.774000,0.224357
1634.775000,0.120632
1634.776000,-0.011594
1634.777000,-0.027770
1634.778000,-0.024739
1634.779000,0.009754
1634.780000,0.024733
1634.781000,-0.129594
1634.782000,-0.309394
1634.783000,-0.411431
1634.784000,-0.294721
1634.785000,-0.311763
1634.786000,-0.394255
1634.787000,-0.403418
1634.788000,-0.379508
1634.789000,-0.271096
1634.790000,-0.229587
1634.791000,-0.148668
1634.792000,-0.085118
1634.793000,-0.024974
1634.794000,-0.013979
1634.795000,0.187918
1634.796000,0.002008
1634.797000,0.071341
1634.798000,0.058909
1634.799000,-0.123750
1634.800000,-0.262310
1634.801000,-0.268952
1634.802000,-0.314583
1634.803000,-0.284597
1634.804000,-0.264285
1634.805000,-0.222292
1634.806000,-0.331194
1634.807000,-0.192794
1634.808000,-0.085100
1634.809000,-0.097583
1634.810000,-0.111225
1634.811000,-0.089849
1634.812000,-0.106514
1634.813000,-0.156066
1634.814000,-0.108262
1634.815000,-0.234973
1634.816000,-0.180868
1634.817000,-0.059516
1634.818000,0.019634
1634.819000,-0.058702
1634.820000,-0.293240
1634.821000,-0.510678
1634.822000,-0.447280
1634.823000,-0.625954
1634.824000,-0.658400
1634.825000,-0.564030
1634.826000,-0.806470
1634.827000,-0.913895
1634.828000,-0.831978
1634.829000,-0.872774
1634.830000,-0.863732
1634.831000,-0.792950
1634.832000,-0.596654
1634.833000,-0.536183
1634.834000,-0.400893
1634.835000,-0.343843
1634.836000,-0.260530
1634.837000,-0.240152
1634.838000,-0.261595
1634.839000,-0.499497
1634.840000,-0.426694
1634.841000,-0.316359
1634.842000,-0.168893
1634.843000,-0.081266
1634.844000,-0.242584
1634.845000,-0.360969
1634.846000,-0.264631
1634.847000,-0.408538
1634.848000,-0.509425
1634.849000,-0.556674
1634.850000,-0.703816
1634.851000,-0.689462
1634.852000,-0.510072
1634.853000,-0.412650
1634.854000,-0.261560
1634.855000,-0.362149
1634.856000,-0.436376
1634.857000,-0.540718
1634.858000,-0.542896
1634.859000,-0.446327
1634.860000,-0.153858
1634.861000,-0.171659
1634.862000,-0.015235
1634.863000,0.137710
1634.864000,0.120214
1634.865000,0.368940
1634.866000,0.445201
1634.867000,0.447041
1634.868000,0.413494
1634.869000,0.354063
1634.870000,0.331425
1634.871000,0.233198
1634.872000,0.118324
1634.873000,0.141865
1634.874000,0.235244
1634.875000,0.210948
1634.876000,0.203628
1634.877000,0.200283
1634.878000,0.246965
1634.879000,0.240859
1634.880000,0.412040
1634.881000,0.343261
1634.882000,0.400010
1634.883000,0.397911
1634.884000,0.444286
1634.885000,0.325157
1634.886000,0.443330
1634.887000,0.484196
1634.888000,0.449801
1634.889000,0.435317
1634.890000,0.257652
1634.891000,0.278995
1634.892000,0.251996
1634.893000,0.278237
1634.894000,0.367950
1634.895000,0.422659
1634.896000,0.398164
1634.897000,0.434647
1634.898000,0.518878
1634.899000,0.512273
1634.900000,0.482499
1634.901000,0.388865
1634.902000,0.336127
1634.903000,0.401286
1634.904000,0.290777
1634.905000,0.178763
1634.906000,0.126551
1634.907000,0.291418
1634.908000,0.252786
1634.909000,0.525604
1634.910000,0.503688
1634.911000,0.392232
1634.912000,0.515438
1634.913000,0.477052
1634.914000,0.372625
1634.915000,0.418145
1634.916000,0.532157
1634.917000,0.506197
1634.918000,0.608482
1634.919000,0.615033
1634.920000,0.670363
1634.921000,0.510265
1634.922000,0.380170
1634.923000,0.362534
1634.924000,0.259162
1634.925000,0.273407
1634.926000,0.475686
1634.927000,0.301857
1634.928000,0.313573
1634.929000,0.337108
1634.930000,0.368297
1634.931000,0.268017
1634.932000,0.269880
1634.933000,0.139876
1634.934000,0.176458
1634.935000,0.397078
1634.936000,0.404432
1634.937000,0.452854
1634.938000,0.365546
1634.939000,0.221993
1634.940000,0.107732
1634.941000,0.063749
1634.942000,0.168921
1634.943000,0.008168
1634.944000,0.018307
1634.945000,0.001729
1634.946000,0.136981
1634.947000,0.162429
1634.948000,0.118739
1634.949000,-0.054946
1634.950000,-0.035934
1634.951000,0.018002
1634.952000,0.094179
1634.953000,0.084366
1634.954000,0.276308
1634.955000,0.151542
1634.956000,-0.102379
1634.957000,-0.016338
1634.958000,0.077377
1634.959000,0.083268
1634.960000,0.097965
1634.961000,0.036203
1634.962000,0.133547
1634.963000,-0.020201
1634.964000,-0.017292
1634.965000,0.000034
1634.966000,-0.140622
1634.967000,-0.030740
1634.968000,0.084855
1634.969000,0.203529
1634.970000,0.309998
1634.971000,0.412496
1634.972000,0.612083
1634.973000,0.669617
1634.974000,0.881143
1634.975000,0.898413
1634.976000,0.987434
1634.977000,0.765556
1634.978000,0.771452
1634.979000,0.840102
1634.980000,0.911513
1634.981000,1.047360
1634.982000,0.981567
1634.983000,1.059545
1634.984000,0.994251
1634.985000,0.975964
1634.986000,0.903047
1634.987000,0.883203
1634.988000,0.899785
1634.989000,0.926796
1634.990000,0.913303
1634.991000,0.884019
1634.992000,0.949729
1634.993000,0.862703
1634.994000,0.718376
1634.995000,0.684643
1634.996000,0.740508
1634.997000,0.793375
1634.998000,0.894367
1634.999000,0.860191
1635.000000,0.642200
1635.001000,0.598180
1635.002000,0.518848
1635.003000,0.331532
1635.004000,0.348711
1635.005000,0.341376
1635.006000,0.374056
1635.007000,0.307171
1635.008000,0.229388
1635.009000,0.102169
1635.010000,0.105985
1635.011000,0.120819
1635.012000,0.054228
1635.013000,0.162113
1635.014000,0.124158
1635.015000,-0.000665
1635.016000,0.037935
1635.017000,-0.180409
1635.018000,-0.130121
1635.019000,-0.459302
1635.020000,-0.515256
1635.021000,-0.597358
1635.022000,-0.862450
1635.023000,-0.865043
1635.024000,-1.037445
1635.025000,-0.998691
1635.026000,-1.060374
1635.027000,-0.910706
1635.028000,-0.922607
1635.029000,-0.950867
1635.030000,-1.105154
1635.031000,-1.037477
1635.032000,-0.978407
1635.033000,-1.069879
1635.034000,-1.102655
1635.035000,-0.963775
1635.036000,-0.741228
1635.037000,-0.773115
1635.038000,-0.871679
1635.039000,-1.003829
1635.040000,-0.921197
1635.041000,-1.051810
1635.042000,-1.136761
1635.043000,-0.939579
1635.044000,-0.871040
1635.045000,-0.804586
1635.046000,-0.887199
1635.047000,-0.775908
1635.048000,-0.718554
1635.049000,-0.675666
1635.050000,-0.575713
1635.051000,-0.602281
1635.052000,-0.516587
1635.053000,-0.387419
1635.054000,-0.456738
1635.055000,-0.495674
1635.056000,-0.428518
1635.057000,-0.601777
1635.058000,-0.597220
1635.059000,-0.547928
1635.060000,-0.539027
1635.061000,-0.492288
1635.062000,-0.539051
1635.063000,-0.636571
1635.064000,-0.609710
1635.065000,-0.655865
1635.066000,-0.595161
1635.067000,-0.670336
1635.068000,-0.786329
1635.069000,-0.816466
1635.070000,-0.777910
1635.071000,-0.735570
1635.072000,-0.758658
1635.073000,-0.595879
1635.074000,-0.580123
1635.075000,-0.555537
1635.076000,-0.490836
1635.077000,-0.424537
1635.078000,-0.315097
1635.079000,-0.340600
1635.080000,-0.324552
1635.081000,-0.276763
1635.082000,-0.249344
1635.083000,-0.333505
1635.084000,-0.183358
1635.085000,0.007591
1635.086000,0.061346
1635.087000,0.068630
1635.088000,0.295402
1635.089000,0.306383
1635.090000,0.347107
1635.091000,0.418221
1635.092000,0.310308
1635.093000,0.216433
1635.094000,0.238112
1635.095000,0.101382
1635.096000,-0.023104
1635.097000,-0.122849
1635.098000,-0.086413
1635.099000,-0.058968
1635.100000,-0.121875
1635.101000,-0.151140
1635.102000,-0.270876
1635.103000,-0.476199
1635.104000,-0.363103
1635.105000,-0.493519
1635.106000,-0.407412
1635.107000,-0.296353
1635.108000,-0.229647
1635.109000,-0.177585
1635.110000,-0.234816
1635.111000,-0.423393
1635.112000,-0.342949
1635.113000,-0.311338
1635.114000,-0.340744
1635.115000,-0.244197
1635.116000,-0.088952
1635.117000,-0.234640
1635.118000,-0.456426
1635.119000,-0.279017
1635.120000,-0.251529
1635.121000,0.037885
1635.122000,0.143217
1635.123000,0.209022
1635.124000,0.141015
1635.125000,0.136829
1635.126000,0.015144
1635.127000,-0.109541
1635.128000,-0.229083
1635.129000,-0.275296
1635.130000,-0.364264
1635.131000,-0.159123
1635.132000,-0.083630
1635.133000,-0.108350
1635.134000,-0.175537
1635.135000,-0.295683
1635.136000,-0.177411
1635.137000,-0.208123
1635.138000,-0.245300
1635.139000,-0.293321
1635.140000,-0.426350
1635.141000,-0.471107
1635.142000,-0.495814
1635.143000,-0.361304
1635.144000,-0.405242
1635.145000,-0.291812
1635.146000,-0.153175
1635.147000,-0.100532
1635.148000,-0.254739
1635.149000,-0.317105
1635.150000,-0.418777
1635.151000,-0.469322
1635.152000,-0.637224
1635.153000,-0.565262
1635.154000,-0.509815
1635.155000,-0.473333
1635.156000,-0.390620
1635.157000,-0.468040
1635.158000,-0.405881
1635.159000,-0.387381
1635.160000,-0.208428
1635.161000,-0.357025
1635.162000,-0.159965
1635.163000,-0.173784
1635.164000,0.173075
1635.165000,0.032488
1635.166000,0.057991
1635.167000,0.056857
1635.168000,0.219754
1635.169000,0.157803
1635.170000,0.084731
1635.171000,0.127804
1635.172000,0.072003
1635.173000,0.163604
1635.174000,0.057339
1635.175000,0.123844
1635.176000,0.121447
1635.177000,0.046338
1635.178000,0.024604
1635.179000,-0.012344
1635.180000,0.022430
1635.181000,-0.072238
1635.182000,0.066988
1635.183000,0.318137
1635.184000,0.245459
1635.185000,0.307315
1635.186000,0.357286
1635.187000,0.335056
1635.188000,0.281090
1635.189000,0.351089
1635.190000,0.322185
1635.191000,0.311191
1635.192000,0.272129
1635.193000,0.262785
1635.194000,0.271973
1635.195000,0.469282
1635.196000,0.413822
1635.197000,0.370830
1635.198000,0.539209
1635.199000,0.399827
1635.200000,0.362263
1635.201000,0.362898
1635.202000,0.419629
1635.203000,0.394430
1635.204000,0.286182
1635.205000,0.211402
1635.206000,0.337099
1635.207000,0.504779
1635.208000,0.596745
1635.209000,0.520227
1635.210000,0.710737
1635.211000,0.734946
1635.212000,0.762151
1635.213000,0.684400
1635.214000,0.621598
1635.215000,0.613082
1635.216000,0.436863
1635.217000,0.325815
1635.218000,0.276740
1635.219000,0.310587
1635.220000,0.429836
1635.221000,0.325305
1635.222000,0.358950
1635.223000,0.567770
1635.224000,0.499042
1635.225000,0.584346
1635.226000,0.774587
1635.227000,0.771835
1635.228000,0.835709
1635.229000,0.859598
1635.230000,0.770166
1635.231000,0.968130
1635.232000,0.892439
1635.233000,0.826757
1635.234000,0.876818
1635.235000,0.886499
1635.236000,0.823094
1635.237000,0.704536
1635.238000,0.634885
1635.239000,0.763180
1635.240000,0.754446
1635.241000,0.908637
1635.242000,0.934550
1635.243000,0.856149
1635.244000,1.000895
1635.245000,1.065002
1635.246000,1.121546
1635.247000,1.044726
1635.248000,1.010739
1635.249000,1.013685
1635.250000,0.813680
1635.251000,0.844199
1635.252000,0.723503
1635.253000,0.605820
1635.254000,0.605123
1635.255000,0.301564
1635.256000,0.124088
1635.257000,0.190171
1635.258000,0.132356
1635.259000,-0.037584
1635.260000,-0.044667
1635.261000,0.024685
1635.262000,0.175155
1635.263000,0.127135
1635.264000,0.094636
1635.265000,0.234376
1635.266000,0.173362
1635.267000,0.380848
1635.268000,0.268644
1635.269000,0.305683
1635.270000,0.365241
1635.271000,0.173987
1635.272000,0.198973
1635.273000,0.165905
1635.274000,0.212791
1635.275000,0.175155
1635.276000,0.104191
1635.277000,0.203131
1635.278000,0.128651
1635.279000,0.051640
1635.280000,0.131665
1635.281000,0.039746
1635.282000,0.037392
1635.283000,0.135120
1635.284000,0.128617
1635.285000,0.197444
1635.286000,0.082161
1635.287000,-0.129057
1635.288000,-0.061449
1635.289000,0.076633
1635.290000,0.233888
1635.291000,0.087585
1635.292000,0.091232
1635.293000,0.221147
1635.294000,0.251205
1635.295000,0.459569
1635.296000,0.461355
1635.297000,0.410210
1635.298000,0.486376
1635.299000,0.656675
1635.300000,0.803921
1635.301000,0.563425
1635.302000,0.474640
1635.303000,0.389550
1635.304000,0.399625
1635.305000,0.483088
1635.306000,0.666728
1635.307000,0.623307
1635.308000,0.565573
1635.309000,0.705483
1635.310000,0.871134
1635.311000,1.055733
1635.312000,1.065544
1635.313000,1.119140
1635.314000,1.183321
1635.315000,1.156847
1635.316000,1.061012
1635.317000,1.022035
1635.318000,1.004978
1635.319000,0.914555
1635.320000,0.844332
1635.321000,0.700519
1635.322000,0.707895
1635.323000,0.784550
1635.324000,0.746134
1635.325000,0.668044
1635.326000,0.761868
1635.327000,0.688031
1635.328000,0.637362
1635.329000,0.501868
1635.330000,0.495490
1635.331000,0.538263
1635.332000,0.397934
1635.333000,0.495249
1635.334000,0.342837
1635.335000,0.244850
1635.336000,0.250470
1635.337000,0.212525
1635.338000,0.018426
1635.339000,0.003851
1635.340000,0.245052
1635.341000,0.172780
1635.342000,0.089303
1635.343000,-0.000445
1635.344000,-0.098601
1635.345000,0.087004
1635.346000,-0.125721
1635.347000,-0.068092
1635.348000,-0.015256
1635.349000,-0.177493
1635.350000,-0.177630
1635.351000,-0.223100
1635.352000,-0.187240
1635.353000,-0.361414
1635.354000,-0.407394
1635.355000,-0.354368
1635.356000,-0.479108
1635.357000,-0.374497
1635.358000,-0.431011
1635.359000,-0.527232
1635.360000,-0.420005
1635.361000,-0.305603
1635.362000,-0.233768
1635.363000,-0.446431
1635.364000,-0.589822
1635.365000,-0.657826
1635.366000,-0.706073
1635.367000,-0.430357
1635.368000,-0.448524
1635.369000,-0.461888
1635.370000,-0.261117
1635.371000,-0.319173
1635.372000,-0.333159
1635.373000,-0.341599
1635.374000,-0.462863
1635.375000,-0.376605
1635.376000,-0.362675
1635.377000,-0.428662
1635.378000,-0.260953
1635.379000,-0.318538
1635.380000,-0.233884
1635.381000,-0.210248
1635.382000,-0.104488
1635.383000,-0.144630
1635.384000,-0.265193
1635.385000,-0.181424
1635.386000,-0.127450
1635.387000,-0.040641
1635.388000,0.040668
1635.389000,0.143968
1635.390000,0.121859
1635.391000,0.182376
1635.392000,0.088942
1635.393000,0.139930
1635.394000,0.235489
1635.395000,0.330456
1635.396000,0.384249
1635.397000,0.347402
1635.398000,0.415032
1635.399000,0.288926
1635.400000,0.198855
1635.401000,0.062158
1635.402000,-0.052384
1635.403000,-0.084599
1635.404000,-0.207765
1635.405000,0.008737
1635.406000,0.003254
1635.407000,0.040261
1635.408000,-0.020835
1635.409000,0.010422
1635.410000,-0.030882
1635.411000,-0.144834
1635.412000,-0.090239
1635.413000,0.029591
1635.414000,0.206167
1635.415000,0.276997
1635.416000,0.156570
1635.417000,0.192064
1635.418000,0.075281
1635.419000,0.128162
1635.420000,0.336143
1635.421000,0.454689
1635.422000,0.306544
1635.423000,0.165299
1635.424000,0.129551
1635.425000,0.170108
1635.426000,0.322420
1635.427000,0.325786
1635.428000,0.364023
1635.429000,0.378818
1635.430000,0.375575
1635.431000,0.394378
1635.432000,0.234976
1635.433000,0.181276
1635.434000,0.075872
1635.435000,0.049730
1635.436000,0.107898
1635.437000,-0.002362
1635.438000,0.078834
1635.439000,0.118265
1635.440000,0.245957
1635.441000,0.279657
1635.442000,0.301668
1635.443000,0.433621
1635.444000,0.510308
1635.445000,0.311424
1635.446000,0.243616
1635.447000,0.408236
1635.448000,0.418643
1635.449000,0.363575
1635.450000,0.446475
1635.451000,0.615061
1635.452000,0.555655
1635.453000,0.454214
1635.454000,0.516924
1635.455000,0.380639
1635.456000,0.400609
1635.457000,0.450960
1635.458000,0.366156
1635.459000,0.477542
1635.460000,0.541690
1635.461000,0.475611
1635.462000,0.565926
1635.463000,0.476303
1635.464000,0.479235
1635.465000,0.223488
1635.466000,0.083297
1635.467000,-0.010167
1635.468000,-0.024056
1635.469000,-0.176295
1635.470000,-0.026851
1635.471000,-0.030665
1635.472000,0.124630
1635.473000,0.137714
1635.474000,0.067882
1635.475000,-0.005092
1635.476000,0.018435
1635.477000,-0.067348
1635.478000,-0.134720
1635.479000,-0.031810
1635.480000,-0.002999
1635.481000,-0.036272
1635.482000,0.072107
1635.483000,0.168961
1635.484000,0.367367
1635.485000,0.427235
1635.486000,0.552952
1635.487000,0.543681
1635.488000,0.505866
1635.489000,0.423218
1635.490000,0.434461
1635.491000,0.443761
1635.492000,0.345475
1635.493000,0.375211
1635.494000,0.279607
1635.495000,0.312260
1635.496000,0.292978
1635.497000,0.218176
1635.498000,-0.085732
1635.499000,0.089075
1635.500000,0.130458
1635.501000,-0.023028
1635.502000,0.025170
1635.503000,0.012612
1635.504000,-0.073741
1635.505000,-0.053570
1635.506000,-0.137487
1635.507000,-0.232684
1635.508000,-0.226250
1635.509000,-0.417556
1635.510000,-0.493313
1635.511000,-0.464248
1635.512000,-0.575179
1635.513000,-0.537722
1635.514000,-0.542640
1635.515000,-0.659025
1635.516000,-0.545090
1635.517000,-0.673564
1635.518000,-0.716588
1635.519000,-0.505801
1635.520000,-0.432312
1635.521000,-0.430457
1635.522000,-0.572551
1635.523000,-0.503937
1635.524000,-0.560497
1635.525000,-0.717692
1635.526000,-0.837003
1635.527000,-0.823188
1635.528000,-0.953706
1635.529000,-0.910414
1635.530000,-0.890608
1635.531000,-0.748135
1635.532000,-0.668001
1635.533000,-0.693287
1635.534000,-0.753236
1635.535000,-0.528794
1635.536000,-0.717551
1635.537000,-0.522651
1635.538000,-0.691831
1635.539000,-0.561114
1635.540000,-0.480360
1635.541000,-0.420875
1635.542000,-0.288132
1635.543000,-0.389129
1635.544000,-0.229980
1635.545000,-0.337010
1635.546000,-0.347461
1635.547000,-0.416488
1635.548000,-0.459986
1635.549000,-0.433447
1635.550000,-0.285486
1635.551000,-0.334519
1635.552000,-0.391847
1635.553000,-0.345328
1635.554000,-0.374887
1635.555000,-0.267306
1635.556000,-0.403197
1635.557000,-0.363736
1635.558000,-0.426253
1635.559000,-0.229002
1635.560000,-0.182979
1635.561000,-0.156917
1635.562000,-0.150152
1635.563000,-0.170741
1635.564000,-0.104532
1635.565000,-0.124015
1635.566000,-0.376777
1635.567000,-0.330948
1635.568000,-0.262254
1635.569000,-0.089735
1635.570000,0.010059
1635.571000,0.065290
1635.572000,0.150053
1635.573000,0.247360
1635.574000,0.252083
1635.575000,0.154813
1635.576000,0.122966
1635.577000,0.207579
1635.578000,0.228887
1635.579000,0.206955
1635.580000,0.194415
1635.581000,0.189241
1635.582000,0.176887
1635.583000,0.183272
1635.584000,0.254038
1635.585000,0.296860
1635.586000,0.399008
1635.587000,0.507286
1635.588000,0.228783
1635.589000,0.163497
1635.590000,0.324233
1635.591000,0.211563
1635.592000,0.251866
1635.593000,0.053296
1635.594000,-0.132166
1635.595000,-0.147506
1635.596000,-0.089072
1635.597000,-0.182003
1635.598000,-0.340457
1635.599000,-0.196592
1635.600000,-0.100862
1635.601000,0.003499
1635.602000,0.050767
1635.603000,0.055866
1635.604000,0.003539
1635.605000,0.155095
1635.606000,0.118459
1635.607000,0.243086
1635.608000,0.244962
1635.609000,0.337938
1635.610000,0.341242
1635.611000,0.381993
1635.612000,0.544451
1635.613000,0.504864
1635.614000,0.404924
1635.615000,0.271558
1635.616000,0.284897
1635.617000,0.303628
1635.618000,0.168938
1635.619000,0.188245
1635.620000,0.229527
1635.621000,0.145000
1635.622000,0.047682
1635.623000,-0.061108
1635.624000,-0.109868
1635.625000,0.117778
1635.626000,0.159627
1635.627000,0.343031
1635.628000,0.267666
1635.629000,0.173267
1635.630000,0.364822
1635.631000,0.421047
1635.632000,0.391222
1635.633000,0.447573
1635.634000,0.430379
1635.635000,0.456836
1635.636000,0.320122
1635.637000,0.150155
1635.638000,0.143305
1635.639000,0.157574
1635.640000,0.163535
1635.641000,0.173385
1635.642000,0.238994
1635.643000,0.373171
1635.644000,0.188028
1635.645000,0.272369
1635.646000,0.206100
1635.647000,0.113465
1635.648000,-0.056835
1635.649000,0.001346
1635.650000,0.078604
1635.651000,0.017880
1635.652000,0.001522
1635.653000,-0.083953
1635.654000,-0.095794
1635.655000,-0.041609
1635.656000,-0.070360
1635.657000,-0.021895
1635.658000,-0.008835
1635.659000,-0.128833
1635.660000,-0.162555
1635.661000,-0.194786
1635.662000,-0.212297
1635.663000,-0.158663
1635.664000,-0.170420
1635.665000,-0.233367
1635.666000,-0.190372
1635.667000,-0.218022
1635.668000,-0.179080
1635.669000,-0.029103
1635.670000,-0.041419
1635.671000,-0.116067
1635.672000,-0.096397
1635.673000,0.047307
1635.674000,0.211919
1635.675000,0.238366
1635.676000,0.354541
1635.677000,0.290526
1635.678000,0.240024
1635.679000,0.333389
1635.680000,0.445290
1635.681000,0.530764
1635.682000,0.431367
1635.683000,0.558863
1635.684000,0.415546
1635.685000,0.599986
1635.686000,0.567396
1635.687000,0.742524
1635.688000,0.882116
1635.689000,0.940520
1635.690000,0.956368
1635.691000,0.793292
1635.692000,0.810988
1635.693000,0.704929
1635.694000,0.912551
1635.695000,0.828306
1635.696000,0.891360
1635.697000,0.760160
1635.698000,0.605269
1635.699000,0.546553
1635.700000,0.416919
1635.701000,0.350414
1635.702000,0.389941
1635.703000,0.408361
1635.704000,0.208430
1635.705000,0.360164
1635.706000,0.264095
1635.707000,0.460496
1635.708000,0.462999
1635.709000,0.609438
1635.710000,0.738966
1635.711000,0.802939
1635.712000,0.725088
1635.713000,0.596474
1635.714000,0.424971
1635.715000,0.520940
1635.716000,0.601413
1635.717000,0.468153
1635.718000,0.306126
1635.719000,0.468651
1635.720000,0.229660
1635.721000,0.232822
1635.722000,0.253670
1635.723000,0.058094
1635.724000,0.031889
1635.725000,-0.009304
1635.726000,0.005507
1635.727000,-0.137372
1635.728000,-0.147354
1635.729000,-0.086344
1635.730000,-0.036705
1635.731000,0.272998
1635.732000,0.246812
1635.733000,0.192028
1635.734000,0.095738
1635.735000,0.165034
1635.736000,0.316302
1635.737000,0.284211
1635.738000,0.358244
1635.739000,0.253332
1635.740000,0.235221
1635.741000,0.459762
1635.742000,0.424125
1635.743000,0.403875
1635.744000,0.542205
1635.745000,0.558475
1635.746000,0.451989
1635.747000,0.361713
1635.748000,0.262016
1635.749000,0.075427
1635.750000,0.057245
1635.751000,0.028049
1635.752000,-0.052660
1635.753000,-0.167433
1635.754000,-0.232318
1635.755000,-0.300909
1635.756000,-0.038815
1635.757000,-0.044582
1635.758000,-0.288458
1635.759000,-0.321615
1635.760000,-0.273813
1635.761000,-0.089036
1635.762000,-0.038957
1635.763000,-0.009688
1635.764000,-0.161173
1635.765000,-0.295737
1635.766000,-0.360591
1635.767000,-0.539834
1635.768000,-0.521687
1635.769000,-0.349202
1635.770000,-0.392875
1635.771000,-0.416010
1635.772000,-0.594735
1635.773000,-0.578566
1635.774000,-0.527213
1635.775000,-0.518324
1635.776000,-0.667654
1635.777000,-0.678771
1635.778000,-0.546349
1635.779000,-0.425263
1635.780000,-0.350497
1635.781000,-0.163127
1635.782000,-0.278018
1635.783000,-0.214832
1635.784000,-0.247377
1635.785000,-0.451176
1635.786000,-0.421458
1635.787000,-0.476803
1635.788000,-0.544829
1635.789000,-0.474383
1635.790000,-0.626307
1635.791000,-0.636051
1635.792000,-0.535501
1635.793000,-0.567872
1635.794000,-0.549808
1635.795000,-0.487456
1635.796000,-0.557742
1635.797000,-0.652841
1635.798000,-0.602729
1635.799000,-0.463526
1635.800000,-0.260196
1635.801000,-0.256758
1635.802000,-0.159010
1635.803000,-0.070137
1635.804000,-0.127975
1635.805000,-0.145638
1635.806000,-0.314068
1635.807000,-0.411308
1635.808000,-0.443075
1635.809000,-0.316790
1635.810000,-0.385111
1635.811000,-0.389680
1635.812000,-0.337504
1635.813000,-0.254578
1635.814000,-0.177450
1635.815000,-0.115395
1635.816000,0.063742
1635.817000,-0.055271
1635.818000,-0.227445
1635.819000,-0.238734
1635.820000,-0.331637
1635.821000,-0.325398
1635.822000,-0.180865
1635.823000,-0.050511
1635.824000,-0.059656
1635.825000,0.028579
1635.826000,-0.011906
1635.827000,-0.073105
1635.828000,-0.104478
1635.829000,-0.262778
1635.830000,-0.308046
1635.831000,-0.317984
1635.832000,-0.406519
1635.833000,-0.473520
1635.834000,-0.604747
1635.835000,-0.465962
1635.836000,-0.418852
1635.837000,-0.430956
1635.838000,-0.436682
1635.839000,-0.460747
1635.840000,-0.333062
1635.841000,-0.224846
1635.842000,-0.286805
1635.843000,-0.299114
1635.844000,-0.475398
1635.845000,-0.551999
1635.846000,-0.674741
1635.847000,-0.751825
1635.848000,-0.721931
1635.849000,-0.879165
1635.850000,-1.002176
1635.851000,-0.968201
1635.852000,-0.932191
1635.853000,-0.945564
1635.854000,-1.221201
1635.855000,-1.201436
1635.856000,-1.164817
1635.857000,-1.169202
1635.858000,-1.296888
1635.859000,-1.154220
1635.860000,-1.124322
1635.861000,-1.133500
1635.862000,-1.246830
1635.863000,-1.173441
1635.864000,-1.196976
1635.865000,-1.242544
1635.866000,-1.327397
1635.867000,-1.308553
1635.868000,-1.288123
1635.869000,-1.248931
1635.870000,-1.228194
1635.871000,-1.245551
1635.872000,-1.124258
1635.873000,-1.115841
1635.874000,-1.093136
1635.875000,-0.935233
1635.876000,-0.986730
1635.877000,-0.812360
1635.878000,-0.724079
1635.879000,-0.653916
1635.880000,-0.675478
1635.881000,-0.703807
1635.882000,-0.765186
1635.883000,-0.786149
1635.884000,-0.701792
1635.885000,-0.621885
1635.886000,-0.551387
1635.887000,-0.436281
1635.888000,-0.384253
1635.889000,-0.394754
1635.890000,-0.350799
1635.891000,-0.344762
1635.892000,-0.285775
1635.893000,-0.127540
1635.894000,-0.231837
1635.895000,-0.208416
1635.896000,-0.098020
1635.897000,-0.038923
1635.898000,-0.028555
1635.899000,0.139949
1635.900000,0.124284
1635.901000,0.258953
1635.902000,0.208958
1635.903000,0.150467
1635.904000,0.141776
1635.905000,0.100742
1635.906000,0.124187
1635.907000,0.168621
1635.908000,0.124817
1635.909000,0.158422
1635.910000,0.202971
1635.911000,0.313835
1635.912000,0.433203
1635.913000,0.345238
1635.914000,0.286842
1635.915000,0.219371
1635.916000,0.285363
1635.917000,0.314787
1635.918000,0.378687
1635.919000,0.442771
1635.920000,0.539475
1635.921000,0.737602
1635.922000,0.428715
1635.923000,0.489786
1635.924000,0.615374
1635.925000,0.620924
1635.926000,0.608199
1635.927000,0.568492
1635.928000,0.680351
1635.929000,0.617532
1635.930000,0.498307
1635.931000,0.550944
1635.932000,0.471572
1635.933000,0.424589
1635.934000,0.318653
1635.935000,0.340299
1635.936000,0.341713
1635.937000,0.235609
1635.938000,0.105208
1635.939000,0.192772
1635.940000,0.248356
1635.941000,0.148249
1635.942000,0.223772
1635.943000,0.051500
1635.944000,0.163667
1635.945000,0.164133
1635.946000,0.146645
1635.947000,0.047211
1635.948000,-0.017686
1635.949000,0.143607
1635.950000,0.343363
1635.951000,0.217748
1635.952000,0.339093
1635.953000,0.402789
1635.954000,0.156362
1635.955000,0.171371
1635.956000,-0.070265
1635.957000,0.070343
1635.958000,0.168418
1635.959000,0.100301
1635.960000,0.045125
1635.961000,0.037309
1635.962000,-0.037283
1635.963000,-0.096384
1635.964000,-0.022291
1635.965000,0.064477
1635.966000,0.023902
1635.967000,-0.038891
1635.968000,-0.003160
1635.969000,-0.003578
1635.970000,-0.098362
1635.971000,0.035831
1635.972000,-0.111374
1635.973000,-0.044752
1635.974000,-0.215087
1635.975000,-0.302235
1635.976000,-0.211312
1635.977000,-0.203105
1635.978000,-0.099864
1635.979000,0.016318
1635.980000,0.106770
1635.981000,0.069451
1635.982000,0.199094
1635.983000,0.346892
1635.984000,0.365275
1635.985000,0.237734
1635.986000,0.236723
1635.987000,0.340067
1635.988000,0.103828
1635.989000,0.025218
1635.990000,-0.038615
1635.991000,0.027327
1635.992000,0.057690
1635.993000,0.181055
1635.994000,0.277508
1635.995000,0.454304
1635.996000,0.507349
1635.997000,0.537856
1635.998000,0.435128
1635.999000,0.507140
1636.000000,0.431657
1636.001000,0.501893
1636.002000,0.478599
1636.003000,0.493116
1636.004000,0.440498
1636.005000,0.418470
1636.006000,0.413128
1636.007000,0.413166
1636.008000,0.502497
1636.009000,0.533265
1636.010000,0.610186
1636.011000,0.718428
1636.012000,0.461290
1636.013000,0.371836
1636.014000,0.404490
1636.015000,0.484313
1636.016000,0.509808
1636.017000,0.427651
1636.018000,0.298488
1636.019000,0.090611
1636.020000,-0.022879
1636.021000,0.041887
1636.022000,-0.033830
1636.023000,-0.156233
1636.024000,-0.341606
1636.025000,-0.334504
1636.026000,-0.293339
1636.027000,-0.309405
1636.028000,-0.235467
1636.029000,-0.358349
1636.030000,-0.312128
1636.031000,-0.263181
1636.032000,-0.170161
1636.033000,-0.241217
1636.034000,-0.173383
1636.035000,-0.080817
1636.036000,-0.103591
1636.037000,-0.027448
1636.038000,-0.020388
1636.039000,0.055043
1636.040000,-0.067664
1636.041000,-0.076653
1636.042000,-0.084661
1636.043000,-0.106535
1636.044000,-0.163790
1636.045000,-0.246427
1636.046000,-0.188834
1636.047000,-0.304012
1636.048000,-0.296244
1636.049000,-0.304264
1636.050000,-0.181807
1636.051000,-0.201770
1636.052000,-0.183291
1636.053000,-0.219457
1636.054000,-0.222814
1636.055000,-0.179295
1636.056000,-0.182980
1636.057000,-0.147701
1636.058000,-0.112409
1636.059000,-0.241964
1636.060000,-0.077433
1636.061000,-0.083912
1636.062000,-0.198698
1636.063000,-0.144561
1636.064000,-0.233493
1636.065000,-0.271852
1636.066000,-0.066406
1636.067000,-0.056630
1636.068000,0.116931
1636.069000,-0.015677
1636.070000,-0.067586
1636.071000,0.154527
1636.072000,0.104702
1636.073000,0.251374
1636.074000,0.413535
1636.075000,0.328415
1636.076000,0.272176
1636.077000,0.322137
1636.078000,0.370333
1636.079000,0.177822
1636.080000,0.422197
1636.081000,0.364172
1636.082000,0.397603
1636.083000,0.484575
1636.084000,0.340092
1636.085000,0.058227
1636.086000,0.021559
1636.087000,0.051499
1636.088000,0.105226
1636.089000,0.349439
1636.090000,0.365284
1636.091000,0.192512
1636.092000,0.290104
1636.093000,0.335326
1636.094000,0.330098
1636.095000,0.151072
1636.096000,0.228944
1636.097000,0.096903
1636.098000,-0.072195
1636.099000,-0.236095
1636.100000,-0.088612
1636.101000,-0.050465
1636.102000,-0.036528
1636.103000,-0.091737
1636.104000,-0.123559
1636.105000,-0.036996
1636.106000,-0.126141
1636.107000,-0.137385
1636.108000,-0.144452
1636.109000,-0.292174
1636.110000,-0.387567
1636.111000,-0.360298
1636.112000,-0.463513
1636.113000,-0.453288
1636.114000,-0.480172
1636.115000,-0.553294
1636.116000,-0.744082
1636.117000,-0.781097
1636.118000,-0.632396
1636.119000,-0.589226
1636.120000,-0.600412
1636.121000,-0.598610
1636.122000,-0.538628
1636.123000,-0.435390
1636.124000,-0.264858
1636.125000,-0.269459
1636.126000,-0.188813
1636.127000,-0.281654
1636.128000,-0.153710
1636.129000,-0.169341
1636.130000,-0.109334
1636.131000,0.031119
1636.132000,-0.007304
1636.133000,-0.033620
1636.134000,0.083356
1636.135000,0.206089
1636.136000,-0.009284
1636.137000,0.143142
1636.138000,0.307745
1636.139000,0.167317
1636.140000,0.158743
1636.141000,-0.158091
1636.142000,-0.017729
1636.143000,0.078197
1636.144000,-0.062829
1636.145000,-0.301156
1636.146000,-0.307862
1636.147000,-0.203149
1636.148000,-0.131032
1636.149000,-0.229678
1636.150000,-0.432971
1636.151000,-0.493172
1636.152000,-0.545755
1636.153000,-0.535293
1636.154000,-0.589095
1636.155000,-0.430175
1636.156000,-0.349779
1636.157000,-0.512903
1636.158000,-0.410227
1636.159000,-0.289702
1636.160000,-0.421091
1636.161000,-0.520544
1636.162000,-0.515898
1636.163000,-0.477364
1636.164000,-0.532631
1636.165000,-0.545816
1636.166000,-0.685552
1636.167000,-0.525140
1636.168000,-0.498234
1636.169000,-0.520205
1636.170000,-0.611340
1636.171000,-0.229437
1636.172000,-0.207245
1636.173000,-0.237643
1636.174000,-0.396995
1636.175000,-0.268928
1636.176000,-0.275549
1636.177000,-0.223088
1636.178000,-0.261701
1636.179000,-0.056338
1636.180000,-0.049310
1636.181000,-0.007016
1636.182000,-0.081694
1636.183000,0.003137
1636.184000,0.067469
1636.185000,-0.017712
1636.186000,-0.030490
1636.187000,-0.060917
1636.188000,-0.161282
1636.189000,-0.366300
1636.190000,-0.212628
1636.191000,-0.061073
1636.192000,-0.001787
1636.193000,-0.011058
1636.194000,0.169009
1636.195000,0.260164
1636.196000,0.190966
1636.197000,0.278327
1636.198000,0.166954
1636.199000,0.096471
1636.200000,0.139568
1636.201000,0.471153
1636.202000,0.561075
1636.203000,0.512699
1636.204000,0.478911
1636.205000,0.383485
1636.206000,0.294580
1636.207000,0.478071
1636.208000,0.528505
1636.209000,0.504643
1636.210000,0.537014
1636.211000,0.669804
1636.212000,0.609544
1636.213000,0.826549
1636.214000,0.984291
1636.215000,0.946746
1636.216000,0.805467
1636.217000,0.730876
1636.218000,0.804872
1636.219000,0.737463
1636.220000,0.611294
1636.221000,0.596705
1636.222000,0.566993
1636.223000,0.690163
1636.224000,0.801457
1636.225000,0.720027
1636.226000,0.779910
1636.227000,0.724517
1636.228000,0.632571
1636.229000,0.693291
1636.230000,0.734873
1636.231000,0.682455
1636.232000,0.669573
1636.233000,0.861350
1636.234000,0.622107
1636.235000,0.628564
1636.236000,0.613673
1636.237000,0.468655
1636.238000,0.489906
1636.239000,0.501288
1636.240000,0.621104
1636.241000,0.806902
1636.242000,0.838129
1636.243000,0.859354
1636.244000,0.872471
1636.245000,0.765461
1636.246000,0.836599
1636.247000,0.775207
1636.248000,0.786904
1636.249000,0.951783
1636.250000,1.129749
1636.251000,1.069513
1636.252000,1.038312
1636.253000,0.931144
1636.254000,0.995348
1636.255000,1.028881
1636.256000,0.942157
1636.257000,0.769160
1636.258000,0.801995
1636.259000,0.835900
1636.260000,0.904568
1636.261000,0.861521
1636.262000,0.877080
1636.263000,0.814859
1636.264000,0.504145
1636.265000,0.619510
1636.266000,0.382746
1636.267000,0.389303
1636.268000,0.402065
1636.269000,0.634241
1636.270000,0.607819
1636.271000,0.531476
1636.272000,0.515347
1636.273000,0.594846
1636.274000,0.569945
1636.275000,0.549866
1636.276000,0.621777
1636.277000,0.652624
1636.278000,0.563560
1636.279000,0.381240
1636.280000,0.581658
1636.281000,0.524842
1636.282000,0.355456
1636.283000,0.202791
1636.284000,0.074550
1636.285000,0.112147
1636.286000,0.220507
1636.287000,0.126106
1636.288000,0.206799
1636.289000,0.250468
1636.290000,0.242430
1636.291000,0.260085
1636.292000,0.258812
1636.293000,0.386137
1636.294000,0.536269
1636.295000,0.373363
1636.296000,0.399215
1636.297000,0.420678
1636.298000,0.386549
1636.299000,0.362431
1636.300000,0.281728
1636.301000,0.165342
1636.302000,0.050959
1636.303000,-0.103407
1636.304000,0.268750
1636.305000,0.297887
1636.306000,0.398544
1636.307000,0.343102
1636.308000,0.380203
1636.309000,0.288627
1636.310000,0.043260
1636.311000,-0.078794
1636.312000,-0.108479
1636.313000,-0.042274
1636.314000,0.160279
1636.315000,0.171702
1636.316000,0.201009
1636.317000,0.211277
1636.318000,0.350579
1636.319000,0.207113
1636.320000,0.304273
1636.321000,0.062864
1636.322000,0.141937
1636.323000,0.230203
1636.324000,0.210451
1636.325000,0.092099
1636.326000,0.108839
1636.327000,0.131518
1636.328000,0.133629
1636.329000,0.071396
1636.330000,-0.007858
1636.331000,0.022707
1636.332000,-0.010575
1636.333000,-0.116530
1636.334000,-0.303329
1636.335000,-0.400329
1636.336000,-0.624650
1636.337000,-0.603206
1636.338000,-0.416772
1636.339000,-0.474095
1636.340000,-0.479718
1636.341000,-0.502061
1636.342000,-0.469131
1636.343000,-0.518805
1636.344000,-0.492684
1636.345000,-0.620796
1636.346000,-0.750588
1636.347000,-0.881392
1636.348000,-0.982685
1636.349000,-0.977978
1636.350000,-1.080605
1636.351000,-1.061207
1636.352000,-0.947277
1636.353000,-0.899078
1636.354000,-0.835739
1636.355000,-0.908745
1636.356000,-0.794044
1636.357000,-0.720062
1636.358000,-0.737874
1636.359000,-0.632168
1636.360000,-0.599646
1636.361000,-0.543620
1636.362000,-0.378080
1636.363000,-0.262213
1636.364000,-0.408379
1636.365000,-0.534429
1636.366000,-0.480336
1636.367000,-0.479698
1636.368000,-0.486738
1636.369000,-0.491419
1636.370000,-0.382500
1636.371000,-0.494715
1636.372000,-0.440282
1636.373000,-0.403982
1636.374000,-0.445954
1636.375000,-0.449285
1636.376000,-0.345847
1636.377000,-0.348197
1636.378000,-0.445776
1636.379000,-0.610214
1636.380000,-0.595918
1636.381000,-0.605144
1636.382000,-0.593713
1636.383000,-0.649216
1636.384000,-0.558906
1636.385000,-0.548426
1636.386000,-0.655544
1636.387000,-0.868146
1636.388000,-0.906965
1636.389000,-1.001409
1636.390000,-1.063881
1636.391000,-1.056568
1636.392000,-0.906997
1636.393000,-0.688872
1636.394000,-0.694286
1636.395000,-0.699822
1636.396000,-0.786540
1636.397000,-0.789575
1636.398000,-1.003800
1636.399000,-1.025727
1636.400000,-1.142823
1636.401000,-0.999957
1636.402000,-1.021908
1636.403000,-0.970082
1636.404000,-0.963528
1636.405000,-0.961950
1636.406000,-0.913157
1636.407000,-0.872875
1636.408000,-1.034432
1636.409000,-1.033727
1636.410000,-1.097758
1636.411000,-1.268086
1636.412000,-1.316990
1636.413000,-1.353253
1636.414000,-1.433308
1636.415000,-1.344098
1636.416000,-0.994341
1636.417000,-0.932803
1636.418000,-0.979462
1636.419000,-0.918460
1636.420000,-0.732345
1636.421000,-0.780712
1636.422000,-0.757487
1636.423000,-0.989321
1636.424000,-0.977782
1636.425000,-0.766083
1636.426000,-0.725291
1636.427000,-0.940508
1636.428000,-0.716902
1636.429000,-0.850710
1636.430000,-0.720786
1636.431000,-0.604538
1636.432000,-0.478407
1636.433000,-0.559463
1636.434000,-0.676363
1636.435000,-0.703759
1636.436000,-0.774977
1636.437000,-0.588483
1636.438000,-0.692430
1636.439000,-0.667230
1636.440000,-0.687282
1636.441000,-0.699948
1636.442000,-0.788443
1636.443000,-0.748288
1636.444000,-0.769998
1636.445000,-0.718195
1636.446000,-0.528435
1636.447000,-0.529571
1636.448000,-0.344224
1636.449000,-0.381036
1636.450000,-0.383042
1636.451000,-0.414354
1636.452000,-0.504151
1636.453000,-0.442582
1636.454000,-0.633157
1636.455000,-0.592381
1636.456000,-0.651233
1636.457000,-0.518024
1636.458000,-0.569355
1636.459000,-0.588313
1636.460000,-0.633164
1636.461000,-0.503469
1636.462000,-0.409696
1636.463000,-0.359909
1636.464000,-0.320303
1636.465000,-0.213983
1636.466000,-0.232070
1636.467000,-0.131543
1636.468000,-0.193806
1636.469000,-0.263223
1636.470000,-0.148801
1636.471000,0.095049
1636.472000,-0.077058
1636.473000,-0.279937
1636.474000,-0.357974
1636.475000,-0.304079
1636.476000,-0.168566
1636.477000,-0.020442
1636.478000,0.020075
1636.479000,0.292645
1636.480000,0.347621
1636.481000,0.425382
1636.482000,0.390169
1636.483000,0.305415
1636.484000,0.461219
1636.485000,0.565357
1636.486000,0.644612
1636.487000,0.574532
1636.488000,0.562529
1636.489000,0.570384
1636.490000,0.696618
1636.491000,0.700581
1636.492000,0.833073
1636.493000,0.816789
1636.494000,0.825133
1636.495000,0.921215
1636.496000,0.951931
1636.497000,0.893514
1636.498000,0.897597
1636.499000,1.005377
1636.500000,1.132611
1636.501000,1.044761
1636.502000,1.076968
1636.503000,1.035884
1636.504000,0.888177
1636.505000,0.814537
1636.506000,0.914222
1636.507000,0.946970
1636.508000,0.967689
1636.509000,0.899956
1636.510000,0.910259
1636.511000,0.928030
1636.512000,0.891002
1636.513000,0.931700
1636.514000,1.010542
1636.515000,0.922584
1636.516000,1.077715
1636.517000,0.979063
1636.518000,0.888682
1636.519000,0.712681
1636.520000,0.939588
1636.521000,0.936152
1636.522000,0.793506
1636.523000,0.645604
1636.524000,0.555620
1636.525000,0.487329
1636.526000,0.567359
1636.527000,0.607244
1636.528000,0.712492
1636.529000,0.698872
1636.530000,0.790263
1636.531000,0.875889
1636.532000,0.687036
1636.533000,0.824748
1636.534000,0.664154
1636.535000,0.843815
1636.536000,0.790229
1636.537000,0.928227
1636.538000,0.786259
1636.539000,0.719498
1636.540000,0.622971
1636.541000,0.553096
1636.542000,0.603349
1636.543000,0.436365
1636.544000,0.312644
1636.545000,0.104483
1636.546000,0.011833
1636.547000,-0.209491
1636.548000,-0.408880
1636.549000,-0.416108
1636.550000,-0.416601
1636.551000,-0.547001
1636.552000,-0.569443
1636.553000,-0.612523
1636.554000,-0.594148
1636.555000,-0.509178
1636.556000,-0.619194
1636.557000,-0.502035
1636.558000,-0.561523
1636.559000,-0.458066
1636.560000,-0.589289
1636.561000,-0.493583
1636.562000,-0.186874
1636.563000,-0.090835
1636.564000,-0.231206
1636.565000,-0.142104
1636.566000,-0.216409
1636.567000,-0.235963
1636.568000,-0.313079
1636.569000,-0.324872
1636.570000,-0.268351
1636.571000,-0.174909
1636.572000,-0.034604
1636.573000,0.115631
1636.574000,0.262932
1636.575000,0.386587
1636.576000,0.280576
1636.577000,0.387241
1636.578000,0.202294
1636.579000,0.208494
1636.580000,0.427582
1636.581000,0.611232
1636.582000,0.568872
1636.583000,0.556682
1636.584000,0.401209
1636.585000,0.450775
1636.586000,0.428450
1636.587000,0.415302
1636.588000,0.443104
1636.589000,0.458760
1636.590000,0.384837
1636.591000,0.365953
1636.592000,0.426666
1636.593000,0.354093
1636.594000,0.262872
1636.595000,0.321479
1636.596000,0.215243
1636.597000,0.242546
1636.598000,0.150695
1636.599000,0.187907
1636.600000,0.131144
1636.601000,0.267793
1636.602000,0.122979
1636.603000,0.072068
1636.604000,0.006070
1636.605000,-0.030433
1636.606000,0.014771
1636.607000,-0.020082
1636.608000,-0.229629
1636.609000,-0.157797
1636.610000,-0.029279
1636.611000,-0.115253
1636.612000,-0.216930
1636.613000,-0.280763
1636.614000,-0.375167
1636.615000,-0.510537
1636.616000,-0.534215
1636.617000,-0.563821
1636.618000,-0.559102
1636.619000,-0.346046
1636.620000,-0.414931
1636.621000,-0.434450
1636.622000,-0.386199
1636.623000,-0.476674
1636.624000,-0.443126
1636.625000,-0.284808
1636.626000,-0.161903
1636.627000,-0.065279
1636.628000,-0.027795
1636.629000,-0.075763
1636.630000,-0.066000
1636.631000,-0.006966
1636.632000,-0.104486
1636.633000,-0.380280
1636.634000,-0.188787
1636.635000,-0.083216
1636.636000,0.041453
1636.637000,-0.093379
1636.638000,0.107654
1636.639000,0.074415
1636.640000,0.103368
1636.641000,0.316472
1636.642000,0.202089
1636.643000,0.281063
1636.644000,0.312935
1636.645000,0.111511
1636.646000,0.098230
1636.647000,0.086131
1636.648000,-0.096460
1636.649000,-0.245347
1636.650000,-0.142568
1636.651000,-0.240624
1636.652000,-0.264329
1636.653000,-0.413580
1636.654000,-0.398841
1636.655000,-0.430368
1636.656000,-0.312339
1636.657000,-0.340761
1636.658000,-0.540380
1636.659000,-0.578304
1636.660000,-0.533587
1636.661000,-0.447527
1636.662000,-0.512973
1636.663000,-0.513941
1636.664000,-0.524818
1636.665000,-0.609556
1636.666000,-0.648435
1636.667000,-0.668264
1636.668000,-0.788489
1636.669000,-0.655373
1636.670000,-0.581806
1636.671000,-0.569561
1636.672000,-0.418411
1636.673000,-0.370343
1636.674000,-0.373812
1636.675000,-0.301848
1636.676000,-0.270441
1636.677000,-0.280956
1636.678000,-0.349916
1636.679000,-0.289848
1636.680000,-0.458626
1636.681000,-0.626517
1636.682000,-0.361521
1636.683000,-0.434095
1636.684000,-0.559715
1636.685000,-0.411298
1636.686000,-0.335165
1636.687000,-0.363898
1636.688000,-0.409846
1636.689000,-0.541670
1636.690000,-0.494023
1636.691000,-0.511658
1636.692000,-0.449843
1636.693000,-0.329439
1636.694000,-0.424767
1636.695000,-0.209808
1636.696000,-0.020342
1636.697000,-0.186880
1636.698000,-0.174307
1636.699000,-0.230092
1636.700000,-0.296510
1636.701000,-0.198910
1636.702000,-0.356928
1636.703000,-0.489590
1636.704000,-0.297951
1636.705000,-0.288688
1636.706000,-0.420287
1636.707000,-0.382127
1636.708000,-0.345238
1636.709000,-0.358064
1636.710000,-0.357866
1636.711000,-0.294946
1636.712000,-0.483541
1636.713000,-0.300623
1636.714000,-0.270599
1636.715000,-0.142243
1636.716000,-0.207185
1636.717000,-0.226947
1636.718000,-0.254643
1636.719000,-0.332634
1636.720000,-0.425951
1636.721000,-0.403482
1636.722000,-0.397833
1636.723000,-0.329588
1636.724000,-0.331739
1636.725000,-0.210863
1636.726000,-0.062583
1636.727000,-0.034598
1636.728000,-0.066763
1636.729000,-0.081416
1636.730000,-0.065538
1636.731000,0.009797
1636.732000,-0.018681
1636.733000,-0.001860
1636.734000,-0.120402
1636.735000,-0.306798
1636.736000,-0.403798
1636.737000,-0.474652
1636.738000,-0.313953
1636.739000,-0.394257
1636.740000,-0.572985
1636.741000,-0.559703
1636.742000,-0.536830
1636.743000,-0.604863
1636.744000,-0.535168
1636.745000,-0.639881
1636.746000,-0.582750
1636.747000,-0.655888
1636.748000,-0.429845
1636.749000,-0.319501
1636.750000,-0.151750
1636.751000,-0.322264
1636.752000,-0.410209
1636.753000,-0.550306
1636.754000,-0.598447
1636.755000,-0.381833
1636.756000,-0.278633
1636.757000,-0.412066
1636.758000,-0.319349
1636.759000,-0.085330
1636.760000,0.078713
1636.761000,0.206660
1636.762000,-0.016111
1636.763000,-0.005407
1636.764000,0.150161
1636.765000,0.233158
1636.766000,0.421588
1636.767000,0.520400
1636.768000,0.361517
1636.769000,0.263945
1636.770000,0.210433
1636.771000,0.421501
1636.772000,0.560792
1636.773000,0.583807
1636.774000,0.592297
1636.775000,0.518331
1636.776000,0.516297
1636.777000,0.414319
1636.778000,0.261693
1636.779000,0.423973
1636.780000,0.504877
1636.781000,0.421418
1636.782000,0.458387
1636.783000,0.568883
1636.784000,0.544018
1636.785000,0.437232
1636.786000,0.530099
1636.787000,0.581602
1636.788000,0.398367
1636.789000,0.391174
1636.790000,0.584766
1636.791000,0.442872
1636.792000,0.631251
1636.793000,0.463424
1636.794000,0.477128
1636.795000,0.619080
1636.796000,0.665041
1636.797000,0.724498
1636.798000,0.797816
1636.799000,0.813286
1636.800000,0.736315
1636.801000,0.770640
1636.802000,0.967584
1636.803000,0.824302
1636.804000,0.844791
1636.805000,1.077703
1636.806000,1.086062
1636.807000,1.175345
1636.808000,1.177527
1636.809000,0.843596
1636.810000,0.742205
1636.811000,0.782232
1636.812000,0.802744
1636.813000,0.877221
1636.814000,0.664626
1636.815000,0.602687
1636.816000,0.549428
1636.817000,0.478323
1636.818000,0.355068
1636.819000,0.339423
1636.820000,0.342384
1636.821000,0.401131
1636.822000,0.381948
1636.823000,0.351152
1636.824000,0.358003
1636.825000,0.182914
1636.826000,0.197317
1636.827000,0.129685
1636.828000,0.147211
1636.829000,0.365457
1636.830000,0.299116
1636.831000,0.230062
1636.832000,0.222780
1636.833000,0.108157
1636.834000,0.209854
1636.835000,0.247397
1636.836000,0.239714
1636.837000,0.239777
1636.838000,0.127766
1636.839000,-0.054086
1636.840000,-0.113645
1636.841000,-0.006018
1636.842000,0.036004
1636.843000,0.192491
1636.844000,0.197289
1636.845000,0.224404
1636.846000,0.332006
1636.847000,0.269648
1636.848000,0.269701
1636.849000,0.269347
1636.850000,0.313695
1636.851000,0.183571
1636.852000,0.368640
1636.853000,0.164588
1636.854000,0.282747
1636.855000,0.306454
1636.856000,0.325992
1636.857000,0.333276
1636.858000,0.393791
1636.859000,0.493563
1636.860000,0.380987
1636.861000,0.327146
1636.862000,0.235269
1636.863000,0.171764
1636.864000,0.396151
1636.865000,0.497086
1636.866000,0.633419
1636.867000,0.506052
1636.868000,0.396856
1636.869000,0.485421
1636.870000,0.603920
1636.871000,0.504206
1636.872000,0.515193
1636.873000,0.598703
1636.874000,0.553498
1636.875000,0.504116
1636.876000,0.285008
1636.877000,0.079250
1636.878000,0.051360
1636.879000,-0.082653
1636.880000,-0.079783
1636.881000,-0.221260
1636.882000,-0.330364
1636.883000,-0.197356
1636.884000,-0.176694
1636.885000,-0.199359
1636.886000,-0.354514
1636.887000,-0.428755
1636.888000,-0.382347
1636.889000,-0.268367
1636.890000,-0.317949
1636.891000,-0.211739
1636.892000,-0.194591
1636.893000,-0.216390
1636.894000,-0.155629
1636.895000,-0.205921
1636.896000,-0.191675
1636.897000,-0.159021
1636.898000,-0.186176
1636.899000,0.100875
1636.900000,0.189126
1636.901000,0.142892
1636.902000,0.097111
1636.903000,0.046749
1636.904000,0.014963
1636.905000,0.000905
1636.906000,0.081979
1636.907000,0.056653
1636.908000,0.170035
1636.909000,0.103175
1636.910000,0.097581
1636.911000,-0.086967
1636.912000,-0.073777
1636.913000,0.027584
1636.914000,-0.032812
1636.915000,0.070670
1636.916000,0.069574
1636.917000,0.050975
1636.918000,0.069924
1636.919000,-0.084718
1636.920000,0.073368
1636.921000,-0.111490
1636.922000,-0.118037
1636.923000,0.024567
1636.924000,-0.064729
1636.925000,-0.057119
1636.926000,-0.166045
1636.927000,-0.143384
1636.928000,-0.261027
1636.929000,-0.370266
1636.930000,-0.378541
1636.931000,-0.412480
1636.932000,-0.420225
1636.933000,-0.378782
1636.934000,-0.458562
1636.935000,-0.419824
1636.936000,-0.536965
1636.937000,-0.552558
1636.938000,-0.806907
1636.939000,-0.693173
1636.940000,-0.561563
1636.941000,-0.469186
1636.942000,-0.455919
1636.943000,-0.348041
1636.944000,-0.265393
1636.945000,-0.141570
1636.946000,-0.158653
1636.947000,-0.133873
1636.948000,-0.268866
1636.949000,-0.060058
1636.950000,0.081831
1636.951000,0.241860
1636.952000,0.339094
1636.953000,0.467931
1636.954000,0.478384
1636.955000,0.375648
1636.956000,0.056369
1636.957000,-0.089955
1636.958000,0.000730
1636.959000,-0.078237
1636.960000,0.064173
1636.961000,0.204921
1636.962000,0.154668
1636.963000,0.099941
1636.964000,0.057343
1636.965000,0.179145
1636.966000,0.182909
1636.967000,0.207465
1636.968000,0.289562
1636.969000,0.165104
1636.970000,0.054503
1636.971000,0.088825
1636.972000,0.018829
1636.973000,-0.091149
1636.974000,-0.223829
1636.975000,-0.129918
1636.976000,-0.106390
1636.977000,-0.015782
1636.978000,-0.105653
1636.979000,-0.161220
1636.980000,0.017142
1636.981000,-0.005711
1636.982000,-0.102156
1636.983000,-0.167440
1636.984000,-0.165487
1636.985000,-0.113152
1636.986000,-0.156618
1636.987000,-0.261681
1636.988000,-0.131960
1636.989000,-0.208149
1636.990000,-0.378523
1636.991000,-0.354076
1636.992000,-0.317917
1636.993000,-0.416793
1636.994000,-0.474507
1636.995000,-0.481292
1636.996000,-0.453726
1636.997000,-0.397047
1636.998000,-0.364478
1636.999000,-0.423311
1637.000000,-0.369671
1637.001000,-0.259776
1637.002000,-0.405152
1637.003000,-0.389183
1637.004000,-0.314514
1637.005000,-0.351153
1637.006000,-0.247821
1637.007000,-0.375798
1637.008000,-0.211216
1637.009000,-0.215592
1637.010000,-0.027514
1637.011000,-0.045339
1637.012000,0.052677
1637.013000,0.111332
1637.014000,-0.159225
1637.015000,-0.137329
1637.016000,-0.158065
1637.017000,-0.098320
1637.018000,-0.135762
1637.019000,-0.104945
1637.020000,-0.092636
1637.021000,-0.037595
1637.022000,0.046566
1637.023000,0.036367
1637.024000,0.045124
1637.025000,-0.147750
1637.026000,-0.174493
1637.027000,-0.267993
1637.028000,-0.262297
1637.029000,-0.261327
1637.030000,-0.177709
1637.031000,-0.244413
1637.032000,-0.067289
1637.033000,0.078563
1637.034000,0.100388
1637.035000,-0.243858
1637.036000,-0.310566
1637.037000,-0.389760
1637.038000,-0.519913
1637.039000,-0.563971
1637.040000,-0.574851
1637.041000,-0.435586
1637.042000,-0.355656
1637.043000,-0.320553
1637.044000,-0.265628
1637.045000,-0.367344
1637.046000,-0.352692
1637.047000,-0.323196
1637.048000,-0.273907
1637.049000,-0.198864
1637.050000,-0.220968
1637.051000,-0.091873
1637.052000,0.031783
1637.053000,0.055076
1637.054000,-0.188210
1637.055000,-0.315724
1637.056000,-0.106890
1637.057000,0.055995
1637.058000,0.066079
1637.059000,-0.035686
1637.060000,-0.129736
1637.061000,-0.118875
1637.062000,-0.121027
1637.063000,0.050928
1637.064000,0.252022
1637.065000,0.274568
1637.066000,0.232087
1637.067000,0.292628
1637.068000,0.270027
1637.069000,0.340214
1637.070000,0.176785
1637.071000,0.132437
1637.072000,0.032237
1637.073000,0.146606
1637.074000,0.182920
1637.075000,0.110653
1637.076000,0.142568
1637.077000,0.099656
1637.078000,0.126653
1637.079000,0.100900
1637.080000,0.253482
1637.081000,0.148509
1637.082000,0.118388
1637.083000,0.044879
1637.084000,-0.201764
1637.085000,-0.070183
1637.086000,-0.036974
1637.087000,-0.081396
1637.088000,0.016104
1637.089000,0.240263
1637.090000,0.190995
1637.091000,0.079753
1637.092000,-0.013311
1637.093000,0.014556
1637.094000,-0.063082
1637.095000,-0.071567
1637.096000,-0.080510
1637.097000,-0.121955
1637.098000,-0.163217
1637.099000,-0.141761
1637.100000,-0.221945
1637.101000,-0.138528
1637.102000,-0.017115
1637.103000,0.278219
1637.104000,0.459884
1637.105000,0.423450
1637.106000,0.420445
1637.107000,0.471693
1637.108000,0.351003
1637.109000,0.315280
1637.110000,0.278319
1637.111000,0.265531
1637.112000,0.304229
1637.113000,0.393227
1637.114000,0.385432
1637.115000,0.174200
1637.116000,0.140468
1637.117000,0.079219
1637.118000,0.135201
1637.119000,0.081169
1637.120000,0.184809
1637.121000,0.047098
1637.122000,0.068927
1637.123000,0.075493
1637.124000,0.178272
1637.125000,0.202074
1637.126000,0.060171
1637.127000,0.199263
1637.128000,0.283293
1637.129000,0.253123
1637.130000,0.216951
1637.131000,-0.024958
1637.132000,0.063267
1637.133000,-0.080279
1637.134000,-0.092858
1637.135000,-0.058762
1637.136000,-0.098762
1637.137000,-0.096319
1637.138000,-0.054802
1637.139000,-0.078888
1637.140000,-0.021877
1637.141000,0.229740
1637.142000,0.316733
1637.143000,0.445893
1637.144000,0.424064
1637.145000,0.381801
1637.146000,0.120926
1637.147000,0.202541
1637.148000,0.329815
1637.149000,0.406138
1637.150000,0.471388
1637.151000,0.791752
1637.152000,0.751408
1637.153000,0.798548
1637.154000,0.910947
1637.155000,0.809080
1637.156000,0.749475
1637.157000,0.810419
1637.158000,0.610075
1637.159000,0.358018
1637.160000,0.408304
1637.161000,0.375507
1637.162000,0.287815
1637.163000,0.134374
1637.164000,0.074988
1637.165000,0.021085
1637.166000,-0.100421
1637.167000,-0.187246
1637.168000,-0.238493
1637.169000,-0.261475
1637.170000,-0.052706
1637.171000,-0.184738
1637.172000,-0.174543
1637.173000,-0.065798
1637.174000,-0.180042
1637.175000,-0.052490
1637.176000,-0.163828
1637.177000,-0.044833
1637.178000,-0.084153
1637.179000,-0.267528
1637.180000,-0.302282
1637.181000,-0.245220
1637.182000,-0.062424
1637.183000,-0.125791
1637.184000,-0.191964
1637.185000,-0.282383
1637.186000,-0.337578
1637.187000,-0.506236
1637.188000,-0.397444
1637.189000,-0.438402
1637.190000,-0.388651
1637.191000,-0.511312
1637.192000,-0.601662
1637.193000,-0.342192
1637.194000,-0.239465
1637.195000,-0.407503
1637.196000,-0.410966
1637.197000,-0.396397
1637.198000,-0.322029
1637.199000,-0.135218
1637.200000,-0.024515
1637.201000,-0.059997
1637.202000,0.019572
1637.203000,-0.099893
1637.204000,-0.130407
1637.205000,-0.081503
1637.206000,-0.066146
1637.207000,-0.061524
1637.208000,-0.111129
1637.209000,-0.060099
1637.210000,-0.140283
1637.211000,-0.118202
1637.212000,-0.110759
1637.213000,-0.105212
1637.214000,-0.136693
1637.215000,-0.160724
1637.216000,-0.166114
1637.217000,-0.072077
1637.218000,0.004923
1637.219000,0.031645
1637.220000,0.146856
1637.221000,0.201345
1637.222000,0.169657
1637.223000,0.042226
1637.224000,0.010189
1637.225000,-0.116159
1637.226000,-0.296279
1637.227000,-0.274655
1637.228000,-0.093559
1637.229000,0.068828
1637.230000,0.166264
1637.231000,0.028679
1637.232000,0.057537
1637.233000,0.038035
1637.234000,0.037935
1637.235000,-0.057305
1637.236000,-0.066551
1637.237000,-0.030843
1637.238000,0.088723
1637.239000,0.099076
1637.240000,-0.056444
1637.241000,-0.077983
1637.242000,-0.074309
1637.243000,0.079874
1637.244000,0.042865
1637.245000,-0.014453
1637.246000,0.016385
1637.247000,0.137541
1637.248000,0.133145
1637.249000,0.054701
1637.250000,0.241880
1637.251000,0.245430
1637.252000,0.464105
1637.253000,0.551450
1637.254000,0.566311
1637.255000,0.663037
1637.256000,0.751666
1637.257000,0.798707
1637.258000,0.926857
1637.259000,1.010847
1637.260000,0.872848
1637.261000,0.811423
1637.262000,0.859838
1637.263000,0.797792
1637.264000,0.703388
1637.265000,0.878088
1637.266000,0.883640
1637.267000,0.803107
1637.268000,0.770351
1637.269000,0.693808
1637.270000,0.596309
1637.271000,0.293466
1637.272000,0.361892
1637.273000,0.449449
1637.274000,0.473821
1637.275000,0.312295
1637.276000,0.253186
1637.277000,0.085996
1637.278000,0.052357
1637.279000,-0.065976
1637.280000,0.142503
1637.281000,0.172906
1637.282000,0.121789
1637.283000,0.178400
1637.284000,0.189069
1637.285000,0.168757
1637.286000,0.174191
1637.287000,0.019485
1637.288000,0.094998
1637.289000,0.136570
1637.290000,0.016575
1637.291000,0.014128
1637.292000,0.208979
1637.293000,0.306916
1637.294000,0.590191
1637.295000,0.668292
1637.296000,0.481819
1637.297000,0.395754
1637.298000,0.486627
1637.299000,0.569274
1637.300000,0.552617
1637.301000,0.554217
1637.302000,0.638334
1637.303000,0.691858
1637.304000,0.402177
1637.305000,0.435104
1637.306000,0.332511
1637.307000,0.268597
1637.308000,0.318455
1637.309000,0.203070
1637.310000,0.227075
1637.311000,0.227103
1637.312000,0.170830
1637.313000,0.125791
1637.314000,0.123378
1637.315000,0.169012
1637.316000,0.253422
1637.317000,0.192321
1637.318000,0.268162
1637.319000,0.283773
1637.320000,0.167580
1637.321000,0.291859
1637.322000,0.215178
1637.323000,0.298838
1637.324000,0.433445
1637.325000,0.401088
1637.326000,0.311341
1637.327000,0.064170
1637.328000,0.126390
1637.329000,0.157651
1637.330000,0.257945
1637.331000,0.105070
1637.332000,0.087837
1637.333000,-0.083124
1637.334000,-0.126816
1637.335000,-0.055757
1637.336000,-0.067935
1637.337000,-0.120484
1637.338000,-0.276722
1637.339000,-0.406835
1637.340000,-0.429563
1637.341000,-0.514770
1637.342000,-0.635071
1637.343000,-0.596203
1637.344000,-0.596588
1637.345000,-0.821946
1637.346000,-0.801524
1637.347000,-0.772664
1637.348000,-0.841703
1637.349000,-0.761936
1637.350000,-0.729653
1637.351000,-0.805357
1637.352000,-0.681267
1637.353000,-0.776132
1637.354000,-0.983349
1637.355000,-0.912641
1637.356000,-0.972488
1637.357000,-0.810066
1637.358000,-0.622622
1637.359000,-0.789443
1637.360000,-0.915684
1637.361000,-0.894890
1637.362000,-0.911655
1637.363000,-0.831686
1637.364000,-1.011509
1637.365000,-1.111625
1637.366000,-1.182968
1637.367000,-1.207283
1637.368000,-1.142634
1637.369000,-1.042282
1637.370000,-0.890260
1637.371000,-0.970719
1637.372000,-0.823160
1637.373000,-0.892345
1637.374000,-0.955781
1637.375000,-0.964374
1637.376000,-0.886186
1637.377000,-1.026471
1637.378000,-1.001669
1637.379000,-1.012238
1637.380000,-0.989271
1637.381000,-0.851913
1637.382000,-0.707176
1637.383000,-0.575242
1637.384000,-0.280654
1637.385000,-0.243633
1637.386000,-0.193034
1637.387000,-0.290031
1637.388000,-0.415845
1637.389000,-0.604407
1637.390000,-0.500793
1637.391000,-0.577374
1637.392000,-0.483907
1637.393000,-0.425435
1637.394000,-0.438225
1637.395000,-0.538012
1637.396000,-0.499080
1637.397000,-0.365772
1637.398000,-0.222485
1637.399000,-0.375530
1637.400000,-0.113876
1637.401000,-0.165638
1637.402000,-0.135039
1637.403000,-0.006630
1637.404000,-0.054760
1637.405000,-0.030268
1637.406000,0.061451
1637.407000,0.011152
1637.408000,0.121908
1637.409000,0.109352
1637.410000,0.277363
1637.411000,0.503580
1637.412000,0.568984
1637.413000,0.470151
1637.414000,0.529861
1637.415000,0.516882
1637.416000,0.467890
1637.417000,0.355941
1637.418000,0.156691
1637.419000,0.248535
1637.420000,0.164591
1637.421000,0.127266
1637.422000,0.260689
1637.423000,0.458653
1637.424000,0.393512
1637.425000,0.338211
1637.426000,0.258815
1637.427000,0.234333
1637.428000,0.404706
1637.429000,0.455998
1637.430000,0.535604
1637.431000,0.492166
1637.432000,0.479961
1637.433000,0.545410
1637.434000,0.586915
1637.435000,0.783364
1637.436000,0.805061
1637.437000,0.987745
1637.438000,1.062134
1637.439000,0.990604
1637.440000,0.963513
1637.441000,1.052904
1637.442000,0.782790
1637.443000,0.616867
1637.444000,0.719017
1637.445000,0.637929
1637.446000,0.558645
1637.447000,0.380943
1637.448000,0.314733
1637.449000,0.256049
1637.450000,0.384830
1637.451000,0.349023
1637.452000,0.667989
1637.453000,0.620489
1637.454000,0.581658
1637.455000,0.685094
1637.456000,0.632805
1637.457000,0.609105
1637.458000,0.574549
1637.459000,0.554740
1637.460000,0.584595
1637.461000,0.513585
1637.462000,0.381342
1637.463000,0.550429
1637.464000,0.584987
1637.465000,0.720330
1637.466000,0.780374
1637.467000,0.662742
1637.468000,0.657825
1637.469000,0.604068
1637.470000,0.588464
1637.471000,0.434786
1637.472000,0.394762
1637.473000,0.315533
1637.474000,0.471021
1637.475000,0.551483
1637.476000,0.559953
1637.477000,0.649005
1637.478000,0.382252
1637.479000,0.384029
1637.480000,0.395232
1637.481000,0.185798
1637.482000,0.148387
1637.483000,0.224416
1637.484000,0.197725
1637.485000,0.209368
1637.486000,0.227227
1637.487000,0.268494
1637.488000,-0.004097
1637.489000,0.139558
1637.490000,-0.036662
1637.491000,0.072842
1637.492000,0.102155
1637.493000,0.098540
1637.494000,0.052293
1637.495000,0.032995
1637.496000,-0.035691
1637.497000,-0.008411
1637.498000,-0.090024
1637.499000,-0.149414
1637.500000,-0.172071
1637.501000,-0.268625
1637.502000,-0.168701
1637.503000,-0.037721
1637.504000,-0.099572
1637.505000,-0.094025
1637.506000,-0.098789
1637.507000,-0.159227
1637.508000,-0.189204
1637.509000,-0.008621
1637.510000,-0.159632
1637.511000,-0.032580
1637.512000,0.036927
1637.513000,0.207864
1637.514000,0.339782
1637.515000,0.391043
1637.516000,0.386931
1637.517000,0.287052
1637.518000,0.381115
1637.519000,0.357549
1637.520000,0.313287
1637.521000,0.296465
1637.522000,0.501798
1637.523000,0.468865
1637.524000,0.520325
1637.525000,0.679952
1637.526000,0.658551
1637.527000,0.688140
1637.528000,0.597451
1637.529000,0.371288
1637.530000,0.300834
1637.531000,0.349912
1637.532000,0.215128
1637.533000,0.209937
1637.534000,0.230437
1637.535000,0.343299
1637.536000,0.584460
1637.537000,0.489711
1637.538000,0.501982
1637.539000,0.570642
1637.540000,0.475201
1637.541000,0.186091
1637.542000,0.209928
1637.543000,0.225160
1637.544000,0.002503
1637.545000,-0.225902
1637.546000,-0.276076
1637.547000,-0.320919
1637.548000,-0.355503
1637.549000,-0.290975
1637.550000,-0.379796
1637.551000,-0.357941
1637.552000,-0.288293
1637.553000,-0.323467
1637.554000,-0.256004
1637.555000,-0.331444
1637.556000,-0.299117
1637.557000,-0.376143
1637.558000,-0.407864
1637.559000,-0.615072
1637.560000,-0.641285
1637.561000,-0.658693
1637.562000,-0.835698
1637.563000,-0.838740
1637.564000,-0.791881
1637.565000,-0.734715
1637.566000,-0.779278
1637.567000,-0.740565
1637.568000,-0.738471
1637.569000,-0.765123
1637.570000,-0.725790
1637.571000,-0.712718
1637.572000,-0.804102
1637.573000,-0.977013
1637.574000,-1.031178
1637.575000,-1.020564
1637.576000,-0.945532
1637.577000,-0.845069
1637.578000,-0.988136
1637.579000,-0.879493
1637.580000,-0.974662
1637.581000,-1.012297
1637.582000,-1.173529
1637.583000,-1.076320
1637.584000,-0.916839
1637.585000,-0.925434
1637.586000,-0.839789
1637.587000,-0.626819
1637.588000,-0.545438
1637.589000,-0.561399
1637.590000,-0.746477
1637.591000,-0.692031
1637.592000,-0.700052
1637.593000,-0.779347
1637.594000,-0.892678
1637.595000,-0.947819
1637.596000,-0.895643
1637.597000,-0.789115
1637.598000,-0.791125
1637.599000,-0.780996
1637.600000,-0.771406
1637.601000,-0.777054
1637.602000,-0.704017
1637.603000,-0.689937
1637.604000,-0.542657
1637.605000,-0.514441
1637.606000,-0.645285
1637.607000,-0.683083
1637.608000,-0.642096
1637.609000,-0.726308
1637.610000,-0.546368
1637.611000,-0.552198
1637.612000,-0.613517
1637.613000,-0.605641
1637.614000,-0.711110
1637.615000,-0.624293
1637.616000,-0.618601
1637.617000,-0.776175
1637.618000,-0.619407
1637.619000,-0.902746
1637.620000,-0.855266
1637.621000,-0.947881
1637.622000,-0.942906
1637.623000,-0.835980
1637.624000,-0.823657
1637.625000,-0.834466
1637.626000,-1.016542
1637.627000,-1.073053
1637.628000,-1.112922
1637.629000,-1.089928
1637.630000,-0.998009
1637.631000,-0.907919
1637.632000,-0.894736
1637.633000,-0.937864
1637.634000,-0.829215
1637.635000,-0.777766
1637.636000,-0.832115
1637.637000,-0.723917
1637.638000,-0.813191
1637.639000,-0.742777
1637.640000,-0.606159
1637.641000,-0.357777
1637.642000,-0.268899
1637.643000,-0.120039
1637.644000,-0.004921
1637.645000,0.170862
1637.646000,0.217549
1637.647000,0.239754
1637.648000,0.108040
1637.649000,-0.076941
1637.650000,-0.012062
1637.651000,0.004138
1637.652000,-0.042305
1637.653000,-0.012771
1637.654000,-0.044778
1637.655000,-0.119229
1637.656000,-0.106765
1637.657000,-0.073640
1637.658000,-0.013332
1637.659000,0.171943
1637.660000,0.168388
1637.661000,0.276315
1637.662000,0.535112
1637.663000,0.465978
1637.664000,0.554589
1637.665000,0.581043
1637.666000,0.641269
1637.667000,0.437672
1637.668000,0.411272
1637.669000,0.499824
1637.670000,0.563803
1637.671000,0.420516
1637.672000,0.310589
1637.673000,0.383457
1637.674000,0.373524
1637.675000,0.360201
1637.676000,0.356325
1637.677000,0.153931
1637.678000,0.201958
1637.679000,0.362234
1637.680000,0.337431
1637.681000,0.312166
1637.682000,0.345129
1637.683000,0.527859
1637.684000,0.463641
1637.685000,0.587004
1637.686000,0.593094
1637.687000,0.713274
1637.688000,0.690181
1637.689000,0.657716
1637.690000,0.614349
1637.691000,0.714413
1637.692000,0.578543
1637.693000,0.521497
1637.694000,0.579007
1637.695000,0.606481
1637.696000,0.568260
1637.697000,0.618166
1637.698000,0.752679
1637.699000,0.797285
1637.700000,0.680158
1637.701000,0.908076
1637.702000,0.891519
1637.703000,0.937798
1637.704000,1.032473
1637.705000,1.010444
1637.706000,0.918253
1637.707000,0.918612
1637.708000,0.888220
1637.709000,0.800809
1637.710000,0.714519
1637.711000,0.544770
1637.712000,0.606089
1637.713000,0.456135
1637.714000,0.306430
1637.715000,0.211175
1637.716000,0.437235
1637.717000,0.395263
1637.718000,0.330786
1637.719000,0.434303
1637.720000,0.340084
1637.721000,0.411481
1637.722000,0.331644
1637.723000,0.295122
1637.724000,0.234128
1637.725000,0.193934
1637.726000,0.076392
1637.727000,0.107101
1637.728000,-0.005928
1637.729000,0.050984
1637.730000,0.098589
1637.731000,0.111548
1637.732000,0.189104
1637.733000,0.341495
1637.734000,0.223895
1637.735000,0.256117
1637.736000,0.350986
1637.737000,0.325083
1637.738000,0.366780
1637.739000,0.585916
1637.740000,0.725164
1637.741000,0.723705
1637.742000,0.753733
1637.743000,0.740909
1637.744000,0.543804
1637.745000,0.392272
1637.746000,0.487775
1637.747000,0.429556
1637.748000,0.548505
1637.749000,0.479268
1637.750000,0.480969
1637.751000,0.436846
1637.752000,0.421849
1637.753000,0.528653
1637.754000,0.606807
1637.755000,0.613720
1637.756000,0.575262
1637.757000,0.694327
1637.758000,0.593397
1637.759000,0.570808
1637.760000,0.519244
1637.761000,0.489400
1637.762000,0.397996
1637.763000,0.430582
1637.764000,0.440886
1637.765000,0.431346
1637.766000,0.554584
1637.767000,0.410284
1637.768000,0.197246
1637.769000,0.241017
1637.770000,0.377101
1637.771000,0.326037
1637.772000,0.440726
1637.773000,0.317306
1637.774000,0.244408
1637.775000,0.352294
1637.776000,0.570480
1637.777000,0.525470
1637.778000,0.458650
1637.779000,0.507176
1637.780000,0.627194
1637.781000,0.562110
1637.782000,0.580339
1637.783000,0.572389
1637.784000,0.448290
1637.785000,0.476849
1637.786000,0.318592
1637.787000,0.217491
1637.788000,0.212894
1637.789000,0.201617
1637.790000,0.299882
1637.791000,0.207823
1637.792000,0.215569
1637.793000,0.325000
1637.794000,0.187862
1637.795000,0.308135
1637.796000,0.093165
1637.797000,0.161996
1637.798000,0.211840
1637.799000,0.100991
1637.800000,0.095336
1637.801000,0.064447
1637.802000,0.027672
1637.803000,0.125982
1637.804000,0.012597
1637.805000,-0.011186
1637.806000,0.055214
1637.807000,-0.000744
1637.808000,-0.107159
1637.809000,-0.221966
1637.810000,-0.205569
1637.811000,-0.333705
1637.812000,-0.365060
1637.813000,-0.340077
1637.814000,-0.376526
1637.815000,-0.415473
1637.816000,-0.516124
1637.817000,-0.442134
1637.818000,-0.369828
1637.819000,-0.358302
1637.820000,-0.451519
1637.821000,-0.636650
1637.822000,-0.618154
1637.823000,-0.476989
1637.824000,-0.447790
1637.825000,-0.558633
1637.826000,-0.596141
1637.827000,-0.789987
1637.828000,-0.863320
1637.829000,-0.941368
1637.830000,-0.994379
1637.831000,-1.095407
1637.832000,-1.023396
1637.833000,-1.033188
1637.834000,-1.062308
1637.835000,-0.911330
1637.836000,-0.856558
1637.837000,-0.862411
1637.838000,-0.834139
1637.839000,-0.878224
1637.840000,-0.789870
1637.841000,-0.638303
1637.842000,-0.532844
1637.843000,-0.683100
1637.844000,-0.721969
1637.845000,-0.615975
1637.846000,-0.560978
1637.847000,-0.448391
1637.848000,-0.437527
1637.849000,-0.557778
1637.850000,-0.519456
1637.851000,-0.495724
1637.852000,-0.322755
1637.853000,-0.331338
1637.854000,-0.168132
1637.855000,-0.008166
1637.856000,-0.125033
1637.857000,-0.025264
1637.858000,-0.160787
1637.859000,-0.365667
1637.860000,-0.281974
1637.861000,-0.240977
1637.862000,-0.181635
1637.863000,-0.035567
1637.864000,-0.244838
1637.865000,-0.138239
1637.866000,-0.297347
1637.867000,-0.158675
1637.868000,-0.256770
1637.869000,-0.057441
1637.870000,0.065826
1637.871000,0.119346
1637.872000,0.013899
1637.873000,0.039041
1637.874000,0.035198
1637.875000,-0.057519
1637.876000,-0.006701
1637.877000,0.023795
1637.878000,0.021234
1637.879000,-0.083952
1637.880000,-0.024762
1637.881000,-0.091696
1637.882000,-0.116373
1637.883000,-0.210555
1637.884000,-0.232237
1637.885000,-0.295300
1637.886000,-0.206745
1637.887000,-0.131406
1637.888000,-0.305001
1637.889000,-0.289704
1637.890000,-0.257325
1637.891000,-0.284152
1637.892000,-0.087108
1637.893000,-0.032690
1637.894000,0.077737
1637.895000,0.184359
1637.896000,0.169497
1637.897000,0.059294
1637.898000,0.041517
1637.899000,0.143257
1637.900000,0.120249
1637.901000,0.162854
1637.902000,0.360108
1637.903000,0.226784
1637.904000,0.100425
1637.905000,0.306800
1637.906000,0.554627
1637.907000,0.585378
1637.908000,0.716243
1637.909000,0.834939
1637.910000,0.940403
1637.911000,1.036061
1637.912000,1.080222
1637.913000,0.899184
1637.914000,0.833872
1637.915000,0.884903
1637.916000,0.871242
1637.917000,0.825630
1637.918000,0.889464
1637.919000,0.686320
1637.920000,0.849451
1637.921000,0.945969
1637.922000,0.856051
1637.923000,0.704405
1637.924000,0.708190
1637.925000,0.699656
1637.926000,0.705119
1637.927000,0.859041
1637.928000,0.950130
1637.929000,1.064598
1637.930000,1.139314
1637.931000,1.086292
1637.932000,1.260153
1637.933000,1.375138
1637.934000,1.285971
1637.935000,1.235012
1637.936000,1.018582
1637.937000,0.939967
1637.938000,0.807486
1637.939000,0.788115
1637.940000,0.895027
1637.941000,0.713576
1637.942000,0.790247
1637.943000,0.743122
1637.944000,0.648075
1637.945000,0.531704
1637.946000,0.537448
1637.947000,0.510403
1637.948000,0.319133
1637.949000,0.269625
1637.950000,0.157214
1637.951000,0.220226
1637.952000,0.320008
1637.953000,0.371353
1637.954000,0.384178
1637.955000,0.274792
1637.956000,0.164357
1637.957000,0.123051
1637.958000,0.106129
1637.959000,0.078384
1637.960000,0.237287
1637.961000,0.352559
1637.962000,0.355498
1637.963000,0.303855
1637.964000,0.129462
1637.965000,0.228615
1637.966000,0.146678
1637.967000,0.097437
1637.968000,0.098165
1637.969000,-0.028256
1637.970000,-0.227311
1637.971000,-0.207592
1637.972000,-0.171223
1637.973000,-0.066240
1637.974000,0.022817
1637.975000,-0.046947
1637.976000,0.059113
1637.977000,0.084976
1637.978000,-0.003957
1637.979000,0.004656
1637.980000,-0.079980
1637.981000,-0.103173
1637.982000,-0.163405
1637.983000,-0.303972
1637.984000,-0.292827
1637.985000,-0.256220
1637.986000,-0.445413
1637.987000,-0.485329
1637.988000,-0.485232
1637.989000,-0.561466
1637.990000,-0.624155
1637.991000,-0.707049
1637.992000,-0.669947
1637.993000,-0.529160
1637.994000,-0.619893
1637.995000,-0.472548
1637.996000,-0.597199
1637.997000,-0.668331
1637.998000,-0.612146
1637.999000,-0.597145
1638.000000,-0.537248
1638.001000,-0.446060
1638.002000,-0.535955
1638.003000,-0.687830
1638.004000,-0.607220
1638.005000,-0.602011
1638.006000,-0.454805
1638.007000,-0.661509
1638.008000,-0.532347
1638.009000,-0.647474
1638.010000,-0.543787
1638.011000,-0.649811
1638.012000,-0.620643
1638.013000,-0.601867
1638.014000,-0.534540
1638.015000,-0.610569
1638.016000,-0.436967
1638.017000,-0.397566
1638.018000,-0.478989
1638.019000,-0.467024
1638.020000,-0.474858
1638.021000,-0.374627
1638.022000,-0.306121
1638.023000,-0.308846
1638.024000,-0.341826
1638.025000,-0.288032
1638.026000,-0.294015
1638.027000,-0.284180
1638.028000,-0.141337
1638.029000,-0.017303
1638.030000,0.120423
1638.031000,0.123219
1638.032000,0.032043
1638.033000,-0.197435
1638.034000,-0.179102
1638.035000,-0.193141
1638.036000,-0.306829
1638.037000,-0.279608
1638.038000,-0.295201
1638.039000,-0.091280
1638.040000,-0.070415
1638.041000,0.009382
1638.042000,0.105705
1638.043000,-0.089185
1638.044000,0.023165
1638.045000,-0.003953
1638.046000,-0.132878
1638.047000,-0.087091
1638.048000,-0.102639
1638.049000,-0.031471
1638.050000,-0.006653
1638.051000,0.022727
1638.052000,-0.174088
1638.053000,-0.240624
1638.054000,-0.205261
1638.055000,-0.137153
1638.056000,-0.172988
1638.057000,-0.218062
1638.058000,-0.245080
1638.059000,-0.198553
1638.060000,-0.083769
1638.061000,-0.179575
1638.062000,-0.158431
1638.063000,-0.066814
1638.064000,-0.159408
1638.065000,-0.219348
1638.066000,-0.094601
1638.067000,-0.110570
1638.068000,-0.040829
1638.069000,0.100322
1638.070000,-0.000270
1638.071000,-0.152201
1638.072000,-0.212615
1638.073000,-0.210045
1638.074000,-0.345423
1638.075000,-0.438211
1638.076000,-0.371817
1638.077000,-0.335432
1638.078000,-0.353488
1638.079000,-0.334599
1638.080000,-0.477522
1638.081000,-0.382927
1638.082000,-0.500124
1638.083000,-0.527083
1638.084000,-0.597924
1638.085000,-0.632176
1638.086000,-0.476954
1638.087000,-0.466792
1638.088000,-0.608350
1638.089000,-0.608155
1638.090000,-0.549575
1638.091000,-0.458672
1638.092000,-0.483920
1638.093000,-0.340331
1638.094000,-0.243200
1638.095000,-0.272944
1638.096000,0.100350
1638.097000,-0.026784
1638.098000,0.160163
1638.099000,0.051207
1638.100000,0.095803
1638.101000,-0.060093
1638.102000,-0.198601
1638.103000,-0.200031
1638.104000,-0.141669
1638.105000,-0.124202
1638.106000,-0.084329
1638.107000,-0.115019
1638.108000,-0.051586
1638.109000,-0.077288
1638.110000,0.040717
1638.111000,-0.049551
1638.112000,0.031870
1638.113000,0.063879
1638.114000,0.043815
1638.115000,0.090558
1638.116000,0.024108
1638.117000,-0.170902
1638.118000,-0.126627
1638.119000,-0.263853
1638.120000,-0.133267
1638.121000,0.013218
1638.122000,-0.143659
1638.123000,-0.032397
1638.124000,-0.011530
1638.125000,-0.080238
1638.126000,-0.092453
1638.127000,-0.053429
1638.128000,-0.151259
1638.129000,-0.119443
1638.130000,-0.035263
1638.131000,0.112370
1638.132000,0.099125
1638.133000,0.079599
1638.134000,0.106695
1638.135000,0.252910
1638.136000,0.122357
1638.137000,0.111094
1638.138000,0.035316
1638.139000,0.043536
1638.140000,0.113838
1638.141000,0.010741
1638.142000,-0.077902
1638.143000,-0.224383
1638.144000,-0.242118
1638.145000,-0.029919
1638.146000,0.022407
1638.147000,-0.029724
1638.148000,0.036109
1638.149000,0.002102
1638.150000,0.091267
1638.151000,-0.009278
1638.152000,-0.075673
1638.153000,-0.230239
1638.154000,-0.299259
1638.155000,-0.349584
1638.156000,-0.296553
1638.157000,-0.467988
1638.158000,-0.532613
1638.159000,-0.556768
1638.160000,-0.674663
1638.161000,-0.442075
1638.162000,-0.308989
1638.163000,-0.126840
1638.164000,-0.061736
1638.165000,-0.096163
1638.166000,-0.084627
1638.167000,-0.037471
1638.168000,-0.017116
1638.169000,-0.237589
1638.170000,-0.184717
1638.171000,-0.145539
1638.172000,0.033562
1638.173000,0.045773
1638.174000,0.093909
1638.175000,0.254775
1638.176000,0.373393
1638.177000,0.320592
1638.178000,0.318050
1638.179000,0.413828
1638.180000,0.368383
1638.181000,0.402718
1638.182000,0.471906
1638.183000,0.600354
1638.184000,0.604239
1638.185000,0.469126
1638.186000,0.445310
1638.187000,0.603501
1638.188000,0.868659
1638.189000,0.923317
1638.190000,0.825490
1638.191000,0.798582
1638.192000,0.824345
1638.193000,0.630159
1638.194000,0.624056
1638.195000,0.510189
1638.196000,0.617693
1638.197000,0.586761
1638.198000,0.595374
1638.199000,0.629346
1638.200000,0.694029
1638.201000,0.831058
1638.202000,1.024132
1638.203000,1.054382
1638.204000,0.942112
1638.205000,0.811467
1638.206000,0.708405
1638.207000,0.716734
1638.208000,0.673639
1638.209000,0.667836
1638.210000,0.565951
1638.211000,0.563324
1638.212000,0.506717
1638.213000,0.396943
1638.214000,0.382604
1638.215000,0.412612
1638.216000,0.288647
1638.217000,0.536444
1638.218000,0.406956
1638.219000,0.432287
1638.220000,0.549221
1638.221000,0.655153
1638.222000,0.550715
1638.223000,0.652116
1638.224000,0.455131
1638.225000,0.491483
1638.226000,0.462000
1638.227000,0.309525
1638.228000,0.176076
1638.229000,0.016992
1638.230000,-0.044280
1638.231000,-0.102401
1638.232000,-0.102801
1638.233000,-0.187067
1638.234000,-0.083667
1638.235000,-0.087835
1638.236000,-0.095320
1638.237000,0.023732
1638.238000,0.129473
1638.239000,-0.137678
1638.240000,-0.027153
1638.241000,0.084431
1638.242000,0.029401
1638.243000,-0.091424
1638.244000,0.000495
1638.245000,-0.019643
1638.246000,-0.036201
1638.247000,0.069032
1638.248000,0.132048
1638.249000,0.176047
1638.250000,0.272237
1638.251000,0.383684
1638.252000,0.402610
1638.253000,0.252815
1638.254000,0.185105
1638.255000,0.171558
1638.256000,0.133662
1638.257000,0.111857
1638.258000,-0.061720
1638.259000,-0.278160
1638.260000,-0.225058
1638.261000,-0.091680
1638.262000,-0.123085
1638.263000,-0.169955
1638.264000,-0.190513
1638.265000,-0.258896
1638.266000,-0.356871
1638.267000,-0.386611
1638.268000,-0.577400
1638.269000,-0.553491
1638.270000,-0.448857
1638.271000,-0.660973
1638.272000,-0.541780
1638.273000,-0.669741
1638.274000,-0.600358
1638.275000,-0.701279
1638.276000,-0.736918
1638.277000,-0.743385
1638.278000,-0.602527
1638.279000,-0.559543
1638.280000,-0.660243
1638.281000,-0.692374
1638.282000,-0.642523
1638.283000,-0.506804
1638.284000,-0.730271
1638.285000,-0.727427
1638.286000,-0.675451
1638.287000,-0.670548
1638.288000,-0.577767
1638.289000,-0.637134
1638.290000,-0.550670
1638.291000,-0.560264
1638.292000,-0.631557
1638.293000,-0.563577
1638.294000,-0.646212
1638.295000,-0.679144
1638.296000,-0.785709
1638.297000,-0.751952
1638.298000,-0.989418
1638.299000,-0.882421
1638.300000,-0.851900
1638.301000,-0.792129
1638.302000,-0.896023
1638.303000,-1.053820
1638.304000,-1.090192
1638.305000,-1.062229
1638.306000,-0.962868
1638.307000,-0.901511
1638.308000,-0.871251
1638.309000,-0.982152
1638.310000,-1.031701
1638.311000,-1.026792
1638.312000,-0.858038
1638.313000,-0.718814
1638.314000,-0.615082
1638.315000,-0.617677
1638.316000,-0.752433
1638.317000,-0.661171
1638.318000,-0.688967
1638.319000,-0.740086
1638.320000,-0.604343
1638.321000,-0.643406
1638.322000,-0.619100
1638.323000,-0.573082
1638.324000,-0.544682
1638.325000,-0.424580
1638.326000,-0.329874
1638.327000,-0.243379
1638.328000,-0.377220
1638.329000,-0.265998
1638.330000,-0.360610
1638.331000,-0.219964
1638.332000,-0.260773
1638.333000,-0.215428
1638.334000,-0.286127
1638.335000,-0.190610
1638.336000,-0.464354
1638.337000,-0.432121
1638.338000,-0.345803
1638.339000,-0.279082
1638.340000,-0.190024
1638.341000,-0.283247
1638.342000,-0.185818
1638.343000,-0.277816
1638.344000,-0.228177
1638.345000,-0.235314
1638.346000,-0.162256
1638.347000,-0.218909
1638.348000,-0.159336
1638.349000,-0.250220
1638.350000,-0.119241
1638.351000,-0.260188
1638.352000,-0.153475
1638.353000,-0.137848
1638.354000,-0.020445
1638.355000,-0.028065
1638.356000,-0.138775
1638.357000,-0.292025
1638.358000,-0.542719
1638.359000,-0.499076
1638.360000,-0.389870
1638.361000,-0.307903
1638.362000,-0.237029
1638.363000,-0.276907
1638.364000,-0.186051
1638.365000,-0.194318
1638.366000,-0.189289
1638.367000,-0.086479
1638.368000,-0.163569
1638.369000,-0.128230
1638.370000,0.112458
1638.371000,0.190210
1638.372000,0.171784
1638.373000,0.126279
1638.374000,0.087579
1638.375000,0.044566
1638.376000,-0.115217
1638.377000,-0.168234
1638.378000,-0.160776
1638.379000,-0.046717
1638.380000,0.180111
1638.381000,0.043338
1638.382000,-0.079653
1638.383000,-0.118891
1638.384000,-0.123284
1638.385000,-0.259220
1638.386000,-0.259934
1638.387000,-0.322967
1638.388000,-0.107972
1638.389000,-0.155707
1638.390000,-0.150587
1638.391000,-0.264422
1638.392000,-0.351010
1638.393000,-0.385999
1638.394000,-0.312739
1638.395000,-0.341949
1638.396000,-0.366970
1638.397000,-0.508168
1638.398000,-0.406215
1638.399000,-0.265452
1638.400000,-0.365982
1638.401000,-0.331419
1638.402000,-0.400729
1638.403000,-0.321090
1638.404000,-0.268615
1638.405000,-0.088874
1638.406000,0.113064
1638.407000,0.233750
1638.408000,0.248243
1638.409000,0.048169
1638.410000,0.155108
1638.411000,0.024818
1638.412000,0.275771
1638.413000,0.285757
1638.414000,0.160783
1638.415000,0.233169
1638.416000,0.295962
1638.417000,0.347276
1638.418000,0.148809
1638.419000,0.152417
1638.420000,0.234072
1638.421000,0.308679
1638.422000,0.174667
1638.423000,0.042680
1638.424000,0.213182
1638.425000,0.333167
1638.426000,0.270073
1638.427000,0.358135
1638.428000,0.176119
1638.429000,0.207996
1638.430000,0.294929
1638.431000,0.387553
1638.432000,0.315961
1638.433000,0.462492
1638.434000,0.329325
1638.435000,0.411208
1638.436000,0.267228
1638.437000,0.383496
1638.438000,0.292147
1638.439000,0.330742
1638.440000,0.352065
1638.441000,0.281716
1638.442000,0.380099
1638.443000,0.494845
1638.444000,0.624092
1638.445000,0.643926
1638.446000,0.540606
1638.447000,0.469444
1638.448000,0.516103
1638.449000,0.441629
1638.450000,0.463077
1638.451000,0.541708
1638.452000,0.572138
1638.453000,0.611693
1638.454000,0.671006
1638.455000,0.548932
1638.456000,0.419341
1638.457000,0.438668
1638.458000,0.381093
1638.459000,0.239784
1638.460000,0.321572
1638.461000,0.222883
1638.462000,0.370518
1638.463000,0.389569
1638.464000,0.322295
1638.465000,0.285887
1638.466000,0.430490
1638.467000,0.449584
1638.468000,0.338542
1638.469000,0.322644
1638.470000,0.307549
1638.471000,0.361906
1638.472000,0.415744
1638.473000,0.443873
1638.474000,0.328890
1638.475000,0.360785
1638.476000,0.295485
1638.477000,0.394394
1638.478000,0.351374
1638.479000,0.264129
1638.480000,0.250876
1638.481000,0.311185
1638.482000,0.327324
1638.483000,0.271704
1638.484000,0.295242
1638.485000,0.397154
1638.486000,0.257273
1638.487000,0.466274
1638.488000,0.462012
1638.489000,0.483959
1638.490000,0.510754
1638.491000,0.529330
1638.492000,0.322778
1638.493000,0.383314
1638.494000,0.315568
1638.495000,0.405714
1638.496000,0.357118
1638.497000,0.303382
1638.498000,0.231641
1638.499000,0.367853
1638.500000,0.410996
1638.501000,0.328522
1638.502000,0.334836
1638.503000,0.165089
1638.504000,0.401261
1638.505000,0.536442
1638.506000,0.409736
1638.507000,0.395727
1638.508000,0.362326
1638.509000,0.417653
1638.510000,0.244948
1638.511000,0.429560
1638.512000,0.351468
1638.513000,0.393178
1638.514000,0.288830
1638.515000,0.234513
1638.516000,0.259910
1638.517000,0.217590
1638.518000,0.336420
1638.519000,0.268358
1638.520000,0.135345
1638.521000,0.068174
1638.522000,0.166957
1638.523000,0.141586
1638.524000,0.184745
1638.525000,0.231823
1638.526000,0.223787
1638.527000,0.339764
1638.528000,0.360880
1638.529000,0.417389
1638.530000,0.268513
1638.531000,0.212732
1638.532000,0.348464
1638.533000,0.408046
1638.534000,0.550683
1638.535000,0.621443
1638.536000,0.507001
1638.537000,0.415014
1638.538000,0.292693
1638.539000,0.307322
1638.540000,0.361971
1638.541000,0.365085
1638.542000,0.294275
1638.543000,0.290686
1638.544000,0.294784
1638.545000,0.258554
1638.546000,0.074431
1638.547000,0.005567
1638.548000,-0.071352
1638.549000,0.078789
1638.550000,0.181773
1638.551000,0.038406
1638.552000,0.010358
1638.553000,-0.048744
1638.554000,-0.035481
1638.555000,0.064797
1638.556000,0.019387
1638.557000,0.001829
1638.558000,0.132639
1638.559000,-0.094299
1638.560000,-0.135838
1638.561000,-0.143791
1638.562000,0.016859
1638.563000,-0.164607
1638.564000,-0.019667
1638.565000,-0.183950
1638.566000,-0.195014
1638.567000,-0.088033
1638.568000,-0.168386
1638.569000,-0.211755
1638.570000,-0.016583
1638.571000,0.031885
1638.572000,0.117827
1638.573000,0.263168
1638.574000,0.299257
1638.575000,0.282145
1638.576000,0.127877
1638.577000,0.162151
1638.578000,-0.034293
1638.579000,-0.135521
1638.580000,-0.076461
1638.581000,-0.146338
1638.582000,-0.235246
1638.583000,-0.309632
1638.584000,-0.007865
1638.585000,-0.207282
1638.586000,-0.011548
1638.587000,-0.137855
1638.588000,-0.106811
1638.589000,-0.318106
1638.590000,-0.240814
1638.591000,-0.220421
1638.592000,-0.233411
1638.593000,0.007823
1638.594000,0.100412
1638.595000,0.305500
1638.596000,0.393654
1638.597000,0.362819
1638.598000,0.388220
1638.599000,0.359637
1638.600000,0.181745
1638.601000,0.274112
1638.602000,0.245807
1638.603000,-0.044122
1638.604000,0.048737
1638.605000,0.082355
1638.606000,0.091998
1638.607000,-0.032407
1638.608000,0.118812
1638.609000,0.286205
1638.610000,0.332920
1638.611000,0.214238
1638.612000,0.143183
1638.613000,0.169367
1638.614000,0.000677
1638.615000,0.034716
1638.616000,0.020792
1638.617000,0.160141
1638.618000,0.239950
1638.619000,0.085210
1638.620000,0.167427
1638.621000,0.139002
1638.622000,0.033203
1638.623000,-0.085990
1638.624000,-0.094944
1638.625000,-0.262694
1638.626000,-0.274661
1638.627000,-0.315907
1638.628000,-0.410380
1638.629000,-0.443817
1638.630000,-0.556784
1638.631000,-0.511409
1638.632000,-0.414326
1638.633000,-0.279550
1638.634000,-0.162652
1638.635000,-0.049603
1638.636000,-0.019419
1638.637000,-0.045960
1638.638000,0.050616
1638.639000,0.228859
1638.640000,0.131958
1638.641000,0.091736
1638.642000,0.043388
1638.643000,0.082299
1638.644000,-0.019104
1638.645000,-0.035794
1638.646000,-0.172312
1638.647000,-0.196759
1638.648000,-0.129140
1638.649000,-0.087326
1638.650000,-0.088483
1638.651000,-0.050316
1638.652000,0.205201
1638.653000,0.119721
1638.654000,0.227609
1638.655000,0.291337
1638.656000,0.287663
1638.657000,0.205617
1638.658000,0.309327
1638.659000,0.236024
1638.660000,0.135072
1638.661000,-0.048472
1638.662000,0.010514
1638.663000,0.108455
1638.664000,0.270425
1638.665000,0.390337
1638.666000,0.477571
1638.667000,0.680701
1638.668000,0.586024
1638.669000,0.553416
1638.670000,0.537149
1638.671000,0.387764
1638.672000,0.275641
1638.673000,0.273952
1638.674000,0.177547
1638.675000,0.288474
1638.676000,0.232443
1638.677000,0.206489
1638.678000,0.073229
1638.679000,0.107239
1638.680000,-0.047456
1638.681000,-0.045365
1638.682000,-0.078466
1638.683000,0.111845
1638.684000,-0.101495
1638.685000,-0.123121
1638.686000,-0.085031
1638.687000,-0.197657
1638.688000,-0.185350
1638.689000,-0.114336
1638.690000,-0.187061
1638.691000,0.016482
1638.692000,-0.024617
1638.693000,-0.028454
1638.694000,-0.032070
1638.695000,-0.019893
1638.696000,-0.186457
1638.697000,-0.235052
1638.698000,-0.286835
1638.699000,-0.199971
1638.700000,-0.355298
1638.701000,-0.133089
1638.702000,-0.034288
1638.703000,0.005199
1638.704000,-0.031031
1638.705000,-0.187714
1638.706000,-0.154837
1638.707000,-0.063531
1638.708000,-0.058124
1638.709000,-0.076287
1638.710000,-0.088367
1638.711000,-0.166112
1638.712000,-0.044590
1638.713000,0.013312
1638.714000,0.005839
1638.715000,0.075757
1638.716000,0.116609
1638.717000,0.044512
1638.718000,-0.071702
1638.719000,-0.101894
1638.720000,-0.191762
1638.721000,-0.311132
1638.722000,-0.350184
1638.723000,-0.331251
1638.724000,-0.219183
1638.725000,-0.336406
1638.726000,-0.327507
1638.727000,-0.377164
1638.728000,-0.210937
1638.729000,-0.268888
1638.730000,-0.195812
1638.731000,-0.333816
1638.732000,-0.378276
1638.733000,-0.277751
1638.734000,-0.300193
1638.735000,-0.438150
1638.736000,-0.297065
1638.737000,-0.201473
1638.738000,-0.270638
1638.739000,-0.323745
1638.740000,-0.228969
1638.741000,-0.108610
1638.742000,-0.108381
1638.743000,0.016584
1638.744000,-0.255961
1638.745000,-0.149608
1638.746000,-0.160583
1638.747000,-0.043310
1638.748000,-0.201676
1638.749000,-0.114662
1638.750000,-0.115452
1638.751000,-0.081237
1638.752000,-0.090153
1638.753000,-0.069692
1638.754000,-0.215968
1638.755000,-0.084654
1638.756000,0.133543
1638.757000,0.170424
1638.758000,0.226157
1638.759000,0.175090
1638.760000,0.296660
1638.761000,0.305364
1638.762000,0.339833
1638.763000,0.411458
1638.764000,0.610967
1638.765000,0.548252
1638.766000,0.558229
1638.767000,0.534167
1638.768000,0.604262
1638.769000,0.485591
1638.770000,0.353517
1638.771000,0.297400
1638.772000,0.140588
1638.773000,0.235867
1638.774000,0.256787
1638.775000,0.405397
1638.776000,0.413223
1638.777000,0.415669
1638.778000,0.224736
1638.779000,0.155298
1638.780000,-0.002095
1638.781000,-0.067516
1638.782000,-0.031044
1638.783000,-0.211208
1638.784000,-0.239729
1638.785000,-0.175792
1638.786000,-0.230255
1638.787000,-0.267831
1638.788000,-0.245402
1638.789000,-0.259325
1638.790000,-0.270674
1638.791000,-0.329804
1638.792000,-0.349676
1638.793000,-0.289721
1638.794000,-0.201417
1638.795000,-0.128798
1638.796000,-0.196853
1638.797000,-0.126038
1638.798000,-0.032131
1638.799000,-0.017981
1638.800000,-0.121979
1638.801000,-0.207060
1638.802000,0.053432
1638.803000,0.114008
1638.804000,-0.076028
1638.805000,-0.274066
1638.806000,-0.234808
1638.807000,-0.267178
1638.808000,-0.193623
1638.809000,-0.084737
1638.810000,-0.062508
1638.811000,0.170535
1638.812000,0.398177
1638.813000,0.166744
1638.814000,0.247201
1638.815000,0.148904
1638.816000,0.223286
1638.817000,0.054315
1638.818000,-0.013819
1638.819000,-0.021419
1638.820000,0.090143
1638.821000,0.163792
1638.822000,0.131529
1638.823000,0.066046
1638.824000,0.010924
1638.825000,0.060366
1638.826000,0.061093
1638.827000,0.057569
1638.828000,-0.055276
1638.829000,-0.188279
1638.830000,-0.032029
1638.831000,-0.069302
1638.832000,0.021236
1638.833000,0.157599
1638.834000,0.007919
1638.835000,0.028559
1638.836000,-0.028435
1638.837000,-0.063061
1638.838000,0.080496
1638.839000,0.197632
1638.840000,0.072112
1638.841000,0.095990
1638.842000,0.133652
1638.843000,0.053824
1638.844000,-0.053273
1638.845000,-0.062772
1638.846000,0.005324
1638.847000,-0.032631
1638.848000,0.155153
1638.849000,0.124346
1638.850000,0.063066
1638.851000,0.006301
1638.852000,-0.089716
1638.853000,-0.184363
1638.854000,-0.250892
1638.855000,-0.064099
1638.856000,-0.258497
1638.857000,-0.426481
1638.858000,-0.411375
1638.859000,-0.351182
1638.860000,-0.267780
1638.861000,-0.261721
1638.862000,-0.303486
1638.863000,-0.387777
1638.864000,-0.430748
1638.865000,-0.439687
1638.866000,-0.445571
1638.867000,-0.381801
1638.868000,-0.384638
1638.869000,-0.571901
1638.870000,-0.569668
1638.871000,-0.556896
1638.872000,-0.312890
1638.873000,-0.206905
1638.874000,-0.217588
1638.875000,-0.085670
1638.876000,-0.080992
1638.877000,-0.258678
1638.878000,-0.175807
1638.879000,-0.032782
1638.880000,0.122347
1638.881000,0.054689
1638.882000,0.044736
1638.883000,0.061518
1638.884000,0.155967
1638.885000,0.082445
1638.886000,-0.025584
1638.887000,-0.194989
1638.888000,-0.150274
1638.889000,-0.054067
1638.890000,-0.101689
1638.891000,-0.146169
1638.892000,-0.334255
1638.893000,-0.209983
1638.894000,-0.069307
1638.895000,-0.127968
1638.896000,-0.332468
1638.897000,-0.223230
1638.898000,-0.124517
1638.899000,-0.103009
1638.900000,-0.020916
1638.901000,0.062491
1638.902000,-0.009235
1638.903000,-0.121691
1638.904000,-0.008961
1638.905000,-0.185117
1638.906000,-0.119048
1638.907000,-0.106302
1638.908000,0.015733
1638.909000,0.010298
1638.910000,0.179091
1638.911000,-0.033296
1638.912000,0.027663
1638.913000,0.075275
1638.914000,0.234578
1638.915000,0.257333
1638.916000,0.123929
1638.917000,0.084391
1638.918000,0.240461
1638.919000,0.110221
1638.920000,0.029359
1638.921000,0.138486
1638.922000,0.133873
1638.923000,0.053636
1638.924000,0.173467
1638.925000,0.117555
1638.926000,0.013906
1638.927000,-0.114640
1638.928000,-0.105893
1638.929000,-0.261795
1638.930000,-0.200135
1638.931000,-0.091821
1638.932000,-0.230918
1638.933000,-0.209210
1638.934000,-0.167768
1638.935000,-0.136886
1638.936000,-0.136961
1638.937000,-0.132477
1638.938000,-0.116753
1638.939000,-0.214075
1638.940000,-0.197017
1638.941000,-0.123950
1638.942000,-0.028187
1638.943000,0.059453
1638.944000,0.224309
1638.945000,0.162944
1638.946000,0.123112
1638.947000,0.029877
1638.948000,0.001900
1638.949000,0.053096
1638.950000,-0.069529
1638.951000,-0.055644
1638.952000,-0.104872
1638.953000,-0.051348
1638.954000,-0.016103
1638.955000,0.143321
1638.956000,0.271703
1638.957000,0.154976
1638.958000,0.070822
1638.959000,-0.129991
1638.960000,-0.057706
1638.961000,-0.036408
1638.962000,0.258253
1638.963000,0.164503
1638.964000,0.146072
1638.965000,0.113799
1638.966000,0.083335
1638.967000,0.034874
1638.968000,-0.058040
1638.969000,-0.121001
1638.970000,-0.043543
1638.971000,-0.059754
1638.972000,-0.302219
1638.973000,-0.280809
1638.974000,-0.382588
1638.975000,-0.574079
1638.976000,-0.649484
1638.977000,-0.574663
1638.978000,-0.745203
1638.979000,-0.644879
1638.980000,-0.659261
1638.981000,-0.786310
1638.982000,-0.712903
1638.983000,-0.663574
1638.984000,-0.538500
1638.985000,-0.604870
1638.986000,-0.529536
1638.987000,-0.526388
1638.988000,-0.385350
1638.989000,-0.627286
1638.990000,-0.816147
1638.991000,-0.843628
1638.992000,-0.895049
1638.993000,-0.845903
1638.994000,-0.790056
1638.995000,-0.697674
1638.996000,-0.716484
1638.997000,-0.640423
1638.998000,-0.724927
1638.999000,-0.785795
1639.000000,-0.707828
1639.001000,-0.735718
1639.002000,-0.873095
1639.003000,-0.747924
1639.004000,-0.596949
1639.005000,-0.677326
1639.006000,-0.746651
1639.007000,-0.753267
1639.008000,-0.657439
1639.009000,-0.636527
1639.010000,-0.648538
1639.011000,-0.522369
1639.012000,-0.503736
1639.013000,-0.549947
1639.014000,-0.318186
1639.015000,-0.390467
1639.016000,-0.311958
1639.017000,-0.390441
1639.018000,-0.297664
1639.019000,-0.307935
1639.020000,-0.170816
1639.021000,-0.099222
1639.022000,-0.145314
1639.023000,0.034007
1639.024000,-0.109620
1639.025000,-0.112859
1639.026000,-0.185695
1639.027000,-0.514546
1639.028000,-0.561669
1639.029000,-0.463332
1639.030000,-0.462215
1639.031000,-0.401926
1639.032000,-0.444453
1639.033000,-0.442718
1639.034000,-0.332705
1639.035000,-0.328898
1639.036000,-0.476923
1639.037000,-0.404915
1639.038000,-0.477895
1639.039000,-0.555272
1639.040000,-0.485536
1639.041000,-0.661865
1639.042000,-0.669367
1639.043000,-0.795964
1639.044000,-0.775502
1639.045000,-0.829994
1639.046000,-0.751337
1639.047000,-0.602711
1639.048000,-0.531707
1639.049000,-0.502557
1639.050000,-0.337803
1639.051000,-0.323376
1639.052000,-0.283813
1639.053000,-0.294893
1639.054000,-0.280986
1639.055000,-0.365065
1639.056000,-0.311675
1639.057000,-0.232033
1639.058000,-0.196057
1639.059000,-0.052263
1639.060000,-0.048160
1639.061000,-0.069274
1639.062000,0.025946
1639.063000,0.139776
1639.064000,0.480611
1639.065000,0.290715
1639.066000,0.262701
1639.067000,0.297929
1639.068000,0.245410
1639.069000,0.300090
1639.070000,0.557769
1639.071000,0.667585
1639.072000,0.624900
1639.073000,0.568528
1639.074000,0.726252
1639.075000,0.859905
1639.076000,0.909262
1639.077000,0.893834
1639.078000,0.904690
1639.079000,0.931513
1639.080000,0.850177
1639.081000,0.914452
1639.082000,0.607878
1639.083000,0.474985
1639.084000,0.520604
1639.085000,0.345409
1639.086000,0.162899
1639.087000,0.064491
1639.088000,0.191252
1639.089000,0.202764
1639.090000,0.240463
1639.091000,0.298837
1639.092000,0.282771
1639.093000,0.327764
1639.094000,0.292621
1639.095000,0.437273
1639.096000,0.276592
1639.097000,0.235327
1639.098000,0.370536
1639.099000,0.565591
1639.100000,0.704890
1639.101000,0.819616
1639.102000,0.540479
1639.103000,0.677233
1639.104000,0.645710
1639.105000,0.713369
1639.106000,0.607757
1639.107000,0.462271
1639.108000,0.417423
1639.109000,0.447247
1639.110000,0.406048
1639.111000,0.409973
1639.112000,0.448567
1639.113000,0.348836
1639.114000,0.343630
1639.115000,0.276576
1639.116000,0.234317
1639.117000,0.070642
1639.118000,0.141091
1639.119000,0.151314
1639.120000,0.029872
1639.121000,-0.074291
1639.122000,-0.125534
1639.123000,-0.150866
1639.124000,-0.082030
1639.125000,-0.001175
1639.126000,0.038706
1639.127000,0.074789
1639.128000,0.038706
1639.129000,0.097274
1639.130000,0.016093
1639.131000,-0.041175
1639.132000,-0.095974
1639.133000,-0.068630
1639.134000,-0.040002
1639.135000,-0.293100
1639.136000,-0.434705
1639.137000,-0.625030
1639.138000,-0.492450
1639.139000,-0.477226
1639.140000,-0.456990
1639.141000,-0.672988
1639.142000,-0.592029
1639.143000,-0.579988
1639.144000,-0.620621
1639.145000,-0.558271
1639.146000,-0.457135
1639.147000,-0.587058
1639.148000,-0.668453
1639.149000,-0.812872
1639.150000,-0.782032
1639.151000,-0.851274
1639.152000,-0.872964
1639.153000,-0.867961
1639.154000,-0.591669
1639.155000,-0.653837
1639.156000,-0.561857
1639.157000,-0.557732
1639.158000,-0.713998
1639.159000,-0.575096
1639.160000,-0.754657
1639.161000,-0.595725
1639.162000,-0.479973
1639.163000,-0.514453
1639.164000,-0.458611
1639.165000,-0.337699
1639.166000,-0.361849
1639.167000,-0.211714
1639.168000,-0.279163
1639.169000,-0.153982
1639.170000,-0.185266
1639.171000,-0.121310
1639.172000,0.088739
1639.173000,0.136779
1639.174000,0.129826
1639.175000,0.218650
1639.176000,0.315457
1639.177000,0.260025
1639.178000,0.273968
1639.179000,0.201000
1639.180000,0.140690
1639.181000,0.146087
1639.182000,0.114221
1639.183000,-0.053656
1639.184000,-0.058085
1639.185000,-0.068476
1639.186000,-0.172921
1639.187000,-0.235098
1639.188000,-0.195236
1639.189000,0.011556
1639.190000,0.233753
1639.191000,0.369789
1639.192000,0.610569
1639.193000,0.789345
1639.194000,0.932658
1639.195000,0.807265
1639.196000,0.592461
1639.197000,0.480375
1639.198000,0.405650
1639.199000,0.580088
1639.200000,0.693491
1639.201000,0.555548
1639.202000,0.680487
1639.203000,0.775495
1639.204000,0.838571
1639.205000,0.891684
1639.206000,0.790394
1639.207000,0.768697
1639.208000,0.778443
1639.209000,0.774260
1639.210000,0.680345
1639.211000,0.878794
1639.212000,0.996267
1639.213000,1.033970
1639.214000,1.064494
1639.215000,0.996307
1639.216000,1.079123
1639.217000,1.174545
1639.218000,1.260167
1639.219000,1.169246
1639.220000,1.044496
1639.221000,1.074167
1639.222000,0.938114
1639.223000,0.897736
1639.224000,0.994838
1639.225000,0.951609
1639.226000,0.977599
1639.227000,1.123999
1639.228000,1.102525
1639.229000,1.167701
1639.230000,1.042533
1639.231000,0.929746
1639.232000,0.953228
1639.233000,1.049665
1639.234000,1.071661
1639.235000,0.862447
1639.236000,0.816796
1639.237000,0.853979
1639.238000,0.860103
1639.239000,1.011756
1639.240000,1.093570
1639.241000,1.086601
1639.242000,0.919545
1639.243000,0.932237
1639.244000,0.937004
1639.245000,1.001673
1639.246000,0.762825
1639.247000,0.621820
1639.248000,0.725059
1639.249000,0.713965
1639.250000,0.696693
1639.251000,0.837612
1639.252000,0.823235
1639.253000,0.785389
1639.254000,0.656722
1639.255000,0.612986
1639.256000,0.667792
1639.257000,0.574340
1639.258000,0.601939
1639.259000,0.600109
1639.260000,0.425658
1639.261000,0.548240
1639.262000,0.668134
1639.263000,0.699879
1639.264000,0.686489
1639.265000,0.660908
1639.266000,0.665267
1639.267000,0.643727
1639.268000,0.742999
1639.269000,0.796744
1639.270000,0.731295
1639.271000,0.827735
1639.272000,0.927666
1639.273000,0.933195
1639.274000,0.743634
1639.275000,0.648185
1639.276000,0.593111
1639.277000,0.789257
1639.278000,0.624078
1639.279000,0.591607
1639.280000,0.410722
1639.281000,0.252729
1639.282000,0.186635
1639.283000,0.197329
1639.284000,0.235957
1639.285000,0.345059
1639.286000,0.277926
1639.287000,0.202283
1639.288000,0.192640
1639.289000,0.070627
1639.290000,0.069558
1639.291000,0.100116
1639.292000,0.197176
1639.293000,0.289427
1639.294000,0.341963
1639.295000,0.260655
1639.296000,0.311544
1639.297000,0.447816
1639.298000,0.506742
1639.299000,0.544094
1639.300000,0.554416
1639.301000,0.419416
1639.302000,0.332143
1639.303000,0.202483
1639.304000,0.179808
1639.305000,0.138683
1639.306000,0.123009
1639.307000,0.214162
1639.308000,0.179202
1639.309000,0.147174
1639.310000,-0.089530
1639.311000,-0.163559
1639.312000,-0.214451
1639.313000,-0.380912
1639.314000,-0.320116
1639.315000,-0.358107
1639.316000,-0.279882
1639.317000,-0.446089
1639.318000,-0.358794
1639.319000,-0.256969
1639.320000,-0.267802
1639.321000,-0.164135
1639.322000,-0.188349
1639.323000,-0.258371
1639.324000,-0.406264
1639.325000,-0.329617
1639.326000,-0.200813
1639.327000,-0.214181
1639.328000,-0.342420
1639.329000,-0.322902
1639.330000,-0.449967
1639.331000,-0.447616
1639.332000,-0.347164
1639.333000,-0.303763
1639.334000,-0.307868
1639.335000,-0.245377
1639.336000,-0.152660
1639.337000,-0.308595
1639.338000,-0.256680
1639.339000,-0.340565
1639.340000,-0.333353
1639.341000,-0.433256
1639.342000,-0.507600
1639.343000,-0.473306
1639.344000,-0.612415
1639.345000,-0.566166
1639.346000,-0.582810
1639.347000,-0.521612
1639.348000,-0.519141
1639.349000,-0.338494
1639.350000,-0.454399
1639.351000,-0.429320
1639.352000,-0.353185
1639.353000,-0.426494
1639.354000,-0.431060
1639.355000,-0.213609
1639.356000,-0.375162
1639.357000,-0.301400
1639.358000,-0.287947
1639.359000,-0.128572
1639.360000,-0.263554
1639.361000,-0.394068
1639.362000,-0.462958
1639.363000,-0.428806
1639.364000,-0.356143
1639.365000,-0.286948
1639.366000,-0.322119
1639.367000,-0.034893
1639.368000,0.004193
1639.369000,0.052231
1639.370000,0.162658
1639.371000,0.006199
1639.372000,-0.154969
1639.373000,-0.394283
1639.374000,-0.242444
1639.375000,-0.308004
1639.376000,-0.378633
1639.377000,-0.489374
1639.378000,-0.319774
1639.379000,-0.194444
1639.380000,-0.168034
1639.381000,-0.100640
1639.382000,-0.209015
1639.383000,-0.159424
1639.384000,-0.010568
1639.385000,0.080756
1639.386000,0.130785
1639.387000,0.092757
1639.388000,0.180355
1639.389000,0.252337
1639.390000,0.401215
1639.391000,0.311338
1639.392000,0.166133
1639.393000,0.020201
1639.394000,0.051743
1639.395000,0.166996
1639.396000,0.035075
1639.397000,-0.113894
1639.398000,-0.346311
1639.399000,-0.302184
1639.400000,-0.301421
1639.401000,-0.408582
1639.402000,-0.357552
1639.403000,-0.254740
1639.404000,-0.305637
1639.405000,-0.402708
1639.406000,-0.214814
1639.407000,-0.308200
1639.408000,-0.337266
1639.409000,-0.303343
1639.410000,-0.302258
1639.411000,-0.475731
1639.412000,-0.590132
1639.413000,-0.651924
1639.414000,-0.531141
1639.415000,-0.585159
1639.416000,-0.664153
1639.417000,-0.710909
1639.418000,-0.809078
1639.419000,-0.814976
1639.420000,-0.912109
1639.421000,-0.881398
1639.422000,-0.862727
1639.423000,-0.815895
1639.424000,-0.804922
1639.425000,-0.877111
1639.426000,-0.872096
1639.427000,-0.917759
1639.428000,-0.888031
1639.429000,-0.826937
1639.430000,-0.734727
1639.431000,-0.604616
1639.432000,-0.689745
1639.433000,-0.695903
1639.434000,-0.695217
1639.435000,-0.670435
1639.436000,-0.697950
1639.437000,-0.702937
1639.438000,-0.569797
1639.439000,-0.567986
1639.440000,-0.646813
1639.441000,-0.525826
1639.442000,-0.575571
1639.443000,-0.533669
1639.444000,-0.506443
1639.445000,-0.428736
1639.446000,-0.281386
1639.447000,-0.239388
1639.448000,-0.245195
1639.449000,-0.108302
1639.450000,-0.199290
1639.451000,-0.183466
1639.452000,-0.180416
1639.453000,-0.096289
1639.454000,0.004876
1639.455000,0.042122
1639.456000,0.108677
1639.457000,0.081545
1639.458000,0.032449
1639.459000,0.010454
1639.460000,0.143186
1639.461000,0.109700
1639.462000,-0.040377
1639.463000,-0.082888
1639.464000,-0.063319
1639.465000,0.015011
1639.466000,0.119936
1639.467000,-0.199017
1639.468000,-0.217796
1639.469000,-0.066629
1639.470000,0.149451
1639.471000,0.209615
1639.472000,0.284207
1639.473000,0.306731
1639.474000,0.458079
1639.475000,0.419366
1639.476000,0.180185
1639.477000,0.192995
1639.478000,0.054948
1639.479000,0.081095
1639.480000,-0.044552
1639.481000,-0.439593
1639.482000,-0.504683
1639.483000,-0.310614
1639.484000,-0.383262
1639.485000,-0.302150
1639.486000,-0.209714
1639.487000,-0.145972
1639.488000,-0.066043
1639.489000,-0.186534
1639.490000,-0.298027
1639.491000,-0.391359
1639.492000,-0.237520
1639.493000,-0.319527
1639.494000,-0.259363
1639.495000,-0.358851
1639.496000,-0.298806
1639.497000,-0.343906
1639.498000,-0.145996
1639.499000,-0.136516
1639.500000,-0.201222
1639.501000,-0.192699
1639.502000,-0.144975
1639.503000,-0.070579
1639.504000,-0.157757
1639.505000,-0.252205
1639.506000,-0.294203
1639.507000,-0.397309
1639.508000,-0.481221
1639.509000,-0.523990
1639.510000,-0.506990
1639.511000,-0.559562
1639.512000,-0.813053
1639.513000,-0.867871
1639.514000,-0.874993
1639.515000,-0.915961
1639.516000,-0.811748
1639.517000,-0.792393
1639.518000,-0.794974
1639.519000,-0.858412
1639.520000,-0.803889
1639.521000,-0.692810
1639.522000,-0.744278
1639.523000,-0.505182
1639.524000,-0.498456
1639.525000,-0.435060
1639.526000,-0.330170
1639.527000,-0.323292
1639.528000,-0.342975
1639.529000,-0.136211
1639.530000,-0.152281
1639.531000,-0.267001
1639.532000,-0.278440
1639.533000,-0.306086
1639.534000,-0.273943
1639.535000,-0.218331
1639.536000,-0.322078
1639.537000,-0.391356
1639.538000,-0.444234
1639.539000,-0.663673
1639.540000,-0.657409
1639.541000,-0.543932
1639.542000,-0.664188
1639.543000,-0.597146
1639.544000,-0.653667
1639.545000,-0.711450
1639.546000,-0.464155
1639.547000,-0.342458
1639.548000,-0.453269
1639.549000,-0.337411
1639.550000,-0.309358
1639.551000,-0.336125
1639.552000,-0.324556
1639.553000,-0.395923
1639.554000,-0.436126
1639.555000,-0.513289
1639.556000,-0.428821
1639.557000,-0.649768
1639.558000,-0.657455
1639.559000,-0.459111
1639.560000,-0.236923
1639.561000,-0.532314
1639.562000,-0.418194
1639.563000,-0.429303
1639.564000,-0.462489
1639.565000,-0.487274
1639.566000,-0.575458
1639.567000,-0.597493
1639.568000,-0.536425
1639.569000,-0.597844
1639.570000,-0.558015
1639.571000,-0.517077
1639.572000,-0.609768
1639.573000,-0.572935
1639.574000,-0.530157
1639.575000,-0.721294
1639.576000,-0.788802
1639.577000,-0.848904
1639.578000,-0.645846
1639.579000,-0.713226
1639.580000,-0.563486
1639.581000,-0.617628
1639.582000,-0.653878
1639.583000,-0.599283
1639.584000,-0.659033
1639.585000,-0.637080
1639.586000,-0.604231
1639.587000,-0.622493
1639.588000,-0.684727
1639.589000,-0.701924
1639.590000,-0.468939
1639.591000,-0.606078
1639.592000,-0.534700
1639.593000,-0.387825
1639.594000,-0.386764
1639.595000,-0.440470
1639.596000,-0.502770
1639.597000,-0.319974
1639.598000,-0.260539
1639.599000,-0.205855
1639.600000,-0.109236
1639.601000,-0.146812
1639.602000,-0.201535
1639.603000,-0.141988
1639.604000,-0.154983
1639.605000,-0.044865
1639.606000,-0.088719
1639.607000,-0.021188
1639.608000,0.076113
1639.609000,0.250138
1639.610000,0.154454
1639.611000,0.018818
1639.612000,0.170361
1639.613000,-0.066382
1639.614000,-0.037325
1639.615000,0.044010
1639.616000,0.048833
1639.617000,0.116043
1639.618000,0.081430
1639.619000,0.030713
1639.620000,0.099089
1639.621000,-0.000036
1639.622000,-0.008174
1639.623000,0.135183
1639.624000,0.180545
1639.625000,0.156624
1639.626000,0.083363
1639.627000,0.283605
1639.628000,0.338799
1639.629000,0.248766
1639.630000,0.363573
1639.631000,0.265236
1639.632000,0.202448
1639.633000,0.163998
1639.634000,0.155926
1639.635000,0.170163
1639.636000,0.396853
1639.637000,0.448927
1639.638000,0.385635
1639.639000,0.484929
1639.640000,0.693251
1639.641000,0.449093
1639.642000,0.383443
1639.643000,0.483330
1639.644000,0.539797
1639.645000,0.516956
1639.646000,0.384266
1639.647000,0.410758
1639.648000,0.283409
1639.649000,0.330748
1639.650000,0.122456
1639.651000,0.024128
1639.652000,0.077207
1639.653000,0.286809
1639.654000,0.243322
1639.655000,0.225368
1639.656000,0.102699
1639.657000,0.213142
1639.658000,0.273685
1639.659000,0.270456
1639.660000,0.456463
1639.661000,0.529574
1639.662000,0.451645
1639.663000,0.516426
1639.664000,0.619985
1639.665000,0.564866
1639.666000,0.732541
1639.667000,0.671380
1639.668000,0.639874
1639.669000,0.614646
1639.670000,0.512394
1639.671000,0.396408
1639.672000,0.594478
1639.673000,0.499539
1639.674000,0.483092
1639.675000,0.518320
1639.676000,0.647930
1639.677000,0.757732
1639.678000,0.776173
1639.679000,0.871603
1639.680000,0.816884
1639.681000,0.681754
1639.682000,0.985010
1639.683000,0.788161
1639.684000,0.989933
1639.685000,1.016731
1639.686000,1.208028
1639.687000,1.289996
1639.688000,1.201308
1639.689000,1.087874
1639.690000,1.204189
1639.691000,1.127179
1639.692000,1.041785
1639.693000,0.929995
1639.694000,0.738533
1639.695000,0.689789
1639.696000,0.744696
1639.697000,0.589483
1639.698000,0.540106
1639.699000,0.727539
1639.700000,0.718016
1639.701000,0.757822
1639.702000,0.717596
1639.703000,0.644406
1639.704000,0.569568
1639.705000,0.648073
1639.706000,0.707743
1639.707000,0.529193
1639.708000,0.522242
1639.709000,0.508076
1639.710000,0.704269
1639.711000,1.033167
1639.712000,1.080751
1639.713000,1.074472
1639.714000,1.074643
1639.715000,0.977289
1639.716000,0.944384
1639.717000,0.942748
1639.718000,0.656688
1639.719000,0.568085
1639.720000,0.348759
1639.721000,0.325249
1639.722000,0.488443
1639.723000,0.292677
1639.724000,0.198400
1639.725000,0.123350
1639.726000,0.088186
1639.727000,-0.037447
1639.728000,0.098378
1639.729000,0.201263
1639.730000,0.186025
1639.731000,0.376816
1639.732000,0.244088
1639.733000,0.377647
1639.734000,0.396559
1639.735000,0.407681
1639.736000,0.589615
1639.737000,0.546744
1639.738000,0.675429
1639.739000,0.611675
1639.740000,0.655916
1639.741000,0.586021
1639.742000,0.673863
1639.743000,0.666428
1639.744000,0.457922
1639.745000,0.428028
1639.746000,0.394771
1639.747000,0.471387
1639.748000,0.384618
1639.749000,0.448419
1639.750000,0.622668
1639.751000,0.740096
1639.752000,0.961412
1639.753000,1.070683
1639.754000,0.879692
1639.755000,1.006391
1639.756000,0.812302
1639.757000,0.701049
1639.758000,0.729926
1639.759000,0.693869
1639.760000,0.711777
1639.761000,0.556560
1639.762000,0.655297
1639.763000,0.631660
1639.764000,0.673570
1639.765000,0.741930
1639.766000,0.648030
1639.767000,0.787784
1639.768000,0.693568
1639.769000,0.641979
1639.770000,0.755657
1639.771000,0.516520
1639.772000,0.480231
1639.773000,0.386057
1639.774000,0.371805
1639.775000,0.360506
1639.776000,0.125947
1639.777000,0.181218
1639.778000,0.115081
1639.779000,0.278944
1639.780000,0.068340
1639.781000,0.280820
1639.782000,0.227640
1639.783000,0.073812
1639.784000,-0.002573
1639.785000,-0.121737
1639.786000,-0.090347
1639.787000,-0.055267
1639.788000,0.055460
1639.789000,0.112866
1639.790000,0.031602
1639.791000,0.031945
1639.792000,0.158574
1639.793000,0.287091
1639.794000,0.272711
1639.795000,0.054187
1639.796000,0.165505
1639.797000,0.054248
1639.798000,0.216774
1639.799000,0.223497
1639.800000,0.308899
1639.801000,0.247065
1639.802000,0.382940
1639.803000,0.167310
1639.804000,0.224503
1639.805000,0.230905
1639.806000,0.222408
1639.807000,0.325623
1639.808000,0.378282
1639.809000,0.392007
1639.810000,0.200087
1639.811000,0.010822
1639.812000,0.058175
1639.813000,0.033657
1639.814000,0.029451
1639.815000,0.119318
1639.816000,0.146474
1639.817000,0.075784
1639.818000,0.146371
1639.819000,0.110619
1639.820000,0.109457
1639.821000,0.009921
1639.822000,0.051382
1639.823000,0.060491
1639.824000,-0.068815
1639.825000,-0.261713
1639.826000,-0.271554
1639.827000,-0.379731
1639.828000,-0.354144
1639.829000,-0.449007
1639.830000,-0.648133
1639.831000,-0.670094
1639.832000,-0.791035
1639.833000,-0.765044
1639.834000,-0.751411
1639.835000,-0.796439
1639.836000,-0.798335
1639.837000,-0.619576
1639.838000,-0.726310
1639.839000,-0.613521
1639.840000,-0.488994
1639.841000,-0.461442
1639.842000,-0.332149
1639.843000,-0.576989
1639.844000,-0.780944
1639.845000,-0.519922
1639.846000,-0.546482
1639.847000,-0.477463
1639.848000,-0.413969
1639.849000,-0.465254
1639.850000,-0.470473
1639.851000,-0.546013
1639.852000,-0.786887
1639.853000,-0.860575
1639.854000,-1.063377
1639.855000,-1.113289
1639.856000,-1.090984
1639.857000,-1.136222
1639.858000,-1.071689
1639.859000,-1.165094
1639.860000,-1.267320
1639.861000,-1.107119
1639.862000,-0.925201
1639.863000,-0.795322
1639.864000,-0.815801
1639.865000,-0.781830
1639.866000,-0.604770
1639.867000,-0.647686
1639.868000,-0.591910
1639.869000,-0.730922
1639.870000,-0.870616
1639.871000,-0.987575
1639.872000,-0.860080
1639.873000,-0.854884
1639.874000,-0.722927
1639.875000,-0.681402
1639.876000,-0.680364
1639.877000,-0.640982
1639.878000,-0.544617
1639.879000,-0.648480
1639.880000,-0.648109
1639.881000,-0.666303
1639.882000,-0.659106
1639.883000,-0.632980
1639.884000,-0.516353
1639.885000,-0.532909
1639.886000,-0.550121
1639.887000,-0.602013
1639.888000,-0.705710
1639.889000,-0.749076
1639.890000,-0.749019
1639.891000,-0.761785
1639.892000,-0.589562
1639.893000,-0.783635
1639.894000,-0.749766
1639.895000,-0.819008
1639.896000,-0.778011
1639.897000,-0.755697
1639.898000,-0.562292
1639.899000,-0.649209
1639.900000,-0.613495
1639.901000,-0.646048
1639.902000,-0.778753
1639.903000,-0.672150
1639.904000,-0.539020
1639.905000,-0.517428
1639.906000,-0.574946
1639.907000,-0.544419
1639.908000,-0.522797
1639.909000,-0.562630
1639.910000,-0.447955
1639.911000,-0.370672
1639.912000,-0.392176
1639.913000,-0.503081
1639.914000,-0.452988
1639.915000,-0.393653
1639.916000,-0.205196
1639.917000,-0.113479
1639.918000,-0.126404
1639.919000,-0.218392
1639.920000,-0.021974
1639.921000,0.052957
1639.922000,0.201048
1639.923000,0.171713
1639.924000,0.180461
1639.925000,0.215494
1639.926000,0.366657
1639.927000,0.304963
1639.928000,0.349894
1639.929000,0.254442
1639.930000,0.420162
1639.931000,0.417116
1639.932000,0.259614
1639.933000,0.093130
1639.934000,-0.005792
1639.935000,0.108247
1639.936000,0.167636
1639.937000,0.233047
1639.938000,0.165818
1639.939000,0.241300
1639.940000,0.138265
1639.941000,0.221138
1639.942000,0.360532
1639.943000,0.281440
1639.944000,0.471303
1639.945000,0.467695
1639.946000,0.682366
1639.947000,0.640241
1639.948000,0.742185
1639.949000,0.601134
1639.950000,0.781836
1639.951000,0.733219
1639.952000,0.819637
1639.953000,0.663199
1639.954000,0.702608
1639.955000,0.648543
1639.956000,0.762136
1639.957000,0.790987
1639.958000,0.818488
1639.959000,0.695011
1639.960000,0.433466
1639.961000,0.457075
1639.962000,0.376288
1639.963000,0.411746
1639.964000,0.472478
1639.965000,0.567275
1639.966000,0.461689
1639.967000,0.493847
1639.968000,0.409504
1639.969000,0.251982
1639.970000,0.187501
1639.971000,0.184989
1639.972000,0.166636
1639.973000,0.122911
1639.974000,0.220394
1639.975000,-0.005551
1639.976000,-0.037702
1639.977000,0.049650
1639.978000,0.132522
1639.979000,0.029341
1639.980000,0.156689
1639.981000,0.017467
1639.982000,0.138230
1639.983000,0.219123
1639.984000,0.369654
1639.985000,0.437623
1639.986000,0.556829
1639.987000,0.580746
1639.988000,0.732185
1639.989000,0.624185
1639.990000,0.498895
1639.991000,0.514075
1639.992000,0.730127
1639.993000,0.521725
1639.994000,0.620828
1639.995000,0.669533
1639.996000,0.433196
1639.997000,0.397991
1639.998000,0.339111
1639.999000,0.393880
1640.000000,0.263663
1640.001000,0.087640
1640.002000,0.013128
1640.003000,0.011445
1640.004000,-0.040690
1640.005000,-0.065480
1640.006000,-0.123575
1640.007000,-0.099711
1640.008000,-0.082045
1640.009000,-0.106214
1640.010000,0.185393
1640.011000,0.041114
1640.012000,0.039786
1640.013000,0.103453
1640.014000,0.172569
1640.015000,0.047295
1640.016000,-0.035609
1640.017000,-0.130056
1640.018000,-0.261067
1640.019000,-0.092145
1640.020000,-0.195450
1640.021000,-0.066037
1640.022000,0.061398
1640.023000,0.006705
1640.024000,0.024755
1640.025000,-0.032741
1640.026000,-0.070371
1640.027000,0.085809
1640.028000,0.062672
1640.029000,0.260114
1640.030000,0.256936
1640.031000,0.461647
1640.032000,0.561672
1640.033000,0.676295
1640.034000,0.645240
1640.035000,0.545641
1640.036000,0.564266
1640.037000,0.646312
1640.038000,0.660694
1640.039000,0.628430
1640.040000,0.533027
1640.041000,0.570903
1640.042000,0.624450
1640.043000,0.505665
1640.044000,0.574714
1640.045000,0.478320
1640.046000,0.219530
1640.047000,0.149869
1640.048000,0.155566
1640.049000,0.126383
1640.050000,0.225880
1640.051000,0.330724
1640.052000,0.255738
1640.053000,0.239691
1640.054000,0.155674
1640.055000,0.171163
1640.056000,0.367875
1640.057000,0.419422
1640.058000,0.480391
1640.059000,0.444473
1640.060000,0.461547
1640.061000,0.681605
1640.062000,0.726594
1640.063000,0.643637
1640.064000,0.758568
1640.065000,0.665110
1640.066000,0.549719
1640.067000,0.439502
1640.068000,0.508996
1640.069000,0.427024
1640.070000,0.437723
1640.071000,0.449877
1640.072000,0.464962
1640.073000,0.431068
1640.074000,0.237328
1640.075000,0.059764
1640.076000,0.136504
1640.077000,-0.024878
1640.078000,0.073907
1640.079000,-0.044303
1640.080000,-0.004435
1640.081000,-0.001984
1640.082000,0.165399
1640.083000,0.143616
1640.084000,0.084847
1640.085000,-0.052700
1640.086000,0.016468
1640.087000,-0.168574
1640.088000,0.009842
1640.089000,-0.079444
1640.090000,-0.090902
1640.091000,-0.165667
1640.092000,-0.263212
1640.093000,-0.157042
1640.094000,-0.124995
1640.095000,-0.058687
1640.096000,0.084668
1640.097000,-0.038745
1640.098000,-0.036322
1640.099000,0.038121
1640.100000,-0.008878
1640.101000,0.092077
1640.102000,-0.026306
1640.103000,0.043158
1640.104000,0.122380
1640.105000,0.118201
1640.106000,0.229851
1640.107000,0.145634
1640.108000,0.095468
1640.109000,0.054587
1640.110000,0.089563
1640.111000,0.024685
1640.112000,-0.096271
1640.113000,-0.244766
1640.114000,-0.268260
1640.115000,-0.220364
1640.116000,-0.191274
1640.117000,-0.175255
1640.118000,-0.208991
1640.119000,-0.195626
1640.120000,-0.157708
1640.121000,-0.084241
1640.122000,-0.274866
1640.123000,-0.587031
1640.124000,-0.626582
1640.125000,-0.714377
1640.126000,-0.635565
1640.127000,-0.545516
1640.128000,-0.407076
1640.129000,-0.420308
1640.130000,-0.461955
1640.131000,-0.488670
1640.132000,-0.322364
1640.133000,-0.163177
1640.134000,-0.209354
1640.135000,-0.251995
1640.136000,-0.436594
1640.137000,-0.560749
1640.138000,-0.544265
1640.139000,-0.580806
1640.140000,-0.666767
1640.141000,-0.506171
1640.142000,-0.555155
1640.143000,-0.512601
1640.144000,-0.551887
1640.145000,-0.434706
1640.146000,-0.541060
1640.147000,-0.561303
1640.148000,-0.588910
1640.149000,-0.519922
1640.150000,-0.372348
1640.151000,-0.496011
1640.152000,-0.519148
1640.153000,-0.710893
1640.154000,-0.774099
1640.155000,-0.837306
1640.156000,-0.616077
1640.157000,-0.616562
1640.158000,-0.780823
1640.159000,-0.786426
1640.160000,-0.613052
1640.161000,-0.600246
1640.162000,-0.597507
1640.163000,-0.559330
1640.164000,-0.410860
1640.165000,-0.355967
1640.166000,-0.269090
1640.167000,-0.361858
1640.168000,-0.375297
1640.169000,-0.466251
1640.170000,-0.528001
1640.171000,-0.352032
1640.172000,-0.299161
1640.173000,-0.393407
1640.174000,-0.213017
1640.175000,-0.163962
1640.176000,-0.224368
1640.177000,-0.184645
1640.178000,-0.326297
1640.179000,-0.247329
1640.180000,-0.195316
1640.181000,-0.292126
1640.182000,-0.327768
1640.183000,-0.489842
1640.184000,-0.619318
1640.185000,-0.376239
1640.186000,-0.450839
1640.187000,-0.496099
1640.188000,-0.619383
1640.189000,-0.501022
1640.190000,-0.429795
1640.191000,-0.509247
1640.192000,-0.353969
1640.193000,-0.412539
1640.194000,-0.393186
1640.195000,-0.387222
1640.196000,-0.506889
1640.197000,-0.430954
1640.198000,-0.213713
1640.199000,-0.177008
1640.200000,-0.208790
1640.201000,-0.214316
1640.202000,-0.314232
1640.203000,-0.313929
1640.204000,-0.286323
1640.205000,-0.366918
1640.206000,-0.150017
1640.207000,-0.193837
1640.208000,-0.224493
1640.209000,-0.060601
1640.210000,-0.089933
1640.211000,0.065842
1640.212000,-0.067623
1640.213000,-0.053599
1640.214000,0.029037
1640.215000,0.007879
1640.216000,-0.160361
1640.217000,-0.149893
1640.218000,-0.142275
1640.219000,-0.041847
1640.220000,-0.083707
1640.221000,0.116674
1640.222000,0.230417
1640.223000,0.151199
1640.224000,0.229637
1640.225000,0.006493
1640.226000,-0.035994
1640.227000,-0.011473
1640.228000,0.017487
1640.229000,-0.009881
1640.230000,-0.141202
1640.231000,-0.201537
1640.232000,-0.274350
1640.233000,-0.349548
1640.234000,-0.422478
1640.235000,-0.485761
1640.236000,-0.516981
1640.237000,-0.357672
1640.238000,-0.475576
1640.239000,-0.407864
1640.240000,-0.494624
1640.241000,-0.341813
1640.242000,-0.401831
1640.243000,-0.545930
1640.244000,-0.589811
1640.245000,-0.369979
1640.246000,-0.364538
1640.247000,-0.219393
1640.248000,-0.324710
1640.249000,-0.301488
1640.250000,-0.350822
1640.251000,-0.379728
1640.252000,-0.350633
1640.253000,-0.371459
1640.254000,-0.314622
1640.255000,-0.265574
1640.256000,-0.258791
1640.257000,-0.175875
1640.258000,-0.132780
1640.259000,-0.193294
1640.260000,-0.206942
1640.261000,-0.234186
1640.262000,-0.237193
1640.263000,-0.141114
1640.264000,-0.017841
1640.265000,0.079795
1640.266000,0.126979
1640.267000,0.057149
1640.268000,0.095244
1640.269000,0.049646
1640.270000,0.221387
1640.271000,0.286080
1640.272000,0.478586
1640.273000,0.560480
1640.274000,0.506958
1640.275000,0.607015
1640.276000,0.601098
1640.277000,0.591756
1640.278000,0.693182
1640.279000,0.757359
1640.280000,0.643541
1640.281000,0.665030
1640.282000,0.821966
1640.283000,0.711846
1640.284000,0.572939
1640.285000,0.609554
1640.286000,0.639899
1640.287000,0.643505
1640.288000,0.638837
1640.289000,0.644117
1640.290000,0.705936
1640.291000,0.824209
1640.292000,0.956218
1640.293000,0.903266
1640.294000,1.005698
1640.295000,0.988907
1640.296000,0.964376
1640.297000,0.825953
1640.298000,0.979575
1640.299000,0.968208
1640.300000,0.872477
1640.301000,0.800101
1640.302000,0.918817
1640.303000,0.894939
1640.304000,0.820905
1640.305000,0.854547
1640.306000,0.872439
1640.307000,0.902807
1640.308000,0.924505
1640.309000,0.719789
1640.310000,0.825932
1640.311000,0.579735
1640.312000,0.604283
1640.313000,0.500900
1640.314000,0.521807
1640.315000,0.567818
1640.316000,0.622913
1640.317000,0.670923
1640.318000,0.760751
1640.319000,0.786121
1640.320000,0.783353
1640.321000,0.706348
1640.322000,0.668478
1640.323000,0.634772
1640.324000,0.614631
1640.325000,0.728515
1640.326000,0.731216
1640.327000,0.865567
1640.328000,0.691298
1640.329000,0.575904
1640.330000,0.496065
1640.331000,0.560877
1640.332000,0.394073
1640.333000,0.179566
1640.334000,0.163771
1640.335000,-0.023863
1640.336000,-0.042473
1640.337000,0.073748
1640.338000,0.014292
1640.339000,-0.026899
1640.340000,-0.094836
1640.341000,-0.077037
1640.342000,-0.107916
1640.343000,-0.172180
1640.344000,-0.185107
1640.345000,-0.134995
1640.346000,-0.144324
1640.347000,-0.109005
1640.348000,-0.071548
1640.349000,0.087841
1640.350000,0.327924
1640.351000,0.377705
1640.352000,0.332835
1640.353000,0.468444
1640.354000,0.473760
1640.355000,0.508660
1640.356000,0.440873
1640.357000,0.351251
1640.358000,0.371660
1640.359000,0.434883
1640.360000,0.516818
1640.361000,0.479145
1640.362000,0.358456
1640.363000,0.153323
1640.364000,0.251452
1640.365000,-0.016711
1640.366000,0.018218
1640.367000,-0.037925
1640.368000,0.148268
1640.369000,0.195671
1640.370000,0.278022
1640.371000,0.259065
1640.372000,0.046011
1640.373000,0.055907
1640.374000,-0.032096
1640.375000,-0.096573
1640.376000,-0.091385
1640.377000,-0.090161
1640.378000,-0.227553
1640.379000,-0.198050
1640.380000,-0.211782
1640.381000,-0.268417
1640.382000,-0.020017
1640.383000,0.196928
1640.384000,0.114887
1640.385000,0.193958
1640.386000,0.287141
1640.387000,0.338013
1640.388000,0.393932
1640.389000,0.430864
1640.390000,0.285820
1640.391000,0.434361
1640.392000,0.366538
1640.393000,0.354329
1640.394000,0.184451
1640.395000,0.297124
1640.396000,0.317570
1640.397000,0.215252
1640.398000,0.204442
1640.399000,0.316803
1640.400000,0.353277
1640.401000,0.544485
1640.402000,0.513945
1640.403000,0.429666
1640.404000,0.302988
1640.405000,0.285206
1640.406000,0.161482
1640.407000,-0.032360
1640.408000,0.005114
1640.409000,-0.148534
1640.410000,-0.142171
1640.411000,-0.128775
1640.412000,-0.145444
1640.413000,-0.312909
1640.414000,-0.123896
1640.415000,-0.186553
1640.416000,-0.353402
1640.417000,-0.287199
1640.418000,-0.327260
1640.419000,-0.333153
1640.420000,-0.220371
1640.421000,-0.164428
1640.422000,-0.154756
1640.423000,-0.348770
1640.424000,-0.538401
1640.425000,-0.405454
1640.426000,-0.613572
1640.427000,-0.559061
1640.428000,-0.619227
1640.429000,-0.623480
1640.430000,-0.662470
1640.431000,-0.601337
1640.432000,-0.575906
1640.433000,-0.454962
1640.434000,-0.334446
1640.435000,-0.445665
1640.436000,-0.412778
1640.437000,-0.444108
1640.438000,-0.503735
1640.439000,-0.424103
1640.440000,-0.396545
1640.441000,-0.295618
1640.442000,-0.018447
1640.443000,0.034822
1640.444000,0.032184
1640.445000,-0.086978
1640.446000,-0.050858
1640.447000,-0.000539
1640.448000,-0.053097
1640.449000,-0.061591
1640.450000,-0.207581
1640.451000,-0.245994
1640.452000,-0.084333
1640.453000,-0.233483
1640.454000,-0.359515
1640.455000,-0.411306
1640.456000,-0.483796
1640.457000,-0.498505
1640.458000,-0.500314
1640.459000,-0.498617
1640.460000,-0.471611
1640.461000,-0.513145
1640.462000,-0.559268
1640.463000,-0.772276
1640.464000,-0.728544
1640.465000,-0.814427
1640.466000,-0.977255
1640.467000,-1.159691
1640.468000,-1.150073
1640.469000,-1.180946
1640.470000,-1.115174
1640.471000,-0.900407
1640.472000,-0.927280
1640.473000,-0.866822
1640.474000,-0.983153
1640.475000,-1.076877
1640.476000,-1.139699
1640.477000,-1.230200
1640.478000,-1.191203
1640.479000,-1.205487
1640.480000,-1.166724
1640.481000,-1.049034
1640.482000,-0.844113
1640.483000,-0.787040
1640.484000,-0.894724
1640.485000,-0.893074
1640.486000,-0.963453
1640.487000,-1.035612
1640.488000,-1.060119
1640.489000,-0.913617
1640.490000,-0.927942
1640.491000,-0.897173
1640.492000,-0.891205
1640.493000,-0.932329
1640.494000,-0.796154
1640.495000,-0.889984
1640.496000,-0.891498
1640.497000,-0.872762
1640.498000,-0.801315
1640.499000,-0.770526
1640.500000,-0.678961
1640.501000,-0.899900
1640.502000,-0.516067
1640.503000,-0.262597
1640.504000,-0.455627
1640.505000,-0.377278
1640.506000,-0.357302
1640.507000,-0.365975
1640.508000,-0.232968
1640.509000,-0.233398
1640.510000,-0.206662
1640.511000,-0.272378
1640.512000,-0.358776
1640.513000,-0.416287
1640.514000,-0.272138
1640.515000,-0.241674
1640.516000,-0.182729
1640.517000,-0.080832
1640.518000,-0.194535
1640.519000,-0.249207
1640.520000,-0.270239
1640.521000,-0.236898
1640.522000,-0.141798
1640.523000,-0.072678
1640.524000,0.133630
1640.525000,0.263096
1640.526000,0.174044
1640.527000,0.054518
1640.528000,-0.163825
1640.529000,-0.181645
1640.530000,-0.238111
1640.531000,-0.255533
1640.532000,-0.165862
1640.533000,-0.299791
1640.534000,-0.331534
1640.535000,-0.350184
1640.536000,-0.351846
1640.537000,-0.447049
1640.538000,-0.324046
1640.539000,-0.388284
1640.540000,-0.417571
1640.541000,-0.307963
1640.542000,-0.249656
1640.543000,-0.311068
1640.544000,-0.428483
1640.545000,-0.367802
1640.546000,-0.564502
1640.547000,-0.409024
1640.548000,-0.459433
1640.549000,-0.438709
1640.550000,-0.357251
1640.551000,-0.246003
1640.552000,-0.305165
1640.553000,-0.390881
1640.554000,-0.421009
1640.555000,-0.442432
1640.556000,-0.337964
1640.557000,-0.267351
1640.558000,-0.268671
1640.559000,0.022599
1640.560000,0.146924
1640.561000,0.060406
1640.562000,0.025964
1640.563000,0.048797
1640.564000,0.237449
1640.565000,0.150765
1640.566000,0.012365
1640.567000,0.127285
1640.568000,0.174550
1640.569000,0.201119
1640.570000,0.303135
1640.571000,0.353907
1640.572000,0.441143
1640.573000,0.427781
1640.574000,0.437187
1640.575000,0.392877
1640.576000,0.354769
1640.577000,0.229294
1640.578000,0.352603
1640.579000,0.145178
1640.580000,-0.052553
1640.581000,-0.137519
1640.582000,-0.074839
1640.583000,-0.059545
1640.584000,-0.098995
1640.585000,-0.047598
1640.586000,-0.205472
1640.587000,-0.335764
1640.588000,-0.383531
1640.589000,-0.439323
1640.590000,-0.460127
1640.591000,-0.393119
1640.592000,-0.296451
1640.593000,-0.247549
1640.594000,-0.346184
1640.595000,-0.241769
1640.596000,-0.129783
1640.597000,-0.241522
1640.598000,-0.348771
1640.599000,-0.380134
1640.600000,-0.380670
1640.601000,-0.293205
1640.602000,-0.347418
1640.603000,-0.187779
1640.604000,-0.133387
1640.605000,-0.017709
1640.606000,0.145137
1640.607000,-0.022993
1640.608000,0.094079
1640.609000,0.046590
1640.610000,0.162705
1640.611000,0.018383
1640.612000,0.090596
1640.613000,0.200202
1640.614000,0.069431
1640.615000,0.040451
1640.616000,0.106963
1640.617000,0.006834
1640.618000,-0.114224
1640.619000,-0.213671
1640.620000,-0.200155
1640.621000,-0.143428
1640.622000,-0.255807
1640.623000,-0.165816
1640.624000,0.025789
1640.625000,-0.024396
1640.626000,0.076663
1640.627000,0.191015
1640.628000,0.173042
1640.629000,0.180769
1640.630000,0.129683
1640.631000,0.174109
1640.632000,0.147745
1640.633000,-0.006759
1640.634000,0.049787
1640.635000,-0.110434
1640.636000,-0.129256
1640.637000,-0.066872
1640.638000,0.076046
1640.639000,0.074659
1640.640000,0.145690
1640.641000,0.139904
1640.642000,0.332223
1640.643000,0.345128
1640.644000,0.164426
1640.645000,0.364083
1640.646000,0.497898
1640.647000,0.462580
1640.648000,0.541936
1640.649000,0.324701
1640.650000,0.307704
1640.651000,0.251869
1640.652000,0.338008
1640.653000,0.306234
1640.654000,0.074850
1640.655000,0.045175
1640.656000,-0.093694
1640.657000,-0.030742
1640.658000,-0.064324
1640.659000,-0.014448
1640.660000,0.016034
1640.661000,0.199125
1640.662000,0.091023
1640.663000,0.010218
1640.664000,0.135422
1640.665000,0.030418
1640.666000,0.039688
1640.667000,0.171078
1640.668000,0.298030
1640.669000,0.315953
1640.670000,0.295188
1640.671000,0.263988
1640.672000,0.487551
1640.673000,0.432251
1640.674000,0.379143
1640.675000,0.305642
1640.676000,0.310960
1640.677000,0.345709
1640.678000,0.451536
1640.679000,0.355329
1640.680000,0.400708
1640.681000,0.587775
1640.682000,0.629515
1640.683000,0.688131
1640.684000,0.722169
1640.685000,0.806378
1640.686000,0.684175
1640.687000,0.513656
1640.688000,0.466145
1640.689000,0.426642
1640.690000,0.611287
1640.691000,0.575272
1640.692000,0.479247
1640.693000,0.301915
1640.694000,0.098064
1640.695000,0.130729
1640.696000,0.093770
1640.697000,0.093702
1640.698000,-0.075107
1640.699000,-0.088662
1640.700000,0.075874
1640.701000,-0.038224
1640.702000,0.101515
1640.703000,0.065964
1640.704000,0.147668
1640.705000,0.020962
1640.706000,0.175513
1640.707000,0.225536
1640.708000,0.362155
1640.709000,0.226401
1640.710000,0.095259
1640.711000,0.240872
1640.712000,0.405627
1640.713000,0.285777
1640.714000,0.331663
1640.715000,0.237251
1640.716000,0.284880
1640.717000,0.171329
1640.718000,0.153945
1640.719000,0.233782
1640.720000,0.303020
1640.721000,0.227409
1640.722000,0.081772
1640.723000,0.071621
1640.724000,-0.015619
1640.725000,0.163234
1640.726000,0.160092
1640.727000,0.140127
1640.728000,0.088353
1640.729000,0.097313
1640.730000,0.307756
1640.731000,0.161886
1640.732000,0.186790
1640.733000,0.198831
1640.734000,0.125977
1640.735000,0.126675
1640.736000,0.107051
1640.737000,0.192514
1640.738000,0.246594
1640.739000,0.312094
1640.740000,0.147764
1640.741000,0.057820
1640.742000,0.076629
1640.743000,0.034029
1640.744000,0.020348
1640.745000,0.199234
1640.746000,0.249148
1640.747000,-0.018538
1640.748000,-0.099118
1640.749000,-0.134670
1640.750000,-0.155298
1640.751000,-0.080706
1640.752000,-0.128062
1640.753000,0.019346
1640.754000,-0.066762
1640.755000,0.026075
1640.756000,0.107474
1640.757000,0.079316
1640.758000,-0.033551
1640.759000,-0.043782
1640.760000,-0.201657
1640.761000,-0.151952
1640.762000,-0.213879
1640.763000,-0.158165
1640.764000,0.077636
1640.765000,0.111393
1640.766000,0.124619
1640.767000,0.158850
1640.768000,0.033084
1640.769000,0.037162
1640.770000,0.157828
1640.771000,-0.020457
1640.772000,0.052541
1640.773000,0.071118
1640.774000,0.122707
1640.775000,0.189197
1640.776000,0.330843
1640.777000,0.431213
1640.778000,0.662479
1640.779000,0.652323
1640.780000,0.600074
1640.781000,0.721944
1640.782000,0.775101
1640.783000,0.885085
1640.784000,0.818953
1640.785000,0.714469
1640.786000,0.782858
1640.787000,0.989640
1640.788000,0.944800
1640.789000,0.809689
1640.790000,0.785083
1640.791000,1.048288
1640.792000,1.081367
1640.793000,0.920881
1640.794000,0.948050
1640.795000,1.126970
1640.796000,1.041531
1640.797000,1.021678
1640.798000,1.170777
1640.799000,1.250216
1640.800000,1.199102
1640.801000,1.332022
1640.802000,1.045005
1640.803000,0.984582
1640.804000,1.015140
1640.805000,0.862978
1640.806000,0.923297
1640.807000,0.854524
1640.808000,0.926702
1640.809000,1.116948
1640.810000,1.055303
1640.811000,1.112955
1640.812000,0.887502
1640.813000,0.870501
1640.814000,0.826557
1640.815000,0.854655
1640.816000,0.774864
1640.817000,0.871102
1640.818000,0.912929
1640.819000,0.675801
1640.820000,0.650108
1640.821000,0.750847
1640.822000,0.621521
1640.823000,0.477737
1640.824000,0.494254
1640.825000,0.287658
1640.826000,0.322100
1640.827000,0.457616
1640.828000,0.434462
1640.829000,0.333087
1640.830000,0.332000
1640.831000,0.259811
1640.832000,0.275336
1640.833000,0.177110
1640.834000,0.220063
1640.835000,0.117086
1640.836000,0.162104
1640.837000,0.186431
1640.838000,0.123451
1640.839000,0.095922
1640.840000,0.041537
1640.841000,-0.063779
1640.842000,-0.071950
1640.843000,-0.146383
1640.844000,-0.294725
1640.845000,-0.209373
1640.846000,-0.188658
1640.847000,-0.187498
1640.848000,-0.323202
1640.849000,-0.426884
1640.850000,-0.450138
1640.851000,-0.324512
1640.852000,-0.212030
1640.853000,-0.253236
1640.854000,-0.122057
1640.855000,-0.471175
1640.856000,-0.362811
1640.857000,-0.190178
1640.858000,-0.130503
1640.859000,-0.369292
1640.860000,-0.261317
1640.861000,-0.349325
1640.862000,-0.321446
1640.863000,-0.412307
1640.864000,-0.344267
1640.865000,-0.416305
1640.866000,-0.185501
1640.867000,-0.282568
1640.868000,-0.329791
1640.869000,-0.277775
1640.870000,-0.155346
1640.871000,-0.027028
1640.872000,-0.005036
1640.873000,-0.063208
1640.874000,-0.054947
1640.875000,-0.198501
1640.876000,-0.188342
1640.877000,-0.366146
1640.878000,-0.409936
1640.879000,-0.267028
1640.880000,-0.221475
1640.881000,-0.164336
1640.882000,-0.066418
1640.883000,-0.087657
1640.884000,0.043508
1640.885000,0.077873
1640.886000,0.099235
1640.887000,0.036455
1640.888000,0.122549
1640.889000,0.003241
1640.890000,0.159129
1640.891000,0.094443
1640.892000,0.137722
1640.893000,0.149468
1640.894000,0.240269
1640.895000,-0.035738
1640.896000,-0.032040
1640.897000,-0.138588
1640.898000,-0.186329
1640.899000,-0.115823
1640.900000,-0.360959
1640.901000,-0.469422
1640.902000,-0.398760
1640.903000,-0.438722
1640.904000,-0.299591
1640.905000,-0.132919
1640.906000,-0.304795
1640.907000,-0.394808
1640.908000,-0.591978
1640.909000,-0.749518
1640.910000,-0.607818
1640.911000,-0.444228
1640.912000,-0.490981
1640.913000,-0.626882
1640.914000,-0.531590
1640.915000,-0.550828
1640.916000,-0.390523
1640.917000,-0.266566
1640.918000,-0.240105
1640.919000,-0.149058
1640.920000,-0.276463
1640.921000,-0.226179
1640.922000,-0.249466
1640.923000,-0.226683
1640.924000,-0.376437
1640.925000,-0.502630
1640.926000,-0.440255
1640.927000,-0.229951
1640.928000,-0.209527
1640.929000,0.035916
1640.930000,0.166554
1640.931000,0.088831
1640.932000,-0.084693
1640.933000,0.054973
1640.934000,0.135292
1640.935000,-0.044234
1640.936000,-0.042385
1640.937000,-0.094461
1640.938000,-0.110353
1640.939000,-0.082130
1640.940000,-0.034471
1640.941000,-0.067866
1640.942000,-0.067001
1640.943000,-0.102403
1640.944000,-0.175194
1640.945000,-0.258745
1640.946000,-0.283382
1640.947000,-0.244740
1640.948000,-0.089186
1640.949000,0.083931
1640.950000,0.187027
1640.951000,0.132736
1640.952000,0.194624
1640.953000,0.221887
1640.954000,0.254594
1640.955000,0.225850
1640.956000,0.080942
1640.957000,0.064427
1640.958000,-0.033543
1640.959000,-0.018447
1640.960000,0.026074
1640.961000,0.063240
1640.962000,0.016992
1640.963000,0.043301
1640.964000,-0.091914
1640.965000,-0.142501
1640.966000,-0.116193
1640.967000,-0.167720
1640.968000,-0.139297
1640.969000,-0.092882
1640.970000,-0.118379
1640.971000,-0.027573
1640.972000,-0.078563
1640.973000,-0.007834
1640.974000,-0.008127
1640.975000,0.034898
1640.976000,-0.133137
1640.977000,-0.141327
1640.978000,-0.205734
1640.979000,-0.271859
1640.980000,-0.143118
1640.981000,-0.216475
1640.982000,-0.091918
1640.983000,-0.302345
1640.984000,-0.384888
1640.985000,-0.316292
1640.986000,-0.291640
1640.987000,-0.167139
1640.988000,-0.153682
1640.989000,-0.064232
1640.990000,-0.150465
1640.991000,-0.267786
1640.992000,-0.363523
1640.993000,-0.445005
1640.994000,-0.472079
1640.995000,-0.309414
1640.996000,-0.327182
1640.997000,-0.307207
1640.998000,-0.103605
1640.999000,-0.005522
1641.000000,0.031671
1641.001000,0.025503
1641.002000,0.029398
1641.003000,-0.057682
1641.004000,-0.106732
1641.005000,0.014912
1641.006000,0.094427
1641.007000,0.183671
1641.008000,0.133466
1641.009000,0.140410
1641.010000,0.255272
1641.011000,0.109052
1641.012000,0.146937
1641.013000,0.075113
1641.014000,-0.047738
1641.015000,-0.031533
1641.016000,0.042342
1641.017000,0.181881
1641.018000,-0.029234
1641.019000,-0.200694
1641.020000,-0.307566
1641.021000,-0.326495
1641.022000,-0.378338
1641.023000,-0.447434
1641.024000,-0.490348
1641.025000,-0.670676
1641.026000,-0.569484
1641.027000,-0.562644
1641.028000,-0.493417
1641.029000,-0.323502
1641.030000,-0.286911
1641.031000,-0.251625
1641.032000,-0.291606
1641.033000,-0.290667
1641.034000,-0.371330
1641.035000,-0.494801
1641.036000,-0.692005
1641.037000,-0.639069
1641.038000,-0.709001
1641.039000,-0.678587
1641.040000,-0.599435
1641.041000,-0.590731
1641.042000,-0.511100
1641.043000,-0.505066
1641.044000,-0.548065
1641.045000,-0.675154
1641.046000,-0.504945
1641.047000,-0.511278
1641.048000,-0.408781
1641.049000,-0.590818
1641.050000,-0.896706
1641.051000,-0.807229
1641.052000,-0.848451
1641.053000,-0.904672
1641.054000,-0.754095
1641.055000,-0.711995
1641.056000,-0.735525
1641.057000,-0.665419
1641.058000,-0.645847
1641.059000,-0.541211
1641.060000,-0.519860
1641.061000,-0.588657
1641.062000,-0.734706
1641.063000,-0.734435
1641.064000,-0.807633
1641.065000,-0.810783
1641.066000,-0.875685
1641.067000,-0.736025
1641.068000,-0.689502
1641.069000,-0.548540
1641.070000,-0.521078
1641.071000,-0.545494
1641.072000,-0.340590
1641.073000,-0.392287
1641.074000,-0.466491
1641.075000,-0.316405
1641.076000,-0.332977
1641.077000,-0.289516
1641.078000,-0.238761
1641.079000,-0.223666
1641.080000,-0.065932
1641.081000,0.217779
1641.082000,0.210906
1641.083000,0.138365
1641.084000,0.060269
1641.085000,0.150307
1641.086000,0.200667
1641.087000,0.344470
1641.088000,0.456053
1641.089000,0.333084
1641.090000,0.372144
1641.091000,0.388051
1641.092000,0.415667
1641.093000,0.373302
1641.094000,0.342421
1641.095000,0.262295
1641.096000,0.334796
1641.097000,0.392321
1641.098000,0.407661
1641.099000,0.502063
1641.100000,0.604201
1641.101000,0.655804
1641.102000,0.961154
1641.103000,0.863793
1641.104000,0.824519
1641.105000,0.750740
1641.106000,0.697390
1641.107000,0.587693
1641.108000,0.654075
1641.109000,0.762646
1641.110000,0.941402
1641.111000,0.912630
1641.112000,0.937025
1641.113000,1.080696
1641.114000,0.866372
1641.115000,0.804339
1641.116000,0.867599
1641.117000,0.720174
1641.118000,0.666878
1641.119000,0.659881
1641.120000,0.509849
1641.121000,0.575694
1641.122000,0.638064
1641.123000,0.691184
1641.124000,0.653691
1641.125000,0.572614
1641.126000,0.670032
1641.127000,0.529834
1641.128000,0.379753
1641.129000,0.427924
1641.130000,0.257407
1641.131000,0.154091
1641.132000,0.261712
1641.133000,0.247263
1641.134000,0.383653
1641.135000,0.206183
1641.136000,0.277340
1641.137000,0.271954
1641.138000,0.287392
1641.139000,0.314077
1641.140000,0.433628
1641.141000,0.377277
1641.142000,0.461972
1641.143000,0.351450
1641.144000,0.277380
1641.145000,0.125016
1641.146000,0.094240
1641.147000,0.114604
1641.148000,0.069428
1641.149000,0.161112
1641.150000,0.075208
1641.151000,-0.011699
1641.152000,0.019826
1641.153000,-0.093152
1641.154000,-0.051519
1641.155000,0.105641
1641.156000,0.241726
1641.157000,0.232227
1641.158000,0.206598
1641.159000,0.226436
1641.160000,0.223479
1641.161000,0.020880
1641.162000,-0.124121
1641.163000,-0.226829
1641.164000,-0.308019
1641.165000,-0.333097
1641.166000,-0.467995
1641.167000,-0.458201
1641.168000,-0.371562
1641.169000,-0.396324
1641.170000,-0.284230
1641.171000,-0.119374
1641.172000,-0.108955
1641.173000,0.032696
1641.174000,0.031383
1641.175000,-0.011013
1641.176000,-0.016169
1641.177000,-0.152527
1641.178000,-0.311826
1641.179000,-0.512421
1641.180000,-0.415636
1641.181000,-0.534172
1641.182000,-0.674676
1641.183000,-0.508917
1641.184000,-0.462262
1641.185000,-0.420409
1641.186000,-0.398999
1641.187000,-0.425927
1641.188000,-0.619848
1641.189000,-0.482702
1641.190000,-0.320277
1641.191000,-0.332557
1641.192000,-0.470180
1641.193000,-0.561768
1641.194000,-0.745175
1641.195000,-0.472701
1641.196000,-0.450137
1641.197000,-0.472335
1641.198000,-0.480255
1641.199000,-0.566107
1641.200000,-0.619674
1641.201000,-0.585067
1641.202000,-0.711779
1641.203000,-0.781634
1641.204000,-0.978011
1641.205000,-0.987022
1641.206000,-1.014829
1641.207000,-0.709693
1641.208000,-0.585569
1641.209000,-0.457202
1641.210000,-0.254016
1641.211000,-0.332602
1641.212000,-0.388306
1641.213000,-0.318298
1641.214000,-0.247568
1641.215000,-0.182668
1641.216000,-0.053942
1641.217000,0.088525
1641.218000,0.137781
1641.219000,0.373490
1641.220000,0.181591
1641.221000,0.104634
1641.222000,-0.009230
1641.223000,0.097361
1641.224000,0.101016
1641.225000,0.175719
1641.226000,0.171280
1641.227000,0.071490
1641.228000,0.026909
1641.229000,0.045911
1641.230000,0.209214
1641.231000,0.123016
1641.232000,0.157645
1641.233000,0.311855
1641.234000,0.365658
1641.235000,0.299749
1641.236000,0.172962
1641.237000,0.208610
1641.238000,0.221699
1641.239000,0.119165
1641.240000,0.160015
1641.241000,0.002548
1641.242000,-0.061643
1641.243000,-0.019408
1641.244000,0.005709
1641.245000,0.157989
1641.246000,0.180345
1641.247000,0.103988
1641.248000,0.102013
1641.249000,0.297519
1641.250000,0.312562
1641.251000,0.400953
1641.252000,0.370197
1641.253000,0.653899
1641.254000,0.598813
1641.255000,0.662187
1641.256000,0.431080
1641.257000,0.328005
1641.258000,0.233634
1641.259000,0.199663
1641.260000,0.142369
1641.261000,0.180428
1641.262000,0.275855
1641.263000,0.284808
1641.264000,0.341199
1641.265000,0.462435
1641.266000,0.444545
1641.267000,0.354816
1641.268000,0.365287
1641.269000,0.172277
1641.270000,0.404261
1641.271000,0.473934
1641.272000,0.490084
1641.273000,0.507888
1641.274000,0.344270
1641.275000,0.292157
1641.276000,0.293862
1641.277000,0.367078
1641.278000,0.349691
1641.279000,0.291182
1641.280000,0.272846
1641.281000,0.314195
1641.282000,0.185719
1641.283000,0.185616
1641.284000,0.263055
1641.285000,0.471076
1641.286000,0.607768
1641.287000,0.530066
1641.288000,0.599198
1641.289000,0.684300
1641.290000,0.645434
1641.291000,0.591556
1641.292000,0.466222
1641.293000,0.171267
1641.294000,0.225492
1641.295000,0.353255
1641.296000,0.414709
1641.297000,0.365803
1641.298000,0.323177
1641.299000,0.329754
1641.300000,0.157175
1641.301000,0.265160
1641.302000,0.350337
1641.303000,0.413660
1641.304000,0.224289
1641.305000,0.114131
1641.306000,0.106948
1641.307000,0.102594
1641.308000,0.227071
1641.309000,0.175721
1641.310000,0.134276
1641.311000,0.075407
1641.312000,0.012312
1641.313000,0.064670
1641.314000,0.224768
1641.315000,0.147981
1641.316000,0.322839
1641.317000,0.257628
1641.318000,0.149691
1641.319000,0.151271
1641.320000,-0.009698
1641.321000,0.029251
1641.322000,-0.095905
1641.323000,-0.051810
1641.324000,0.044565
1641.325000,0.272757
1641.326000,0.376524
1641.327000,0.517600
1641.328000,0.347112
1641.329000,0.583117
1641.330000,0.442874
1641.331000,0.256616
1641.332000,0.237093
1641.333000,0.342556
1641.334000,0.227991
1641.335000,0.295417
1641.336000,0.153896
1641.337000,0.140742
1641.338000,0.184533
1641.339000,0.377198
1641.340000,0.396593
1641.341000,0.193049
1641.342000,0.295920
1641.343000,0.398345
1641.344000,0.387221
1641.345000,0.330339
1641.346000,0.228576
1641.347000,0.265470
1641.348000,0.243686
1641.349000,0.287945
1641.350000,0.245834
1641.351000,0.232049
1641.352000,0.081872
1641.353000,0.073292
1641.354000,0.051331
1641.355000,0.173397
1641.356000,0.261236
1641.357000,0.272359
1641.358000,0.221782
1641.359000,0.282653
1641.360000,0.310111
1641.361000,0.185724
1641.362000,0.181522
1641.363000,0.180621
1641.364000,0.068729
1641.365000,0.130878
1641.366000,0.319693
1641.367000,0.323684
1641.368000,0.329383
1641.369000,0.235175
1641.370000,0.278026
1641.371000,0.258954
1641.372000,0.199063
1641.373000,0.198656
1641.374000,0.127465
1641.375000,0.070465
1641.376000,0.139325
1641.377000,0.070337
1641.378000,-0.176530
1641.379000,-0.337584
1641.380000,-0.402381
1641.381000,-0.437765
1641.382000,-0.608990
1641.383000,-0.649238
1641.384000,-0.644101
1641.385000,-0.599376
1641.386000,-0.527172
1641.387000,-0.539237
1641.388000,-0.507808
1641.389000,-0.629817
1641.390000,-0.619909
1641.391000,-0.577527
1641.392000,-0.583787
1641.393000,-0.729769
1641.394000,-0.870867
1641.395000,-0.888002
1641.396000,-0.718189
1641.397000,-0.628174
1641.398000,-0.574299
1641.399000,-0.692651
1641.400000,-0.452206
1641.401000,-0.538234
1641.402000,-0.593367
1641.403000,-0.628318
1641.404000,-0.535542
1641.405000,-0.763978
1641.406000,-0.606559
1641.407000,-0.759363
1641.408000,-0.730215
1641.409000,-0.588953
1641.410000,-0.646390
1641.411000,-0.669137
1641.412000,-0.566430
1641.413000,-0.476369
1641.414000,-0.368413
1641.415000,-0.216796
1641.416000,-0.250843
1641.417000,-0.345416
1641.418000,-0.380490
1641.419000,-0.289865
1641.420000,-0.399451
1641.421000,-0.242771
1641.422000,-0.349747
1641.423000,-0.280581
1641.424000,-0.208450
1641.425000,-0.353791
1641.426000,-0.194957
1641.427000,-0.217456
1641.428000,-0.181272
1641.429000,-0.346641
1641.430000,-0.343649
1641.431000,-0.140384
1641.432000,-0.012749
1641.433000,0.170604
1641.434000,0.074045
1641.435000,0.057716
1641.436000,0.005226
1641.437000,0.001574
1641.438000,0.072445
1641.439000,0.130435
1641.440000,0.025110
1641.441000,0.097248
1641.442000,0.111891
1641.443000,0.194137
1641.444000,0.095337
1641.445000,0.207524
1641.446000,0.097949
1641.447000,0.030347
1641.448000,-0.015876
1641.449000,-0.068390
1641.450000,-0.057193
1641.451000,-0.036588
1641.452000,-0.236465
1641.453000,-0.240138
1641.454000,-0.264187
1641.455000,-0.208379
1641.456000,-0.356173
1641.457000,-0.282852
1641.458000,-0.327263
1641.459000,-0.414056
1641.460000,-0.517033
1641.461000,-0.477438
1641.462000,-0.775232
1641.463000,-0.943876
1641.464000,-0.949304
1641.465000,-0.895708
1641.466000,-0.900110
1641.467000,-0.866928
1641.468000,-0.849491
1641.469000,-0.800838
1641.470000,-0.860300
1641.471000,-0.858683
1641.472000,-0.768253
1641.473000,-0.847931
1641.474000,-0.772950
1641.475000,-0.847871
1641.476000,-0.986887
1641.477000,-0.985175
1641.478000,-0.887591
1641.479000,-0.812169
1641.480000,-0.696297
1641.481000,-0.569675
1641.482000,-0.477062
1641.483000,-0.340036
1641.484000,-0.444641
1641.485000,-0.463216
1641.486000,-0.461812
1641.487000,-0.434437
1641.488000,-0.310810
1641.489000,-0.201965
1641.490000,-0.225547
1641.491000,-0.260761
1641.492000,-0.291170
1641.493000,-0.326184
1641.494000,-0.254101
1641.495000,-0.069486
1641.496000,0.040467
1641.497000,0.123866
1641.498000,0.163368
1641.499000,0.130884
1641.500000,0.122077
1641.501000,0.231793
1641.502000,0.235229
1641.503000,0.097090
1641.504000,0.029736
1641.505000,0.046183
1641.506000,0.000197
1641.507000,0.142699
1641.508000,0.104965
1641.509000,0.155371
1641.510000,-0.030609
1641.511000,-0.081507
1641.512000,0.077734
1641.513000,0.259676
1641.514000,0.211460
1641.515000,0.313260
1641.516000,0.281611
1641.517000,0.050554
1641.518000,0.045883
1641.519000,0.139220
1641.520000,0.046069
1641.521000,0.084295
1641.522000,0.124011
1641.523000,0.056590
1641.524000,-0.046770
1641.525000,-0.019424
1641.526000,-0.152777
1641.527000,-0.312370
1641.528000,-0.280392
1641.529000,-0.157286
1641.530000,-0.220636
1641.531000,-0.144520
1641.532000,-0.120986
1641.533000,-0.266385
1641.534000,-0.208958
1641.535000,-0.158209
1641.536000,-0.186639
1641.537000,-0.374615
1641.538000,-0.386899
1641.539000,-0.358271
1641.540000,-0.095698
1641.541000,0.015409
1641.542000,-0.091992
1641.543000,-0.005439
1641.544000,0.102995
1641.545000,-0.014628
1641.546000,0.007435
1641.547000,0.118742
1641.548000,0.021434
1641.549000,-0.163863
1641.550000,-0.363735
1641.551000,-0.354619
1641.552000,-0.435430
1641.553000,-0.429131
1641.554000,-0.446861
1641.555000,-0.350648
1641.556000,-0.399954
1641.557000,-0.508363
1641.558000,-0.323077
1641.559000,-0.417518
1641.560000,-0.552260
1641.561000,-0.392333
1641.562000,-0.505380
1641.563000,-0.527394
1641.564000,-0.454168
1641.565000,-0.483480
1641.566000,-0.549881
1641.567000,-0.608952
1641.568000,-0.653631
1641.569000,-0.667788
1641.570000,-0.677025
1641.571000,-0.689551
1641.572000,-0.494666
1641.573000,-0.455285
1641.574000,-0.514391
1641.575000,-0.621384
1641.576000,-0.731040
1641.577000,-0.797843
1641.578000,-0.868247
1641.579000,-0.893172
1641.580000,-0.987371
1641.581000,-0.961316
1641.582000,-0.819001
1641.583000,-0.792991
1641.584000,-0.943301
1641.585000,-0.771145
1641.586000,-0.776186
1641.587000,-0.750145
1641.588000,-0.725573
1641.589000,-0.750698
1641.590000,-0.513772
1641.591000,-0.513997
1641.592000,-0.455422
1641.593000,-0.497958
1641.594000,-0.452037
1641.595000,-0.430516
1641.596000,-0.572355
1641.597000,-0.646842
1641.598000,-0.690376
1641.599000,-0.917170
1641.600000,-0.652169
1641.601000,-0.637730
1641.602000,-0.610860
1641.603000,-0.494535
1641.604000,-0.449238
1641.605000,-0.424483
1641.606000,-0.300895
1641.607000,-0.045326
1641.608000,-0.244238
1641.609000,-0.194007
1641.610000,-0.130840
1641.611000,-0.060805
1641.612000,-0.016922
1641.613000,0.071427
1641.614000,0.010016
1641.615000,0.182817
1641.616000,0.189024
1641.617000,0.316955
1641.618000,0.350452
1641.619000,0.438042
1641.620000,0.374626
1641.621000,0.330023
1641.622000,0.339018
1641.623000,0.451221
1641.624000,0.479864
1641.625000,0.336826
1641.626000,0.234229
1641.627000,0.243566
1641.628000,0.337353
1641.629000,0.442157
1641.630000,0.653809
1641.631000,0.862836
1641.632000,0.784751
1641.633000,0.752906
1641.634000,0.857991
1641.635000,0.684534
1641.636000,0.821177
1641.637000,0.831007
1641.638000,0.869163
1641.639000,0.927130
1641.640000,0.825942
1641.641000,0.838814
1641.642000,0.942077
1641.643000,0.918307
1641.644000,1.014200
1641.645000,1.192331
1641.646000,1.173315
1641.647000,1.036418
1641.648000,0.998963
1641.649000,0.922971
1641.650000,1.060631
1641.651000,0.860029
1641.652000,0.762377
1641.653000,0.825429
1641.654000,0.680567
1641.655000,0.799868
1641.656000,0.850767
1641.657000,0.827722
1641.658000,0.712791
1641.659000,0.588540
1641.660000,0.631748
1641.661000,0.634542
1641.662000,0.702070
1641.663000,0.804948
1641.664000,0.852290
1641.665000,0.892127
1641.666000,0.904046
1641.667000,0.817369
1641.668000,0.727658
1641.669000,0.785789
1641.670000,0.783554
1641.671000,1.019892
1641.672000,1.016777
1641.673000,1.133638
1641.674000,1.003847
1641.675000,0.983695
1641.676000,1.103392
1641.677000,1.123976
1641.678000,0.975886
1641.679000,0.996080
1641.680000,0.839192
1641.681000,0.662065
1641.682000,0.451663
1641.683000,0.484718
1641.684000,0.382738
1641.685000,0.373870
1641.686000,0.521027
1641.687000,0.383630
1641.688000,0.354179
1641.689000,0.323932
1641.690000,0.302865
1641.691000,0.366654
1641.692000,0.412758
1641.693000,0.367119
1641.694000,0.417854
1641.695000,0.275994
1641.696000,0.087105
1641.697000,0.032754
1641.698000,-0.105569
1641.699000,0.151864
1641.700000,-0.044103
1641.701000,-0.168016
1641.702000,-0.064545
1641.703000,-0.127586
1641.704000,0.053492
1641.705000,-0.057268
1641.706000,0.123671
1641.707000,0.259151
1641.708000,0.432991
1641.709000,0.556821
1641.710000,0.488296
1641.711000,0.309534
1641.712000,0.187117
1641.713000,0.242609
1641.714000,0.110252
1641.715000,0.084019
1641.716000,-0.029039
1641.717000,-0.147461
1641.718000,-0.236912
1641.719000,-0.269779
1641.720000,-0.146797
1641.721000,-0.132508
1641.722000,-0.165763
1641.723000,-0.075796
1641.724000,0.046055
1641.725000,-0.068086
1641.726000,-0.198710
1641.727000,-0.161142
1641.728000,-0.084800
1641.729000,-0.178334
1641.730000,-0.227422
1641.731000,-0.287332
1641.732000,-0.487164
1641.733000,-0.507821
1641.734000,-0.609409
1641.735000,-0.615782
1641.736000,-0.471573
1641.737000,-0.513986
1641.738000,-0.482493
1641.739000,-0.509009
1641.740000,-0.495993
1641.741000,-0.460323
1641.742000,-0.638074
1641.743000,-0.523909
1641.744000,-0.556149
1641.745000,-0.477769
1641.746000,-0.450517
1641.747000,-0.333264
1641.748000,-0.193251
1641.749000,-0.137441
1641.750000,-0.195596
1641.751000,-0.208571
1641.752000,-0.222437
1641.753000,-0.358223
1641.754000,-0.486933
1641.755000,-0.438236
1641.756000,-0.419203
1641.757000,-0.415210
1641.758000,-0.197785
1641.759000,-0.211249
1641.760000,-0.308786
1641.761000,-0.349833
1641.762000,-0.336165
1641.763000,-0.259240
1641.764000,-0.331096
1641.765000,-0.392870
1641.766000,-0.361580
1641.767000,-0.277249
1641.768000,-0.312937
1641.769000,-0.238515
1641.770000,-0.248428
1641.771000,-0.220198
1641.772000,-0.217391
1641.773000,-0.198415
1641.774000,-0.091391
1641.775000,-0.110470
1641.776000,0.061288
1641.777000,0.021030
1641.778000,0.085992
1641.779000,0.039926
1641.780000,0.191529
1641.781000,0.210768
1641.782000,0.304838
1641.783000,0.311840
1641.784000,0.265532
1641.785000,0.267414
1641.786000,0.208852
1641.787000,0.290716
1641.788000,0.346098
1641.789000,0.429393
1641.790000,0.551563
1641.791000,0.532817
1641.792000,0.552679
1641.793000,0.771827
1641.794000,0.581904
1641.795000,0.702576
1641.796000,0.831996
1641.797000,0.840525
1641.798000,0.760843
1641.799000,0.643221
1641.800000,0.707413
1641.801000,0.721006
1641.802000,0.717090
1641.803000,0.782691
1641.804000,0.639202
1641.805000,0.618927
1641.806000,0.411371
1641.807000,0.360006
1641.808000,0.316236
1641.809000,0.107274
1641.810000,0.179776
1641.811000,0.137432
1641.812000,0.218311
1641.813000,0.427310
1641.814000,0.509707
1641.815000,0.471051
1641.816000,0.407791
1641.817000,0.354689
1641.818000,0.331261
1641.819000,0.353804
1641.820000,0.413568
1641.821000,0.441442
1641.822000,0.648106
1641.823000,0.907417
1641.824000,0.728179
1641.825000,0.659833
1641.826000,0.699185
1641.827000,0.569001
1641.828000,0.527678
1641.829000,0.480679
1641.830000,0.621849
1641.831000,0.562184
1641.832000,0.632598
1641.833000,0.512232
1641.834000,0.640124
1641.835000,0.527188
1641.836000,0.685925
1641.837000,0.618604
1641.838000,0.584496
1641.839000,0.533794
1641.840000,0.638537
1641.841000,0.596939
1641.842000,0.664090
1641.843000,0.695979
1641.844000,0.808530
1641.845000,0.892293
1641.846000,0.807890
1641.847000,0.770230
1641.848000,0.946080
1641.849000,0.860479
1641.850000,0.807596
1641.851000,0.771428
1641.852000,0.772576
1641.853000,0.704610
1641.854000,0.647184
1641.855000,0.828999
1641.856000,0.786981
1641.857000,0.591542
1641.858000,0.356627
1641.859000,0.317982
1641.860000,0.330532
1641.861000,0.464565
1641.862000,0.364742
1641.863000,0.403225
1641.864000,0.350523
1641.865000,0.350418
1641.866000,0.181123
1641.867000,0.243199
1641.868000,0.147692
1641.869000,0.074540
1641.870000,0.128146
1641.871000,-0.053406
1641.872000,-0.102394
1641.873000,-0.123330
1641.874000,-0.088912
1641.875000,0.013669
1641.876000,-0.014868
1641.877000,-0.116154
1641.878000,-0.214241
1641.879000,-0.014887
1641.880000,0.051303
1641.881000,-0.075959
1641.882000,-0.253185
1641.883000,-0.161206
1641.884000,-0.269083
1641.885000,-0.385695
1641.886000,-0.328756
1641.887000,-0.074487
1641.888000,-0.104037
1641.889000,-0.003507
1641.890000,0.027122
1641.891000,0.078418
1641.892000,0.046003
1641.893000,0.149806
1641.894000,0.168845
1641.895000,0.101188
1641.896000,0.084900
1641.897000,0.113105
1641.898000,0.207791
1641.899000,0.167406
1641.900000,0.254831
1641.901000,0.166317
1641.902000,0.214138
1641.903000,0.295639
1641.904000,0.221339
1641.905000,0.275200
1641.906000,0.322051
1641.907000,0.226535
1641.908000,0.156492
1641.909000,0.079619
1641.910000,0.086005
1641.911000,0.093486
1641.912000,0.085984
1641.913000,0.198255
1641.914000,0.292222
1641.915000,0.110242
1641.916000,0.204308
1641.917000,0.318467
1641.918000,0.253936
1641.919000,0.140928
1641.920000,0.208761
1641.921000,0.334677
1641.922000,0.403742
1641.923000,0.453182
1641.924000,0.433508
1641.925000,0.387018
1641.926000,0.521489
1641.927000,0.480859
1641.928000,0.409393
1641.929000,0.353656
1641.930000,0.323475
1641.931000,0.258858
1641.932000,0.057943
1641.933000,0.192597
1641.934000,0.246850
1641.935000,0.257581
1641.936000,0.240954
1641.937000,0.252608
1641.938000,0.244487
1641.939000,0.255153
1641.940000,0.505041
1641.941000,0.544526
1641.942000,0.497351
1641.943000,0.290382
1641.944000,0.225282
1641.945000,0.230922
1641.946000,-0.024617
1641.947000,0.013605
1641.948000,-0.192353
1641.949000,-0.341418
1641.950000,-0.403732
1641.951000,-0.496304
1641.952000,-0.532266
1641.953000,-0.481104
1641.954000,-0.445078
1641.955000,-0.560454
1641.956000,-0.400168
1641.957000,-0.377214
1641.958000,-0.401171
1641.959000,-0.334982
1641.960000,-0.320805
1641.961000,-0.375401
1641.962000,-0.355657
1641.963000,-0.350436
1641.964000,-0.405887
1641.965000,-0.383189
1641.966000,-0.504900
1641.967000,-0.654300
1641.968000,-0.735207
1641.969000,-0.668870
1641.970000,-0.552116
1641.971000,-0.464722
1641.972000,-0.395707
1641.973000,-0.357447
1641.974000,-0.336950
1641.975000,-0.400720
1641.976000,-0.411152
1641.977000,-0.319332
1641.978000,-0.317865
1641.979000,-0.291225
1641.980000,-0.363758
1641.981000,-0.344997
1641.982000,-0.443560
1641.983000,-0.469620
1641.984000,-0.474244
1641.985000,-0.619466
1641.986000,-0.593760
1641.987000,-0.594069
1641.988000,-0.562525
1641.989000,-0.659553
1641.990000,-0.556434
1641.991000,-0.567603
1641.992000,-0.609801
1641.993000,-0.632403
1641.994000,-0.662180
1641.995000,-0.773275
1641.996000,-0.827571
1641.997000,-0.674053
1641.998000,-0.769659
1641.999000,-0.701992
1642.000000,-0.764382
1642.001000,-0.931608
1642.002000,-0.805166
1642.003000,-0.761327
1642.004000,-0.692843
1642.005000,-0.739936
1642.006000,-0.713273
1642.007000,-0.715454
1642.008000,-0.842746
1642.009000,-0.607846
1642.010000,-0.732698
1642.011000,-0.884604
1642.012000,-0.983768
1642.013000,-1.091632
1642.014000,-1.092539
1642.015000,-0.956247
1642.016000,-0.877215
1642.017000,-0.833158
1642.018000,-0.724985
1642.019000,-0.787459
1642.020000,-0.814840
1642.021000,-0.842868
1642.022000,-0.735429
1642.023000,-0.602604
1642.024000,-0.424901
1642.025000,-0.209395
1642.026000,-0.212561
1642.027000,-0.107021
1642.028000,-0.161773
1642.029000,-0.301766
1642.030000,-0.316071
1642.031000,-0.377387
1642.032000,-0.398951
1642.033000,-0.411623
1642.034000,-0.448143
1642.035000,-0.410917
1642.036000,-0.367945
1642.037000,-0.402375
1642.038000,-0.542626
1642.039000,-0.349448
1642.040000,-0.292995
1642.041000,-0.233974
1642.042000,-0.195589
1642.043000,-0.097011
1642.044000,0.021694
1642.045000,0.040438
1642.046000,-0.110322
1642.047000,-0.255762
1642.048000,-0.144267
1642.049000,-0.098011
1642.050000,-0.134014
1642.051000,-0.133232
1642.052000,-0.347578
1642.053000,-0.333858
1642.054000,-0.307935
1642.055000,-0.352355
1642.056000,-0.182767
1642.057000,-0.241212
1642.058000,-0.136238
1642.059000,-0.091417
1642.060000,-0.166705
1642.061000,-0.213144
1642.062000,-0.154453
1642.063000,-0.122944
1642.064000,-0.342461
1642.065000,-0.327608
1642.066000,-0.316079
1642.067000,-0.365384
1642.068000,-0.209008
1642.069000,-0.054663
1642.070000,-0.035482
1642.071000,0.097133
1642.072000,0.138532
1642.073000,0.252392
1642.074000,0.297906
1642.075000,0.258588
1642.076000,0.240403
1642.077000,0.306144
1642.078000,0.239388
1642.079000,0.176706
1642.080000,0.318962
1642.081000,0.363627
1642.082000,0.331772
1642.083000,0.404630
1642.084000,0.344344
1642.085000,0.087772
1642.086000,0.015474
1642.087000,0.039551
1642.088000,0.130712
1642.089000,0.418514
1642.090000,0.230330
1642.091000,0.330079
1642.092000,0.192012
1642.093000,0.273760
1642.094000,0.383608
1642.095000,0.389498
1642.096000,0.182487
1642.097000,0.132786
1642.098000,0.106725
1642.099000,0.128672
1642.100000,0.219365
1642.101000,0.209374
1642.102000,0.164964
1642.103000,-0.013344
1642.104000,0.041341
1642.105000,0.023896
1642.106000,-0.049154
1642.107000,-0.025376
1642.108000,0.134922
1642.109000,0.064555
1642.110000,-0.006414
1642.111000,0.026377
1642.112000,0.164433
1642.113000,-0.003729
1642.114000,0.144453
1642.115000,0.071891
1642.116000,-0.026047
1642.117000,-0.179803
1642.118000,-0.201907
1642.119000,-0.177976
1642.120000,-0.239156
1642.121000,-0.149453
1642.122000,-0.141948
1642.123000,-0.233958
1642.124000,-0.250522
1642.125000,-0.262303
1642.126000,-0.375317
1642.127000,-0.349777
1642.128000,-0.370314
1642.129000,-0.172971
1642.130000,-0.174874
1642.131000,-0.211198
1642.132000,-0.086217
1642.133000,-0.146447
1642.134000,-0.102436
1642.135000,-0.191254
1642.136000,-0.003779
1642.137000,-0.053368
1642.138000,0.029118
1642.139000,0.086136
1642.140000,0.216270
1642.141000,0.174989
1642.142000,0.182627
1642.143000,0.251661
1642.144000,0.416378
1642.145000,0.457752
1642.146000,0.471241
1642.147000,0.560598
1642.148000,0.749460
1642.149000,0.736416
1642.150000,0.833358
1642.151000,0.840207
1642.152000,0.858987
1642.153000,0.652633
1642.154000,0.667225
1642.155000,0.631335
1642.156000,0.701328
1642.157000,0.840591
1642.158000,1.001902
1642.159000,0.902769
1642.160000,0.688120
1642.161000,0.648915
1642.162000,0.573312
1642.163000,0.588029
1642.164000,0.546968
1642.165000,0.541993
1642.166000,0.606637
1642.167000,0.602907
1642.168000,0.693056
1642.169000,0.862281
1642.170000,0.832668
1642.171000,0.695692
1642.172000,0.834743
1642.173000,0.773572
1642.174000,0.922195
1642.175000,0.895499
1642.176000,0.688984
1642.177000,0.694107
1642.178000,0.540394
1642.179000,0.491793
1642.180000,0.418584
1642.181000,0.316055
1642.182000,0.401536
1642.183000,0.366170
1642.184000,0.246392
1642.185000,0.241941
1642.186000,0.244540
1642.187000,0.100595
1642.188000,0.178235
1642.189000,0.300933
1642.190000,0.350799
1642.191000,0.289611
1642.192000,0.461020
1642.193000,0.570234
1642.194000,0.636084
1642.195000,0.611895
1642.196000,0.659476
1642.197000,0.662435
1642.198000,0.638572
1642.199000,0.597259
1642.200000,0.538406
1642.201000,0.494101
1642.202000,0.653391
1642.203000,0.816680
1642.204000,0.688476
1642.205000,0.622557
1642.206000,0.469848
1642.207000,0.393157
1642.208000,0.394456
1642.209000,0.383188
1642.210000,0.437396
1642.211000,0.497361
1642.212000,0.505362
1642.213000,0.496960
1642.214000,0.643457
1642.215000,0.546614
1642.216000,0.524960
1642.217000,0.490525
1642.218000,0.511230
1642.219000,0.678934
1642.220000,0.606905
1642.221000,0.649833
1642.222000,0.674493
1642.223000,0.587982
1642.224000,0.661790
1642.225000,0.668438
1642.226000,0.715291
1642.227000,0.454966
1642.228000,0.387977
1642.229000,0.373495
1642.230000,0.467741
1642.231000,0.304603
1642.232000,0.449142
1642.233000,0.367300
1642.234000,0.587624
1642.235000,0.849513
1642.236000,1.018566
1642.237000,0.997679
1642.238000,1.014358
1642.239000,0.834756
1642.240000,0.834271
1642.241000,0.884129
1642.242000,0.909913
1642.243000,0.679400
1642.244000,0.640262
1642.245000,0.594431
1642.246000,0.423594
1642.247000,0.460664
1642.248000,0.521056
1642.249000,0.370664
1642.250000,0.481180
1642.251000,0.578423
1642.252000,0.537873
1642.253000,0.453091
1642.254000,0.518079
1642.255000,0.632686
1642.256000,0.477238
1642.257000,0.644969
1642.258000,0.570141
1642.259000,0.495092
1642.260000,0.482365
1642.261000,0.435312
1642.262000,0.453658
1642.263000,0.364918
1642.264000,0.399796
1642.265000,0.448088
1642.266000,0.416422
1642.267000,0.339745
1642.268000,0.223384
1642.269000,0.193009
1642.270000,0.213168
1642.271000,0.082719
1642.272000,0.297212
1642.273000,0.136521
1642.274000,0.242578
1642.275000,0.251356
1642.276000,0.317663
1642.277000,0.263392
1642.278000,0.216407
1642.279000,0.068177
1642.280000,0.284008
1642.281000,0.202642
1642.282000,0.170385
1642.283000,0.201936
1642.284000,0.402120
1642.285000,0.409757
1642.286000,0.452461
1642.287000,0.489771
1642.288000,0.585698
1642.289000,0.508418
1642.290000,0.413798
1642.291000,0.321306
1642.292000,0.189989
1642.293000,0.305147
1642.294000,0.321790
1642.295000,0.332579
1642.296000,0.438876
1642.297000,0.101570
1642.298000,0.021815
1642.299000,0.020866
1642.300000,0.058625
1642.301000,0.050157
1642.302000,0.279829
1642.303000,0.153994
1642.304000,0.035359
1642.305000,-0.056774
1642.306000,-0.113742
1642.307000,0.091239
1642.308000,0.018120
1642.309000,0.050306
1642.310000,0.044702
1642.311000,0.045623
1642.312000,-0.044185
1642.313000,-0.207449
1642.314000,-0.276236
1642.315000,-0.371042
1642.316000,-0.328088
1642.317000,-0.397209
1642.318000,-0.414092
1642.319000,-0.455215
1642.320000,-0.385839
1642.321000,-0.650819
1642.322000,-0.774322
1642.323000,-0.585810
1642.324000,-0.494219
1642.325000,-0.552074
1642.326000,-0.468648
1642.327000,-0.362866
1642.328000,-0.431902
1642.329000,-0.450614
1642.330000,-0.380893
1642.331000,-0.666213
1642.332000,-0.789479
1642.333000,-0.798989
1642.334000,-0.991702
1642.335000,-0.997822
1642.336000,-1.032774
1642.337000,-1.003890
1642.338000,-0.978760
1642.339000,-1.096991
1642.340000,-1.263612
1642.341000,-1.057070
1642.342000,-0.885105
1642.343000,-0.878095
1642.344000,-0.888276
1642.345000,-0.660859
1642.346000,-0.634426
1642.347000,-0.579832
1642.348000,-0.666253
1642.349000,-0.548491
1642.350000,-0.611662
1642.351000,-0.637292
1642.352000,-0.677405
1642.353000,-0.689245
1642.354000,-0.767572
1642.355000,-0.868876
1642.356000,-0.805061
1642.357000,-0.854891
1642.358000,-1.019598
1642.359000,-1.035913
1642.360000,-0.937098
1642.361000,-1.006150
1642.362000,-1.104505
1642.363000,-1.151632
1642.364000,-1.118453
1642.365000,-1.148487
1642.366000,-1.160773
1642.367000,-1.194889
1642.368000,-1.043204
1642.369000,-1.141717
1642.370000,-1.266137
1642.371000,-1.287330
1642.372000,-1.005707
1642.373000,-1.050242
1642.374000,-0.904406
1642.375000,-0.843984
1642.376000,-0.752430
1642.377000,-0.781693
1642.378000,-0.826487
1642.379000,-0.698744
1642.380000,-0.838251
1642.381000,-0.813792
1642.382000,-0.702064
1642.383000,-0.703697
1642.384000,-0.796054
1642.385000,-0.692429
1642.386000,-0.746536
1642.387000,-0.690706
1642.388000,-0.825230
1642.389000,-0.681593
1642.390000,-0.540150
1642.391000,-0.330807
1642.392000,-0.415515
1642.393000,-0.392193
1642.394000,-0.712863
1642.395000,-0.746092
1642.396000,-0.852819
1642.397000,-0.865709
1642.398000,-0.771990
1642.399000,-0.578380
1642.400000,-0.699908
1642.401000,-0.538892
1642.402000,-0.478461
1642.403000,-0.305600
1642.404000,-0.254504
1642.405000,-0.372209
1642.406000,-0.556957
1642.407000,-0.712736
1642.408000,-0.710940
1642.409000,-0.537700
1642.410000,-0.465469
1642.411000,-0.414969
1642.412000,-0.338285
1642.413000,-0.246213
1642.414000,-0.341893
1642.415000,-0.299033
1642.416000,-0.106517
1642.417000,-0.098551
1642.418000,-0.073569
1642.419000,-0.081313
1642.420000,-0.184249
1642.421000,-0.092200
1642.422000,-0.098364
1642.423000,-0.076391
1642.424000,-0.208128
1642.425000,-0.151925
1642.426000,-0.071505
1642.427000,-0.043742
1642.428000,-0.000374
1642.429000,-0.266552
1642.430000,-0.151228
1642.431000,-0.232787
1642.432000,-0.196545
1642.433000,-0.007946
1642.434000,-0.084343
1642.435000,-0.072348
1642.436000,0.039804
1642.437000,0.029133
1642.438000,0.259597
1642.439000,0.159847
1642.440000,0.040244
1642.441000,0.036329
1642.442000,0.237703
1642.443000,0.253800
1642.444000,0.410747
1642.445000,0.454018
1642.446000,0.429690
1642.447000,0.437998
1642.448000,0.419860
1642.449000,0.393735
1642.450000,0.500033
1642.451000,0.537814
1642.452000,0.510643
1642.453000,0.505071
1642.454000,0.526408
1642.455000,0.764035
1642.456000,0.655017
1642.457000,0.490997
1642.458000,0.540256
1642.459000,0.645429
1642.460000,0.644890
1642.461000,0.699904
1642.462000,0.617337
1642.463000,0.818871
1642.464000,0.730669
1642.465000,0.705067
1642.466000,0.782957
1642.467000,0.938921
1642.468000,0.730611
1642.469000,0.710324
1642.470000,0.704413
1642.471000,0.809011
1642.472000,0.793332
1642.473000,0.738832
1642.474000,0.477583
1642.475000,0.439479
1642.476000,0.452313
1642.477000,0.446193
1642.478000,0.558858
1642.479000,0.529946
1642.480000,0.390937
1642.481000,0.375153
1642.482000,0.098678
1642.483000,0.247007
1642.484000,0.222914
1642.485000,0.222954
1642.486000,0.273013
1642.487000,0.522464
1642.488000,0.577063
1642.489000,0.572047
1642.490000,0.471262
1642.491000,0.171787
1642.492000,0.203789
1642.493000,0.183615
1642.494000,0.221634
1642.495000,0.227073
1642.496000,0.064797
1642.497000,0.015528
1642.498000,0.023803
1642.499000,-0.000567
1642.500000,-0.057233
1642.501000,-0.055172
1642.502000,-0.211737
1642.503000,-0.055982
1642.504000,-0.281713
1642.505000,-0.280406
1642.506000,-0.099379
1642.507000,-0.141775
1642.508000,-0.268242
1642.509000,-0.461046
1642.510000,-0.545198
1642.511000,-0.557786
1642.512000,-0.454649
1642.513000,-0.319014
1642.514000,-0.331802
1642.515000,-0.275958
1642.516000,-0.311138
1642.517000,-0.317147
1642.518000,-0.371819
1642.519000,-0.354525
1642.520000,-0.414958
1642.521000,-0.388879
1642.522000,-0.124340
1642.523000,-0.055875
1642.524000,-0.152045
1642.525000,-0.237164
1642.526000,-0.312231
1642.527000,-0.321477
1642.528000,-0.273730
1642.529000,-0.437966
1642.530000,-0.487298
1642.531000,-0.474127
1642.532000,-0.429278
1642.533000,-0.533089
1642.534000,-0.454731
1642.535000,-0.623219
1642.536000,-0.562636
1642.537000,-0.670031
1642.538000,-0.768667
1642.539000,-0.486897
1642.540000,-0.534112
1642.541000,-0.698513
1642.542000,-0.621747
1642.543000,-0.556342
1642.544000,-0.492375
1642.545000,-0.310015
1642.546000,-0.171939
1642.547000,-0.217366
1642.548000,-0.294329
1642.549000,-0.271360
1642.550000,-0.387914
1642.551000,-0.490523
1642.552000,-0.270364
1642.553000,-0.352632
1642.554000,-0.155559
1642.555000,-0.167946
1642.556000,-0.072878
1642.557000,-0.146480
1642.558000,-0.251464
1642.559000,-0.249241
1642.560000,-0.163124
1642.561000,-0.333426
1642.562000,-0.262430
1642.563000,-0.160358
1642.564000,-0.371657
1642.565000,-0.286229
1642.566000,-0.328471
1642.567000,-0.325896
1642.568000,-0.349121
1642.569000,-0.348949
1642.570000,-0.253733
1642.571000,-0.347860
1642.572000,-0.593388
1642.573000,-0.683206
1642.574000,-0.746119
1642.575000,-0.571441
1642.576000,-0.583177
1642.577000,-0.540455
1642.578000,-0.723709
1642.579000,-0.616838
1642.580000,-0.725199
1642.581000,-0.744255
1642.582000,-0.664822
1642.583000,-0.610656
1642.584000,-0.661650
1642.585000,-0.582115
1642.586000,-0.706840
1642.587000,-0.572006
1642.588000,-0.578352
1642.589000,-0.554644
1642.590000,-0.575224
1642.591000,-0.630366
1642.592000,-0.602438
1642.593000,-0.436830
1642.594000,-0.476424
1642.595000,-0.501369
1642.596000,-0.450545
1642.597000,-0.326967
1642.598000,-0.322399
1642.599000,-0.165029
1642.600000,-0.107721
1642.601000,-0.315245
1642.602000,-0.154831
1642.603000,-0.093867
1642.604000,-0.039330
1642.605000,0.040459
1642.606000,-0.074304
1642.607000,-0.234347
1642.608000,-0.237421
1642.609000,-0.396942
1642.610000,-0.300032
1642.611000,-0.055488
1642.612000,-0.036655
1642.613000,-0.018743
1642.614000,-0.127769
1642.615000,-0.046642
1642.616000,-0.094968
1642.617000,-0.064158
1642.618000,-0.070280
1642.619000,0.002109
1642.620000,-0.033821
1642.621000,0.246757
1642.622000,0.229346
1642.623000,0.206166
1642.624000,0.194816
1642.625000,0.097508
1642.626000,0.194300
1642.627000,-0.026156
1642.628000,-0.151473
1642.629000,-0.127610
1642.630000,-0.246006
1642.631000,-0.214832
1642.632000,-0.301268
1642.633000,-0.173724
1642.634000,-0.022318
1642.635000,0.255112
1642.636000,0.133207
1642.637000,0.258137
1642.638000,0.278759
1642.639000,0.356479
1642.640000,0.370277
1642.641000,0.491430
1642.642000,0.463182
1642.643000,0.416988
1642.644000,0.438034
1642.645000,0.535706
1642.646000,0.315457
1642.647000,0.401966
1642.648000,0.347068
1642.649000,0.523156
1642.650000,0.352357
1642.651000,0.374123
1642.652000,0.413534
1642.653000,0.450573
1642.654000,0.418807
1642.655000,0.507478
1642.656000,0.546177
1642.657000,0.573143
1642.658000,0.662120
1642.659000,0.557078
1642.660000,0.606917
1642.661000,0.483194
1642.662000,0.422721
1642.663000,0.407138
1642.664000,0.489413
1642.665000,0.413865
1642.666000,0.428820
1642.667000,0.286197
1642.668000,0.253023
1642.669000,0.132867
1642.670000,0.140299
1642.671000,0.242388
1642.672000,0.357723
1642.673000,0.291257
1642.674000,0.236149
1642.675000,0.325912
1642.676000,0.271865
1642.677000,0.225034
1642.678000,0.316116
1642.679000,0.372401
1642.680000,0.349935
1642.681000,0.420650
1642.682000,0.520055
1642.683000,0.508399
1642.684000,0.591776
1642.685000,0.620089
1642.686000,0.672073
1642.687000,0.734592
1642.688000,0.707190
1642.689000,0.687116
1642.690000,0.657313
1642.691000,0.661224
1642.692000,0.649088
1642.693000,0.526895
1642.694000,0.515279
1642.695000,0.486070
1642.696000,0.399647
1642.697000,0.362446
1642.698000,0.299245
1642.699000,0.312771
1642.700000,0.326443
1642.701000,0.241925
1642.702000,0.192450
1642.703000,0.302323
1642.704000,0.349449
1642.705000,0.422309
1642.706000,0.476250
1642.707000,0.408727
1642.708000,0.437603
1642.709000,0.338370
1642.710000,0.031359
1642.711000,0.162512
1642.712000,0.130493
1642.713000,0.112290
1642.714000,0.080950
1642.715000,0.109111
1642.716000,0.019513
1642.717000,-0.163966
1642.718000,-0.095947
1642.719000,-0.077214
1642.720000,-0.167014
1642.721000,-0.150281
1642.722000,-0.109959
1642.723000,0.052779
1642.724000,0.177977
1642.725000,0.158167
1642.726000,0.257324
1642.727000,0.322414
1642.728000,0.289427
1642.729000,0.356224
1642.730000,0.272323
1642.731000,0.213756
1642.732000,0.283593
1642.733000,0.397465
1642.734000,0.553346
1642.735000,0.539648
1642.736000,0.561107
1642.737000,0.693191
1642.738000,0.776131
1642.739000,0.861453
1642.740000,0.676944
1642.741000,0.554184
1642.742000,0.477382
1642.743000,0.515006
1642.744000,0.505637
1642.745000,0.654948
1642.746000,0.536585
1642.747000,0.503157
1642.748000,0.551008
1642.749000,0.571689
1642.750000,0.600933
1642.751000,0.422034
1642.752000,0.403628
1642.753000,0.261591
1642.754000,0.316474
1642.755000,0.217345
1642.756000,0.060932
1642.757000,0.131138
1642.758000,0.231244
1642.759000,0.297425
1642.760000,0.103889
1642.761000,0.210920
1642.762000,0.222867
1642.763000,0.164273
1642.764000,0.043247
1642.765000,-0.009541
1642.766000,0.171179
1642.767000,0.133602
1642.768000,0.112477
1642.769000,0.193799
1642.770000,0.097099
1642.771000,0.050847
1642.772000,-0.014723
1642.773000,-0.063084
1642.774000,-0.206792
1642.775000,-0.306838
1642.776000,-0.246389
1642.777000,-0.231516
1642.778000,-0.136656
1642.779000,-0.125502
1642.780000,-0.076159
1642.781000,-0.090322
1642.782000,-0.244712
1642.783000,-0.080965
1642.784000,-0.258828
1642.785000,-0.419302
1642.786000,-0.413377
1642.787000,-0.267077
1642.788000,-0.104438
1642.789000,-0.223448
1642.790000,-0.223576
1642.791000,-0.349706
1642.792000,-0.435239
1642.793000,-0.371161
1642.794000,-0.193979
1642.795000,-0.205721
1642.796000,-0.046323
1642.797000,-0.059272
1642.798000,-0.020218
1642.799000,-0.157067
1642.800000,-0.206710
1642.801000,-0.224430
1642.802000,-0.138065
1642.803000,-0.053193
1642.804000,-0.226645
1642.805000,-0.199176
1642.806000,-0.224282
1642.807000,-0.236277
1642.808000,-0.143326
1642.809000,-0.100876
1642.810000,0.005278
1642.811000,0.097917
1642.812000,0.134246
1642.813000,0.043392
1642.814000,0.147042
1642.815000,0.191437
1642.816000,0.028314
1642.817000,-0.215231
1642.818000,-0.384157
1642.819000,-0.524357
1642.820000,-0.506093
1642.821000,-0.709776
1642.822000,-0.637543
1642.823000,-0.679125
1642.824000,-0.765296
1642.825000,-0.485451
1642.826000,-0.551287
1642.827000,-0.554852
1642.828000,-0.530646
1642.829000,-0.604506
1642.830000,-0.634569
1642.831000,-0.639986
1642.832000,-0.482739
1642.833000,-0.634915
1642.834000,-0.537915
1642.835000,-0.575633
1642.836000,-0.702220
1642.837000,-0.660614
1642.838000,-0.582624
1642.839000,-0.720404
1642.840000,-0.704252
1642.841000,-0.668528
1642.842000,-0.788886
1642.843000,-0.761933
1642.844000,-0.762982
1642.845000,-0.893380
1642.846000,-0.931294
1642.847000,-0.748843
1642.848000,-0.832134
1642.849000,-0.938855
1642.850000,-0.909981
1642.851000,-1.073124
1642.852000,-0.850993
1642.853000,-0.849907
1642.854000,-1.000711
1642.855000,-0.954587
1642.856000,-0.993484
1642.857000,-1.015410
1642.858000,-0.832835
1642.859000,-0.695495
1642.860000,-0.778994
1642.861000,-0.903719
1642.862000,-0.850002
1642.863000,-0.846420
1642.864000,-0.730657
1642.865000,-0.835193
1642.866000,-0.845504
1642.867000,-0.913594
1642.868000,-0.931640
1642.869000,-0.785879
1642.870000,-0.768786
1642.871000,-0.832105
1642.872000,-0.538400
1642.873000,-0.466838
1642.874000,-0.320408
1642.875000,-0.300398
1642.876000,-0.393895
1642.877000,-0.244785
1642.878000,-0.193240
1642.879000,-0.134778
1642.880000,0.007276
1642.881000,0.057755
1642.882000,0.059447
1642.883000,0.035949
1642.884000,0.117407
1642.885000,0.070666
1642.886000,0.089885
1642.887000,0.082623
1642.888000,0.042735
1642.889000,-0.042361
1642.890000,-0.002867
1642.891000,-0.002286
1642.892000,-0.140244
1642.893000,-0.125102
1642.894000,-0.208176
1642.895000,-0.295393
1642.896000,-0.087023
1642.897000,-0.025340
1642.898000,-0.065958
1642.899000,0.011799
1642.900000,-0.065046
1642.901000,-0.047782
1642.902000,0.131771
1642.903000,-0.047384
1642.904000,-0.024760
1642.905000,0.000313
1642.906000,-0.185807
1642.907000,-0.116009
1642.908000,-0.171133
1642.909000,-0.231046
1642.910000,-0.093167
1642.911000,-0.079270
1642.912000,-0.025905
1642.913000,0.117811
1642.914000,-0.089827
1642.915000,-0.119478
1642.916000,-0.108154
1642.917000,-0.338888
1642.918000,-0.180970
1642.919000,-0.240651
1642.920000,-0.039142
1642.921000,-0.095011
1642.922000,-0.151717
1642.923000,-0.235875
1642.924000,-0.174916
1642.925000,-0.081104
1642.926000,-0.057122
1642.927000,0.014287
1642.928000,0.170340
1642.929000,0.139900
1642.930000,0.348709
1642.931000,0.252715
1642.932000,0.178451
1642.933000,0.246814
1642.934000,0.165749
1642.935000,0.198829
1642.936000,0.228858
1642.937000,0.209365
1642.938000,0.278670
1642.939000,0.191348
1642.940000,0.272348
1642.941000,0.298187
1642.942000,0.260772
1642.943000,0.266393
1642.944000,0.325000
1642.945000,0.267722
1642.946000,0.249342
1642.947000,0.202525
1642.948000,0.268603
1642.949000,0.199103
1642.950000,0.111099
1642.951000,0.300105
1642.952000,0.325655
1642.953000,0.324822
1642.954000,0.318892
1642.955000,0.461309
1642.956000,0.397578
1642.957000,0.473603
1642.958000,0.455646
1642.959000,0.511850
1642.960000,0.625907
1642.961000,0.697111
1642.962000,0.796751
1642.963000,0.985317
1642.964000,0.827238
1642.965000,0.805943
1642.966000,0.684970
1642.967000,0.655593
1642.968000,0.528882
1642.969000,0.458146
1642.970000,0.380077
1642.971000,0.273364
1642.972000,0.250153
1642.973000,0.325340
1642.974000,0.275731
1642.975000,0.266242
1642.976000,0.358151
1642.977000,0.231283
1642.978000,0.232200
1642.979000,0.198457
1642.980000,0.231018
1642.981000,0.416204
1642.982000,0.511756
1642.983000,0.473742
1642.984000,0.365901
1642.985000,0.507731
1642.986000,0.262004
1642.987000,0.222985
1642.988000,0.303536
1642.989000,0.223125
1642.990000,0.375352
1642.991000,0.152681
1642.992000,0.103504
1642.993000,-0.147881
1642.994000,-0.343417
1642.995000,-0.390345
1642.996000,-0.141778
1642.997000,-0.081566
1642.998000,-0.131669
1642.999000,-0.154764
1643.000000,-0.236021
1643.001000,-0.213929
1643.002000,-0.026201
1643.003000,-0.244881
1643.004000,-0.273211
1643.005000,-0.369128
1643.006000,-0.404823
1643.007000,-0.278872
1643.008000,-0.368014
1643.009000,-0.219967
1643.010000,-0.221273
1643.011000,-0.312810
1643.012000,-0.380741
1643.013000,-0.487981
1643.014000,-0.653776
1643.015000,-0.745250
1643.016000,-0.467055
1643.017000,-0.642682
1643.018000,-0.595601
1643.019000,-0.455086
1643.020000,-0.540992
1643.021000,-0.515094
1643.022000,-0.406574
1643.023000,-0.440933
1643.024000,-0.604380
1643.025000,-0.554218
1643.026000,-0.542715
1643.027000,-0.403605
1643.028000,-0.436627
1643.029000,-0.621645
1643.030000,-0.630558
1643.031000,-0.549503
1643.032000,-0.555136
1643.033000,-0.440601
1643.034000,-0.319952
1643.035000,-0.247758
1643.036000,-0.385540
1643.037000,-0.411823
1643.038000,-0.538027
1643.039000,-0.571686
1643.040000,-0.472035
1643.041000,-0.358734
1643.042000,-0.338887
1643.043000,-0.224648
1643.044000,-0.157158
1643.045000,-0.135777
1643.046000,-0.117192
1643.047000,0.064440
1643.048000,0.092381
1643.049000,-0.014101
1643.050000,-0.088943
1643.051000,-0.208159
1643.052000,-0.088893
1643.053000,-0.083891
1643.054000,0.104264
1643.055000,0.021689
1643.056000,-0.060323
1643.057000,-0.033641
1643.058000,0.024335
1643.059000,0.243956
1643.060000,0.276366
1643.061000,0.452593
1643.062000,0.566440
1643.063000,0.745944
1643.064000,0.771591
1643.065000,0.738903
1643.066000,0.990703
1643.067000,0.963446
1643.068000,1.046061
1643.069000,1.003175
1643.070000,1.087073
1643.071000,1.178919
1643.072000,1.172770
1643.073000,1.145641
1643.074000,1.158377
1643.075000,1.051444
1643.076000,1.185100
1643.077000,1.231121
1643.078000,1.218078
1643.079000,1.287701
1643.080000,1.233542
1643.081000,1.269476
1643.082000,1.174899
1643.083000,1.223192
1643.084000,1.253993
1643.085000,1.344047
1643.086000,1.272458
1643.087000,1.355972
1643.088000,1.395131
1643.089000,1.292010
1643.090000,1.356959
1643.091000,1.383192
1643.092000,1.361427
1643.093000,1.175310
1643.094000,1.097724
1643.095000,1.118157
1643.096000,1.073601
1643.097000,1.057909
1643.098000,0.838354
1643.099000,0.841963
1643.100000,0.808446
1643.101000,0.761831
1643.102000,0.599007
1643.103000,0.518368
1643.104000,0.584074
1643.105000,0.732506
1643.106000,0.705441
1643.107000,0.608514
1643.108000,0.499362
1643.109000,0.640843
1643.110000,0.585133
1643.111000,0.528481
1643.112000,0.587630
1643.113000,0.508989
1643.114000,0.530163
1643.115000,0.412793
1643.116000,0.564120
1643.117000,0.549435
1643.118000,0.656045
1643.119000,0.559350
1643.120000,0.456469
1643.121000,0.379985
1643.122000,0.379102
1643.123000,0.391067
1643.124000,0.437412
1643.125000,0.362833
1643.126000,0.228972
1643.127000,0.122728
1643.128000,0.162021
1643.129000,0.328906
1643.130000,0.509895
1643.131000,0.440908
1643.132000,0.618375
1643.133000,0.614885
1643.134000,0.485260
1643.135000,0.305287
1643.136000,0.301756
1643.137000,0.222638
1643.138000,0.188655
1643.139000,0.178497
1643.140000,0.111156
1643.141000,0.165390
1643.142000,0.059876
1643.143000,-0.008557
1643.144000,-0.030973
1643.145000,0.059878
1643.146000,-0.088486
1643.147000,-0.061395
1643.148000,0.044460
1643.149000,0.275405
1643.150000,0.159205
1643.151000,0.130790
1643.152000,0.123740
1643.153000,0.227456
1643.154000,-0.105958
1643.155000,-0.194484
1643.156000,-0.320061
1643.157000,-0.187671
1643.158000,-0.115678
1643.159000,-0.129211
1643.160000,-0.006759
1643.161000,-0.011985
1643.162000,-0.053407
1643.163000,-0.100449
1643.164000,-0.162704
1643.165000,-0.359774
1643.166000,-0.422161
1643.167000,-0.470473
1643.168000,-0.487547
1643.169000,-0.615297
1643.170000,-0.600928
1643.171000,-0.407978
1643.172000,-0.557938
1643.173000,-0.708874
1643.174000,-0.647820
1643.175000,-0.576483
1643.176000,-0.621246
1643.177000,-0.604622
1643.178000,-0.552540
1643.179000,-0.558046
1643.180000,-0.476820
1643.181000,-0.343400
1643.182000,-0.350964
1643.183000,-0.376785
1643.184000,-0.357865
1643.185000,-0.359822
1643.186000,-0.562262
1643.187000,-0.595498
1643.188000,-0.651488
1643.189000,-0.576750
1643.190000,-0.545427
1643.191000,-0.487202
1643.192000,-0.613564
1643.193000,-0.594826
1643.194000,-0.402597
1643.195000,-0.346340
1643.196000,-0.291864
1643.197000,-0.149990
1643.198000,-0.098743
1643.199000,-0.194673
1643.200000,-0.238914
1643.201000,-0.399338
1643.202000,-0.550004
1643.203000,-0.510478
1643.204000,-0.560421
1643.205000,-0.588973
1643.206000,-0.612378
1643.207000,-0.426426
1643.208000,-0.459977
1643.209000,-0.469015
1643.210000,-0.423146
1643.211000,-0.513901
1643.212000,-0.570718
1643.213000,-0.520976
1643.214000,-0.648423
1643.215000,-0.497679
1643.216000,-0.477702
1643.217000,-0.677785
1643.218000,-0.647885
1643.219000,-0.746399
1643.220000,-0.552387
1643.221000,-0.321392
1643.222000,-0.426598
1643.223000,-0.389898
1643.224000,-0.475002
1643.225000,-0.426736
1643.226000,-0.603541
1643.227000,-0.779331
1643.228000,-0.636969
1643.229000,-0.681022
1643.230000,-0.525173
1643.231000,-0.498961
1643.232000,-0.515663
1643.233000,-0.597496
1643.234000,-0.667865
1643.235000,-0.747807
1643.236000,-0.742345
1643.237000,-0.850496
1643.238000,-0.921332
1643.239000,-0.890565
1643.240000,-0.874254
1643.241000,-0.927557
1643.242000,-0.887568
1643.243000,-0.683774
1643.244000,-0.757528
1643.245000,-0.636457
1643.246000,-0.687534
1643.247000,-0.739004
1643.248000,-0.703018
1643.249000,-0.717810
1643.250000,-0.664192
1643.251000,-0.563997
1643.252000,-0.528278
1643.253000,-0.382897
1643.254000,-0.490227
1643.255000,-0.481007
1643.256000,-0.442891
1643.257000,-0.477621
1643.258000,-0.510564
1643.259000,-0.559689
1643.260000,-0.548072
1643.261000,-0.582393
1643.262000,-0.608358
1643.263000,-0.615198
1643.264000,-0.495583
1643.265000,-0.582666
1643.266000,-0.475226
1643.267000,-0.310112
1643.268000,-0.190272
1643.269000,-0.001697
1643.270000,-0.024086
1643.271000,-0.038174
1643.272000,-0.079281
1643.273000,-0.044265
1643.274000,-0.079007
1643.275000,-0.113407
1643.276000,-0.157564
1643.277000,-0.216219
1643.278000,-0.266416
1643.279000,-0.211458
1643.280000,-0.125943
1643.281000,-0.195440
1643.282000,-0.110353
1643.283000,0.011561
1643.284000,0.008168
1643.285000,-0.033348
1643.286000,0.005077
1643.287000,-0.039598
1643.288000,0.017169
1643.289000,0.022239
1643.290000,0.042333
1643.291000,-0.038533
1643.292000,-0.122962
1643.293000,-0.149978
1643.294000,-0.097154
1643.295000,0.064855
1643.296000,0.124882
1643.297000,0.142350
1643.298000,0.121001
1643.299000,-0.027129
1643.300000,0.085377
1643.301000,-0.034661
1643.302000,-0.063259
1643.303000,-0.042681
1643.304000,-0.029222
1643.305000,0.193391
1643.306000,0.160480
1643.307000,0.096205
1643.308000,0.263173
1643.309000,0.308465
1643.310000,0.405802
1643.311000,0.396364
1643.312000,0.449542
1643.313000,0.398948
1643.314000,0.254031
1643.315000,0.127542
1643.316000,0.107715
1643.317000,0.195660
1643.318000,0.321750
1643.319000,0.267419
1643.320000,0.318993
1643.321000,0.350811
1643.322000,0.434350
1643.323000,0.387829
1643.324000,0.365858
1643.325000,0.224608
1643.326000,0.254810
1643.327000,0.356675
1643.328000,0.106745
1643.329000,0.104732
1643.330000,0.038535
1643.331000,0.016430
1643.332000,0.079320
1643.333000,0.161609
1643.334000,0.105320
1643.335000,0.047713
1643.336000,0.008357
1643.337000,0.030048
1643.338000,-0.005124
1643.339000,-0.084076
1643.340000,0.049300
1643.341000,-0.058319
1643.342000,-0.012835
1643.343000,0.016562
1643.344000,0.004307
1643.345000,0.093611
1643.346000,0.024519
1643.347000,0.100461
1643.348000,0.050941
1643.349000,-0.125831
1643.350000,-0.339512
1643.351000,-0.324137
1643.352000,-0.514933
1643.353000,-0.247193
1643.354000,-0.386149
1643.355000,-0.238535
1643.356000,-0.120546
1643.357000,-0.119991
1643.358000,-0.101559
1643.359000,-0.024953
1643.360000,-0.028498
1643.361000,-0.129904
1643.362000,-0.076472
1643.363000,-0.176360
1643.364000,-0.190999
1643.365000,-0.137976
1643.366000,-0.047837
1643.367000,-0.028895
1643.368000,-0.067986
1643.369000,-0.122254
1643.370000,-0.082863
1643.371000,0.042610
1643.372000,-0.013163
1643.373000,0.041090
1643.374000,-0.015508
1643.375000,0.015167
1643.376000,0.018949
1643.377000,-0.009331
1643.378000,-0.074832
1643.379000,-0.241430
1643.380000,-0.196031
1643.381000,-0.133914
1643.382000,-0.117641
1643.383000,-0.185972
1643.384000,-0.093750
1643.385000,-0.109907
1643.386000,-0.048510
1643.387000,-0.197161
1643.388000,-0.348280
1643.389000,-0.419438
1643.390000,-0.449801
1643.391000,-0.363718
1643.392000,-0.342629
1643.393000,-0.195190
1643.394000,-0.148426
1643.395000,0.057495
1643.396000,-0.270672
1643.397000,-0.196232
1643.398000,-0.228150
1643.399000,-0.227604
1643.400000,-0.195515
1643.401000,-0.078321
1643.402000,-0.053124
1643.403000,-0.183999
1643.404000,-0.066620
1643.405000,0.012970
1643.406000,0.048409
1643.407000,0.082572
1643.408000,-0.128785
1643.409000,-0.225895
1643.410000,0.017827
1643.411000,0.125236
1643.412000,0.338437
1643.413000,0.335915
1643.414000,0.327273
1643.415000,0.386842
1643.416000,0.415408
1643.417000,0.313191
1643.418000,0.427122
1643.419000,0.460719
1643.420000,0.431973
1643.421000,0.643773
1643.422000,0.534710
1643.423000,0.479778
1643.424000,0.572411
1643.425000,0.536384
1643.426000,0.350001
1643.427000,0.315356
1643.428000,0.203911
1643.429000,-0.000103
1643.430000,-0.079128
1643.431000,-0.216827
1643.432000,-0.072700
1643.433000,-0.049396
1643.434000,0.089581
1643.435000,0.073564
1643.436000,0.092787
1643.437000,0.120986
1643.438000,0.107880
1643.439000,0.093614
1643.440000,0.305757
1643.441000,0.351262
1643.442000,0.411069
1643.443000,0.294632
1643.444000,0.172305
1643.445000,0.181551
1643.446000,0.116680
1643.447000,0.097431
1643.448000,0.038444
1643.449000,0.042286
1643.450000,0.048296
1643.451000,0.090501
1643.452000,-0.027945
1643.453000,-0.208497
1643.454000,-0.208997
1643.455000,-0.299371
1643.456000,-0.484518
1643.457000,-0.398430
1643.458000,-0.520851
1643.459000,-0.632519
1643.460000,-0.436627
1643.461000,-0.314173
1643.462000,-0.150588
1643.463000,-0.176974
1643.464000,-0.173574
1643.465000,-0.254476
1643.466000,-0.416273
1643.467000,-0.270704
1643.468000,-0.353645
1643.469000,-0.504734
1643.470000,-0.623323
1643.471000,-0.545021
1643.472000,-0.341999
1643.473000,-0.098386
1643.474000,-0.058573
1643.475000,0.106478
1643.476000,-0.068941
1643.477000,-0.058588
1643.478000,0.073313
1643.479000,0.001336
1643.480000,-0.108724
1643.481000,-0.160939
1643.482000,-0.080842
1643.483000,-0.099389
1643.484000,-0.099947
1643.485000,-0.119643
1643.486000,-0.127678
1643.487000,-0.049242
1643.488000,0.056598
1643.489000,0.382291
1643.490000,0.484930
1643.491000,0.473124
1643.492000,0.652284
1643.493000,0.680868
1643.494000,0.943157
1643.495000,1.023892
1643.496000,0.767961
1643.497000,0.613175
1643.498000,0.607469
1643.499000,0.724376
1643.500000,0.653762
1643.501000,0.574637
1643.502000,0.384593
1643.503000,0.552938
1643.504000,0.451461
1643.505000,0.535830
1643.506000,0.491386
1643.507000,0.461877
1643.508000,0.552368
1643.509000,0.641848
1643.510000,0.516644
1643.511000,0.598412
1643.512000,0.555503
1643.513000,0.372645
1643.514000,0.367855
1643.515000,0.458653
1643.516000,0.565200
1643.517000,0.735970
1643.518000,0.838168
1643.519000,0.713738
1643.520000,0.786151
1643.521000,0.771726
1643.522000,0.927686
1643.523000,0.837106
1643.524000,0.839628
1643.525000,0.774043
1643.526000,0.573630
1643.527000,0.551412
1643.528000,0.517842
1643.529000,0.584250
1643.530000,0.498236
1643.531000,0.554520
1643.532000,0.434524
1643.533000,0.557127
1643.534000,0.506335
1643.535000,0.387683
1643.536000,0.250737
1643.537000,0.199738
1643.538000,0.094162
1643.539000,0.133375
1643.540000,0.038047
1643.541000,0.130489
1643.542000,0.175842
1643.543000,0.210394
1643.544000,0.200604
1643.545000,0.152289
1643.546000,0.184345
1643.547000,0.146241
1643.548000,0.211362
1643.549000,-0.033438
1643.550000,-0.032990
1643.551000,-0.079502
1643.552000,-0.155776
1643.553000,-0.189025
1643.554000,-0.301870
1643.555000,-0.250451
1643.556000,-0.365375
1643.557000,-0.138629
1643.558000,-0.156405
1643.559000,-0.223811
1643.560000,-0.343589
1643.561000,-0.200769
1643.562000,-0.204653
1643.563000,-0.179836
1643.564000,-0.062758
1643.565000,0.008045
1643.566000,0.071543
1643.567000,0.007704
1643.568000,-0.080390
1643.569000,-0.174203
1643.570000,-0.025769
1643.571000,0.018310
1643.572000,-0.025562
1643.573000,-0.021907
1643.574000,0.054624
1643.575000,0.110602
1643.576000,0.039971
1643.577000,-0.098496
1643.578000,-0.323494
1643.579000,-0.312092
1643.580000,-0.297239
1643.581000,-0.097280
1643.582000,-0.375792
1643.583000,-0.260754
1643.584000,-0.424718
1643.585000,-0.472503
1643.586000,-0.401309
1643.587000,-0.453446
1643.588000,-0.642044
1643.589000,-0.699923
1643.590000,-0.752052
1643.591000,-0.791742
1643.592000,-0.777511
1643.593000,-0.645066
1643.594000,-0.636116
1643.595000,-0.413907
1643.596000,-0.423326
1643.597000,-0.403787
1643.598000,-0.455518
1643.599000,-0.361494
1643.600000,-0.267128
1643.601000,-0.242714
1643.602000,-0.404586
1643.603000,-0.534867
1643.604000,-0.379240
1643.605000,-0.548431
1643.606000,-0.682755
1643.607000,-0.640141
1643.608000,-0.691546
1643.609000,-0.642461
1643.610000,-0.713514
1643.611000,-0.826403
1643.612000,-0.986782
1643.613000,-1.059010
1643.614000,-1.155456
1643.615000,-1.161460
1643.616000,-1.139557
1643.617000,-0.964451
1643.618000,-0.987609
1643.619000,-0.966372
1643.620000,-0.901790
1643.621000,-0.912549
1643.622000,-0.785352
1643.623000,-0.629209
1643.624000,-0.479682
1643.625000,-0.337330
1643.626000,-0.423413
1643.627000,-0.529498
1643.628000,-0.537987
1643.629000,-0.551674
1643.630000,-0.359856
1643.631000,-0.264769
1643.632000,-0.264546
1643.633000,-0.367894
1643.634000,-0.373803
1643.635000,-0.278366
1643.636000,-0.136339
1643.637000,-0.287496
1643.638000,-0.321134
1643.639000,-0.244082
1643.640000,-0.245580
1643.641000,-0.204790
1643.642000,-0.332454
1643.643000,-0.284008
1643.644000,-0.180918
1643.645000,-0.304481
1643.646000,-0.200594
1643.647000,-0.111451
1643.648000,-0.058628
1643.649000,0.008034
1643.650000,-0.011533
1643.651000,-0.089684
1643.652000,-0.225114
1643.653000,-0.172997
1643.654000,-0.157244
1643.655000,0.061849
1643.656000,0.143470
1643.657000,0.250737
1643.658000,0.327342
1643.659000,0.416391
1643.660000,0.529664
1643.661000,0.555657
1643.662000,0.442762
1643.663000,0.373213
1643.664000,0.148843
1643.665000,0.009741
1643.666000,-0.014569
1643.667000,0.056718
1643.668000,0.093880
1643.669000,0.027913
1643.670000,0.139753
1643.671000,0.157605
1643.672000,0.271680
1643.673000,0.272667
1643.674000,0.234250
1643.675000,0.479961
1643.676000,0.492168
1643.677000,0.691352
1643.678000,0.836021
1643.679000,0.750836
1643.680000,0.651391
1643.681000,0.687933
1643.682000,0.835026
1643.683000,0.778317
1643.684000,0.791541
1643.685000,0.902692
1643.686000,0.907494
1643.687000,0.840549
1643.688000,0.754865
1643.689000,0.701148
1643.690000,0.706052
1643.691000,0.643712
1643.692000,0.416469
1643.693000,0.233816
1643.694000,0.243885
1643.695000,0.374901
1643.696000,0.341315
1643.697000,0.251759
1643.698000,0.238534
1643.699000,0.144252
1643.700000,0.158848
1643.701000,0.070013
1643.702000,0.041354
1643.703000,0.239052
1643.704000,0.298101
1643.705000,0.172671
1643.706000,0.293031
1643.707000,0.415723
1643.708000,0.595655
1643.709000,0.760398
1643.710000,0.664969
1643.711000,0.447794
1643.712000,0.386573
1643.713000,0.504231
1643.714000,0.541507
1643.715000,0.633400
1643.716000,0.774904
1643.717000,0.702803
1643.718000,0.460752
1643.719000,0.659576
1643.720000,0.702328
1643.721000,0.658511
1643.722000,0.803956
1643.723000,0.869896
1643.724000,0.630145
1643.725000,0.409651
1643.726000,0.321686
1643.727000,0.420789
1643.728000,0.429621
1643.729000,0.403566
1643.730000,0.424467
1643.731000,0.708401
1643.732000,0.652476
1643.733000,0.615149
1643.734000,0.596869
1643.735000,0.659856
1643.736000,0.651655
1643.737000,0.599490
1643.738000,0.683536
1643.739000,0.437917
1643.740000,0.400690
1643.741000,0.439350
1643.742000,0.455932
1643.743000,0.583883
1643.744000,0.551822
1643.745000,0.566413
1643.746000,0.604818
1643.747000,0.715588
1643.748000,0.474058
1643.749000,0.605372
1643.750000,0.690555
1643.751000,0.731668
1643.752000,0.806391
1643.753000,0.740352
1643.754000,0.674629
1643.755000,0.608156
1643.756000,0.678437
1643.757000,0.707414
1643.758000,0.778171
1643.759000,0.655079
1643.760000,0.669739
1643.761000,0.610358
1643.762000,0.701879
1643.763000,0.770646
1643.764000,0.636280
1643.765000,0.511896
1643.766000,0.550836
1643.767000,0.505851
1643.768000,0.315843
1643.769000,0.216618
1643.770000,0.298718
1643.771000,0.318568
1643.772000,0.409724
1643.773000,0.346643
1643.774000,0.568554
1643.775000,0.757213
1643.776000,0.739149
1643.777000,0.787547
1643.778000,0.684843
1643.779000,0.628644
1643.780000,0.655309
1643.781000,0.646652
1643.782000,0.465747
1643.783000,0.233015
1643.784000,0.352344
1643.785000,0.336798
1643.786000,0.423701
1643.787000,0.429703
1643.788000,0.471942
1643.789000,0.562112
1643.790000,0.521941
1643.791000,0.398732
1643.792000,0.466336
1643.793000,0.414023
1643.794000,0.312988
1643.795000,0.354952
1643.796000,0.333149
1643.797000,0.285478
1643.798000,0.155932
1643.799000,0.109986
1643.800000,0.285442
1643.801000,0.278490
1643.802000,0.229708
1643.803000,0.073929
1643.804000,0.099061
1643.805000,-0.017748
1643.806000,0.009613
1643.807000,-0.056894
1643.808000,-0.036804
1643.809000,-0.261808
1643.810000,-0.147901
1643.811000,-0.150042
1643.812000,-0.065491
1643.813000,0.050635
1643.814000,-0.028784
1643.815000,-0.187231
1643.816000,-0.284753
1643.817000,-0.329571
1643.818000,-0.258992
1643.819000,-0.430075
1643.820000,-0.565451
1643.821000,-0.542925
1643.822000,-0.482721
1643.823000,-0.565706
1643.824000,-0.657454
1643.825000,-0.623819
1643.826000,-0.642938
1643.827000,-0.573660
1643.828000,-0.410324
1643.829000,-0.173676
1643.830000,-0.202821
1643.831000,-0.244421
1643.832000,-0.125518
1643.833000,-0.133121
1643.834000,-0.070533
1643.835000,-0.035812
1643.836000,-0.150889
1643.837000,-0.261959
1643.838000,-0.457399
1643.839000,-0.334265
1643.840000,-0.171542
1643.841000,-0.201651
1643.842000,0.013522
1643.843000,0.071002
1643.844000,0.086436
1643.845000,0.203001
1643.846000,0.246544
1643.847000,0.101280
1643.848000,0.138387
1643.849000,0.325157
1643.850000,0.204080
1643.851000,0.298128
1643.852000,0.221757
1643.853000,0.085568
1643.854000,0.065516
1643.855000,0.088422
1643.856000,0.222114
1643.857000,0.131117
1643.858000,-0.018174
1643.859000,-0.004353
1643.860000,0.110338
1643.861000,0.078395
1643.862000,0.079473
1643.863000,0.127126
1643.864000,0.251365
1643.865000,0.270976
1643.866000,0.405968
1643.867000,0.429784
1643.868000,0.460853
1643.869000,0.527526
1643.870000,0.637891
1643.871000,0.663916
1643.872000,0.584798
1643.873000,0.547835
1643.874000,0.541594
1643.875000,0.534131
1643.876000,0.593581
1643.877000,0.655520
1643.878000,0.694944
1643.879000,0.502997
1643.880000,0.553799
1643.881000,0.492479
1643.882000,0.526841
1643.883000,0.525954
1643.884000,0.342754
1643.885000,0.390182
1643.886000,0.345209
1643.887000,0.454569
1643.888000,0.596615
1643.889000,0.502231
1643.890000,0.422091
1643.891000,0.429992
1643.892000,0.421160
1643.893000,0.423407
1643.894000,0.339312
1643.895000,0.124341
1643.896000,-0.038426
1643.897000,-0.076147
1643.898000,-0.050313
1643.899000,-0.112052
1643.900000,-0.190338
1643.901000,-0.152670
1643.902000,-0.231731
1643.903000,-0.231697
1643.904000,-0.095106
1643.905000,-0.032840
1643.906000,0.124851
1643.907000,-0.026666
1643.908000,-0.078981
1643.909000,-0.115550
1643.910000,-0.266772
1643.911000,-0.383565
1643.912000,-0.537176
1643.913000,-0.539293
1643.914000,-0.652199
1643.915000,-0.417610
1643.916000,-0.429039
1643.917000,-0.527176
1643.918000,-0.534828
1643.919000,-0.552694
1643.920000,-0.510828
1643.921000,-0.351772
1643.922000,-0.395975
1643.923000,-0.537991
1643.924000,-0.502308
1643.925000,-0.413579
1643.926000,-0.633445
1643.927000,-0.816923
1643.928000,-0.764135
1643.929000,-0.769853
1643.930000,-0.569003
1643.931000,-0.606817
1643.932000,-0.517939
1643.933000,-0.611547
1643.934000,-0.572224
1643.935000,-0.493803
1643.936000,-0.490466
1643.937000,-0.625625
1643.938000,-0.496910
1643.939000,-0.539024
1643.940000,-0.344341
1643.941000,-0.413308
1643.942000,-0.407810
1643.943000,-0.363398
1643.944000,-0.266388
1643.945000,-0.115694
1643.946000,-0.041574
1643.947000,-0.085646
1643.948000,-0.010304
1643.949000,-0.156965
1643.950000,-0.055577
1643.951000,-0.063234
1643.952000,-0.236943
1643.953000,-0.253730
1643.954000,-0.203869
1643.955000,-0.167545
1643.956000,-0.210940
1643.957000,-0.201828
1643.958000,-0.281791
1643.959000,-0.265901
1643.960000,-0.380572
1643.961000,-0.399188
1643.962000,-0.441660
1643.963000,-0.501915
1643.964000,-0.392736
1643.965000,-0.340072
1643.966000,-0.391809
1643.967000,-0.595015
1643.968000,-0.731309
1643.969000,-0.768309
1643.970000,-0.845434
1643.971000,-0.843619
1643.972000,-0.810246
1643.973000,-0.637349
1643.974000,-0.596231
1643.975000,-0.589021
1643.976000,-0.520688
1643.977000,-0.648791
1643.978000,-0.727728
1643.979000,-0.798458
1643.980000,-0.861521
1643.981000,-0.943189
1643.982000,-0.844508
1643.983000,-0.616329
1643.984000,-0.744254
1643.985000,-0.811773
1643.986000,-0.956384
1643.987000,-0.760935
1643.988000,-0.931097
1643.989000,-0.706928
1643.990000,-0.761364
1643.991000,-0.874002
1643.992000,-0.909815
1643.993000,-0.909393
1643.994000,-0.941097
1643.995000,-1.001433
1643.996000,-1.044739
1643.997000,-1.227063
1643.998000,-1.190718
1643.999000,-1.142184
1644.000000,-1.200035
1644.001000,-1.173224
1644.002000,-1.178848
1644.003000,-1.176195
1644.004000,-1.148198
1644.005000,-1.193152
1644.006000,-0.988585
1644.007000,-0.967672
1644.008000,-0.856615
1644.009000,-0.918907
1644.010000,-0.774254
1644.011000,-0.734158
1644.012000,-0.703518
1644.013000,-0.596422
1644.014000,-0.546778
1644.015000,-0.560554
1644.016000,-0.495507
1644.017000,-0.644584
1644.018000,-0.650191
1644.019000,-0.423462
1644.020000,-0.491288
1644.021000,-0.702771
1644.022000,-0.538151
1644.023000,-0.597907
1644.024000,-0.440989
1644.025000,-0.507150
1644.026000,-0.454852
1644.027000,-0.543783
1644.028000,-0.647766
1644.029000,-0.852328
1644.030000,-0.838490
1644.031000,-0.734144
1644.032000,-0.616846
1644.033000,-0.685485
1644.034000,-0.639486
1644.035000,-0.520167
1644.036000,-0.455321
1644.037000,-0.456398
1644.038000,-0.508286
1644.039000,-0.454056
1644.040000,-0.299402
1644.041000,-0.088142
1644.042000,-0.175430
1644.043000,-0.295713
1644.044000,-0.222790
1644.045000,-0.401055
1644.046000,-0.459309
1644.047000,-0.559491
1644.048000,-0.588280
1644.049000,-0.484818
1644.050000,-0.406609
1644.051000,-0.308859
1644.052000,-0.428738
1644.053000,-0.378178
1644.054000,-0.440996
1644.055000,-0.421959
1644.056000,-0.357145
1644.057000,-0.252094
1644.058000,-0.330697
1644.059000,-0.325063
1644.060000,-0.234517
1644.061000,-0.265680
1644.062000,-0.222191
1644.063000,-0.065506
1644.064000,0.093005
1644.065000,0.123007
1644.066000,0.002548
1644.067000,-0.217595
1644.068000,-0.416545
1644.069000,-0.526822
1644.070000,-0.450307
1644.071000,-0.335079
1644.072000,-0.272427
1644.073000,-0.056819
1644.074000,0.028244
1644.075000,-0.131600
1644.076000,-0.173632
1644.077000,-0.239950
1644.078000,-0.192721
1644.079000,-0.155792
1644.080000,-0.211015
1644.081000,-0.121420
1644.082000,-0.200380
1644.083000,-0.082480
1644.084000,-0.036398
1644.085000,0.004850
1644.086000,0.155811
1644.087000,0.418551
1644.088000,0.542930
1644.089000,0.583210
1644.090000,0.682786
1644.091000,0.719895
1644.092000,0.633921
1644.093000,0.759256
1644.094000,0.943907
1644.095000,0.867697
1644.096000,0.946324
1644.097000,0.811886
1644.098000,0.748932
1644.099000,0.823877
1644.100000,0.828548
1644.101000,0.837665
1644.102000,0.720676
1644.103000,0.773642
1644.104000,0.960520
1644.105000,1.085607
1644.106000,1.117206
1644.107000,1.159067
1644.108000,1.129953
1644.109000,1.219059
1644.110000,1.290841
1644.111000,1.387064
1644.112000,1.321152
1644.113000,1.210166
1644.114000,1.245636
1644.115000,1.160477
1644.116000,1.143158
1644.117000,0.990099
1644.118000,0.951011
1644.119000,0.793437
1644.120000,0.907636
1644.121000,0.706964
1644.122000,0.579899
1644.123000,0.671176
1644.124000,0.517662
1644.125000,0.643071
1644.126000,0.685550
1644.127000,0.597792
1644.128000,0.703284
1644.129000,0.784908
1644.130000,0.813352
1644.131000,0.660878
1644.132000,0.435630
1644.133000,0.429788
1644.134000,0.211649
1644.135000,0.233699
1644.136000,0.285943
1644.137000,0.293300
1644.138000,0.264197
1644.139000,0.223318
1644.140000,0.177977
1644.141000,0.099767
1644.142000,0.327763
1644.143000,0.218674
1644.144000,0.129265
1644.145000,0.272320
1644.146000,0.154871
1644.147000,0.415027
1644.148000,0.302243
1644.149000,0.446207
1644.150000,0.439778
1644.151000,0.542740
1644.152000,0.540740
1644.153000,0.525691
1644.154000,0.576240
1644.155000,0.767011
1644.156000,0.805393
1644.157000,0.896617
1644.158000,0.855794
1644.159000,0.764139
1644.160000,0.346051
1644.161000,0.478722
1644.162000,0.482043
1644.163000,0.503428
1644.164000,0.353561
1644.165000,0.324248
1644.166000,0.525747
1644.167000,0.601180
1644.168000,0.633449
1644.169000,0.690332
1644.170000,0.651353
1644.171000,0.544646
1644.172000,0.549261
1644.173000,0.496763
1644.174000,0.469646
1644.175000,0.376853
1644.176000,0.196574
1644.177000,0.257039
1644.178000,0.232542
1644.179000,0.150369
1644.180000,0.167835
1644.181000,0.068800
1644.182000,-0.024493
1644.183000,-0.054222
1644.184000,-0.037918
1644.185000,-0.137324
1644.186000,-0.155927
1644.187000,-0.291014
1644.188000,-0.201495
1644.189000,-0.116234
1644.190000,0.003336
1644.191000,0.038477
1644.192000,0.128041
1644.193000,-0.007490
1644.194000,0.078887
1644.195000,0.184853
1644.196000,0.240950
1644.197000,0.361041
1644.198000,0.285513
1644.199000,0.051414
1644.200000,0.036733
1644.201000,0.071234
1644.202000,0.242057
1644.203000,0.343733
1644.204000,0.455634
1644.205000,0.552377
1644.206000,0.658157
1644.207000,0.681728
1644.208000,0.596469
1644.209000,0.618838
1644.210000,0.691627
1644.211000,0.756051
1644.212000,0.731294
1644.213000,0.782926
1644.214000,0.816818
1644.215000,0.835094
1644.216000,0.815356
1644.217000,0.610886
1644.218000,0.710616
1644.219000,0.727419
1644.220000,0.679744
1644.221000,0.556818
1644.222000,0.706762
1644.223000,0.678941
1644.224000,0.581096
1644.225000,0.567847
1644.226000,0.507726
1644.227000,0.760216
1644.228000,0.568012
1644.229000,0.604954
1644.230000,0.606175
1644.231000,0.515125
1644.232000,0.388348
1644.233000,0.228139
1644.234000,0.059537
1644.235000,-0.136954
1644.236000,-0.196072
1644.237000,-0.267137
1644.238000,-0.221848
1644.239000,-0.099808
1644.240000,-0.051049
1644.241000,-0.028204
1644.242000,-0.104190
1644.243000,-0.242657
1644.244000,-0.482279
1644.245000,-0.565110
1644.246000,-0.736070
1644.247000,-0.533964
1644.248000,-0.541562
1644.249000,-0.572097
1644.250000,-0.499174
1644.251000,-0.665972
1644.252000,-0.464746
1644.253000,-0.493213
1644.254000,-0.479620
1644.255000,-0.511624
1644.256000,-0.397580
1644.257000,-0.265827
1644.258000,-0.328466
1644.259000,-0.277255
1644.260000,-0.288834
1644.261000,-0.376899
1644.262000,-0.375078
1644.263000,-0.460695
1644.264000,-0.407051
1644.265000,-0.279114
1644.266000,-0.280718
1644.267000,-0.268687
1644.268000,-0.182762
1644.269000,-0.207967
1644.270000,-0.004961
1644.271000,0.037075
1644.272000,0.012866
1644.273000,-0.102299
1644.274000,-0.106343
1644.275000,-0.126877
1644.276000,-0.222235
1644.277000,-0.262173
1644.278000,-0.292583
1644.279000,-0.308488
1644.280000,-0.177312
1644.281000,-0.115041
1644.282000,-0.068171
1644.283000,-0.016130
1644.284000,-0.038973
1644.285000,-0.115144
1644.286000,-0.154812
1644.287000,0.030419
1644.288000,-0.060694
1644.289000,-0.217793
1644.290000,-0.298665
1644.291000,-0.179312
1644.292000,-0.176853
1644.293000,-0.267824
1644.294000,-0.164061
1644.295000,-0.193893
1644.296000,-0.134744
1644.297000,-0.156900
1644.298000,-0.181474
1644.299000,-0.114440
1644.300000,-0.171469
1644.301000,-0.443592
1644.302000,-0.370931
1644.303000,-0.249311
1644.304000,-0.109377
1644.305000,-0.276325
1644.306000,-0.253931
1644.307000,-0.238123
1644.308000,-0.149360
1644.309000,0.065596
1644.310000,-0.180747
1644.311000,-0.099110
1644.312000,-0.267771
1644.313000,-0.364097
1644.314000,-0.347160
1644.315000,-0.550144
1644.316000,-0.542708
1644.317000,-0.567518
1644.318000,-0.529237
1644.319000,-0.452211
1644.320000,-0.523154
1644.321000,-0.430821
1644.322000,-0.438075
1644.323000,-0.385519
1644.324000,-0.390783
1644.325000,-0.475248
1644.326000,-0.305885
1644.327000,-0.278157
1644.328000,-0.284490
1644.329000,-0.071351
1644.330000,0.005203
1644.331000,0.047822
1644.332000,0.020271
1644.333000,0.089183
1644.334000,0.025595
1644.335000,-0.168045
1644.336000,-0.202086
1644.337000,-0.058071
1644.338000,0.048368
1644.339000,-0.012332
1644.340000,-0.194885
1644.341000,-0.229790
1644.342000,-0.280964
1644.343000,-0.269155
1644.344000,-0.265895
1644.345000,-0.082263
1644.346000,-0.208911
1644.347000,-0.161086
1644.348000,0.018671
1644.349000,-0.035829
1644.350000,-0.053652
1644.351000,-0.033897
1644.352000,0.013371
1644.353000,-0.095430
1644.354000,-0.018927
1644.355000,-0.092864
1644.356000,-0.088556
1644.357000,-0.088671
1644.358000,-0.139143
1644.359000,-0.057967
1644.360000,-0.197940
1644.361000,-0.198013
1644.362000,-0.284763
1644.363000,-0.360561
1644.364000,-0.415652
1644.365000,-0.361280
1644.366000,-0.358059
1644.367000,-0.305803
1644.368000,-0.233523
1644.369000,-0.200113
1644.370000,-0.009551
1644.371000,0.163370
1644.372000,0.063778
1644.373000,-0.119125
1644.374000,0.030660
1644.375000,-0.089564
1644.376000,0.143484
1644.377000,0.215471
1644.378000,0.248746
1644.379000,0.281752
1644.380000,0.133090
1644.381000,0.141168
1644.382000,0.291486
1644.383000,0.321545
1644.384000,0.273164
1644.385000,0.285039
1644.386000,0.367234
1644.387000,0.266272
1644.388000,0.184614
1644.389000,0.213903
1644.390000,0.126669
1644.391000,0.400714
1644.392000,0.302503
1644.393000,0.258621
1644.394000,0.345345
1644.395000,0.382857
1644.396000,0.343865
1644.397000,0.340024
1644.398000,0.280119
1644.399000,0.401963
1644.400000,0.285264
1644.401000,0.166366
1644.402000,0.208944
1644.403000,0.201724
1644.404000,0.263687
1644.405000,0.254731
1644.406000,0.287210
1644.407000,0.221253
1644.408000,0.287553
1644.409000,0.185550
1644.410000,0.169825
1644.411000,0.113109
1644.412000,-0.053908
1644.413000,-0.149644
1644.414000,-0.288725
1644.415000,-0.431611
1644.416000,-0.593164
1644.417000,-0.605766
1644.418000,-0.351407
1644.419000,-0.283851
1644.420000,-0.222724
1644.421000,-0.243168
1644.422000,-0.211301
1644.423000,-0.367442
1644.424000,-0.592689
1644.425000,-0.441640
1644.426000,-0.470343
1644.427000,-0.518632
1644.428000,-0.665108
1644.429000,-0.461620
1644.430000,-0.524815
1644.431000,-0.594314
1644.432000,-0.543209
1644.433000,-0.660714
1644.434000,-0.685412
1644.435000,-0.609642
1644.436000,-0.368649
1644.437000,-0.388603
1644.438000,-0.392126
1644.439000,-0.286503
1644.440000,-0.363009
1644.441000,-0.181989
1644.442000,-0.263584
1644.443000,-0.230687
1644.444000,-0.057904
1644.445000,-0.083429
1644.446000,-0.196909
1644.447000,-0.104939
1644.448000,-0.207726
1644.449000,-0.078784
1644.450000,0.073582
1644.451000,-0.028063
1644.452000,-0.236260
1644.453000,-0.198076
1644.454000,-0.084329
1644.455000,-0.389370
1644.456000,-0.315676
1644.457000,-0.265542
1644.458000,-0.295730
1644.459000,-0.274133
1644.460000,-0.338335
1644.461000,-0.359993
1644.462000,-0.369427
1644.463000,-0.272145
1644.464000,-0.248538
1644.465000,-0.074893
1644.466000,-0.025122
1644.467000,-0.033687
1644.468000,-0.082434
1644.469000,-0.055498
1644.470000,-0.281409
1644.471000,-0.351401
1644.472000,-0.134548
1644.473000,-0.259073
1644.474000,-0.280245
1644.475000,-0.162988
1644.476000,0.111078
1644.477000,0.121195
1644.478000,0.398641
1644.479000,0.370926
1644.480000,0.525948
1644.481000,0.544516
1644.482000,0.499769
1644.483000,0.409741
1644.484000,0.506034
1644.485000,0.610842
1644.486000,0.709885
1644.487000,0.681662
1644.488000,0.685053
1644.489000,0.666399
1644.490000,0.647977
1644.491000,0.651873
1644.492000,0.551524
1644.493000,0.690897
1644.494000,0.534755
1644.495000,0.624811
1644.496000,0.435477
1644.497000,0.784947
1644.498000,0.754748
1644.499000,0.750811
1644.500000,0.763085
1644.501000,0.781398
1644.502000,0.788472
1644.503000,0.552963
1644.504000,0.554340
1644.505000,0.507646
1644.506000,0.338221
1644.507000,0.407304
1644.508000,0.006352
1644.509000,-0.023801
1644.510000,-0.028917
1644.511000,-0.098482
1644.512000,-0.165579
1644.513000,-0.136290
1644.514000,0.002391
1644.515000,0.175607
1644.516000,0.022819
1644.517000,0.003476
1644.518000,0.112528
1644.519000,0.078131
1644.520000,0.205238
1644.521000,0.184427
1644.522000,0.058974
1644.523000,0.036424
1644.524000,0.361805
1644.525000,0.236013
1644.526000,0.186664
1644.527000,0.112684
1644.528000,0.153107
1644.529000,0.153824
1644.530000,0.175541
1644.531000,0.071586
1644.532000,-0.076596
1644.533000,0.129291
1644.534000,0.090432
1644.535000,-0.000135
1644.536000,-0.128706
1644.537000,-0.155879
1644.538000,-0.147753
1644.539000,-0.237752
1644.540000,-0.305407
1644.541000,-0.345672
1644.542000,-0.319582
1644.543000,-0.318307
1644.544000,-0.455291
1644.545000,-0.551225
1644.546000,-0.512845
1644.547000,-0.698498
1644.548000,-0.623987
1644.549000,-0.440382
1644.550000,-0.404108
1644.551000,-0.500023
1644.552000,-0.618440
1644.553000,-0.456601
1644.554000,-0.556135
1644.555000,-0.512806
1644.556000,-0.588256
1644.557000,-0.715259
1644.558000,-0.822794
1644.559000,-0.916491
1644.560000,-0.925409
1644.561000,-0.990486
1644.562000,-1.078520
1644.563000,-1.141962
1644.564000,-1.180589
1644.565000,-1.090007
1644.566000,-1.131936
1644.567000,-1.160933
1644.568000,-1.163715
1644.569000,-0.972110
1644.570000,-1.107492
1644.571000,-1.040192
1644.572000,-1.054162
1644.573000,-0.947512
1644.574000,-1.024783
1644.575000,-0.990268
1644.576000,-0.925996
1644.577000,-0.882849
1644.578000,-0.848437
1644.579000,-0.787212
1644.580000,-0.782332
1644.581000,-0.711896
1644.582000,-0.771168
1644.583000,-0.776116
1644.584000,-0.648255
1644.585000,-0.544725
1644.586000,-0.269273
1644.587000,-0.500912
1644.588000,-0.495814
1644.589000,-0.431513
1644.590000,-0.478599
1644.591000,-0.654656
1644.592000,-0.587460
1644.593000,-0.422796
1644.594000,-0.447628
1644.595000,-0.251623
1644.596000,-0.052895
1644.597000,-0.190310
1644.598000,-0.280757
1644.599000,-0.377472
1644.600000,-0.391129
1644.601000,-0.337616
1644.602000,-0.272592
1644.603000,-0.137238
1644.604000,-0.347972
1644.605000,-0.414779
1644.606000,-0.424948
1644.607000,-0.644950
1644.608000,-0.589169
1644.609000,-0.704352
1644.610000,-0.757361
1644.611000,-0.659808
1644.612000,-0.620364
1644.613000,-0.643212
1644.614000,-0.501028
1644.615000,-0.542458
1644.616000,-0.309150
1644.617000,-0.159977
1644.618000,0.096154
1644.619000,0.068261
1644.620000,0.085635
1644.621000,0.193410
1644.622000,0.060665
1644.623000,-0.094656
1644.624000,0.030046
1644.625000,0.202743
1644.626000,0.213700
1644.627000,0.271517
1644.628000,0.362421
1644.629000,0.200278
1644.630000,0.094764
1644.631000,0.164281
1644.632000,0.243647
1644.633000,0.193651
1644.634000,0.291400
1644.635000,0.202743
1644.636000,0.106034
1644.637000,0.219118
1644.638000,0.060133
1644.639000,0.142303
1644.640000,0.453841
1644.641000,0.421548
1644.642000,0.230934
1644.643000,0.096280
1644.644000,-0.071495
1644.645000,-0.023608
1644.646000,0.178330
1644.647000,0.170646
1644.648000,0.006996
1644.649000,-0.261550
1644.650000,-0.333246
1644.651000,-0.243043
1644.652000,-0.290003
1644.653000,-0.180608
1644.654000,-0.127630
1644.655000,-0.073257
1644.656000,-0.217517
1644.657000,-0.186390
1644.658000,-0.148898
1644.659000,-0.251454
1644.660000,-0.164297
1644.661000,-0.042341
1644.662000,0.028632
1644.663000,-0.141849
1644.664000,-0.135773
1644.665000,0.092576
1644.666000,-0.064448
1644.667000,0.110347
1644.668000,-0.061177
1644.669000,-0.036247
1644.670000,-0.046937
1644.671000,-0.090072
1644.672000,-0.027705
1644.673000,-0.192462
1644.674000,-0.190316
1644.675000,-0.177742
1644.676000,-0.054996
1644.677000,-0.206848
1644.678000,-0.189588
1644.679000,-0.106318
1644.680000,-0.167198
1644.681000,-0.259084
1644.682000,-0.223364
1644.683000,-0.099029
1644.684000,-0.297065
1644.685000,-0.102034
1644.686000,-0.204037
1644.687000,-0.160756
1644.688000,-0.008843
1644.689000,0.033058
1644.690000,-0.073730
1644.691000,-0.073378
1644.692000,0.015399
1644.693000,0.135452
1644.694000,0.189413
1644.695000,0.210312
1644.696000,0.312775
1644.697000,0.565166
1644.698000,0.578279
1644.699000,0.528278
1644.700000,0.470044
1644.701000,0.557509
1644.702000,0.423322
1644.703000,0.436459
1644.704000,0.520432
1644.705000,0.690008
1644.706000,0.601668
1644.707000,0.400560
1644.708000,0.413749
1644.709000,0.482010
1644.710000,0.484923
1644.711000,0.393257
1644.712000,0.213534
1644.713000,0.375519
1644.714000,0.349271
1644.715000,0.343641
1644.716000,0.417851
1644.717000,0.432098
1644.718000,0.386907
1644.719000,0.427135
1644.720000,0.534170
1644.721000,0.076936
1644.722000,0.086223
1644.723000,0.006568
1644.724000,-0.231082
1644.725000,-0.267072
1644.726000,0.009120
1644.727000,0.041120
1644.728000,0.274835
1644.729000,0.215444
1644.730000,0.218702
1644.731000,0.113395
1644.732000,-0.031182
1644.733000,-0.062201
1644.734000,0.018527
1644.735000,0.043869
1644.736000,0.294030
1644.737000,0.354630
1644.738000,0.441476
1644.739000,0.549325
1644.740000,0.551199
1644.741000,0.484292
1644.742000,0.469121
1644.743000,0.336692
1644.744000,0.400536
1644.745000,0.402276
1644.746000,0.436707
1644.747000,0.344970
1644.748000,0.324286
1644.749000,0.211283
1644.750000,0.110965
1644.751000,0.142351
1644.752000,0.207076
1644.753000,0.200675
1644.754000,0.210845
1644.755000,0.260070
1644.756000,0.228189
1644.757000,0.209858
1644.758000,0.042308
1644.759000,-0.057402
1644.760000,0.104634
1644.761000,0.046527
1644.762000,-0.023013
1644.763000,-0.172694
1644.764000,-0.159611
1644.765000,0.005331
1644.766000,-0.076935
1644.767000,-0.101412
1644.768000,-0.101615
1644.769000,-0.082583
1644.770000,0.054166
1644.771000,0.078474
1644.772000,-0.054554
1644.773000,-0.031868
1644.774000,-0.067346
1644.775000,-0.080439
1644.776000,0.092632
1644.777000,-0.088527
1644.778000,0.182050
1644.779000,0.236504
1644.780000,0.210447
1644.781000,0.266111
1644.782000,0.155589
1644.783000,0.178345
1644.784000,0.219743
1644.785000,0.274028
1644.786000,0.419425
1644.787000,0.352945
1644.788000,0.294555
1644.789000,0.278595
1644.790000,0.140466
1644.791000,-0.027977
1644.792000,-0.051677
1644.793000,-0.374918
1644.794000,-0.325906
1644.795000,-0.069332
1644.796000,0.012328
1644.797000,-0.131238
1644.798000,-0.224719
1644.799000,-0.124077
1644.800000,-0.100603
1644.801000,-0.015908
1644.802000,0.218962
1644.803000,0.217749
1644.804000,0.117979
1644.805000,0.077053
1644.806000,0.131057
1644.807000,-0.016994
1644.808000,0.035598
1644.809000,0.290322
1644.810000,0.429811
1644.811000,0.508884
1644.812000,0.510687
1644.813000,0.605703
1644.814000,0.532604
1644.815000,0.607783
1644.816000,0.524159
1644.817000,0.677425
1644.818000,0.481044
1644.819000,0.431284
1644.820000,0.357783
1644.821000,0.439132
1644.822000,0.370307
1644.823000,0.341861
1644.824000,0.330520
1644.825000,0.329697
1644.826000,0.351530
1644.827000,0.206344
1644.828000,0.267692
1644.829000,0.205936
1644.830000,0.121044
1644.831000,0.253762
1644.832000,0.293827
1644.833000,0.320790
1644.834000,0.343470
1644.835000,0.386837
1644.836000,0.203982
1644.837000,0.180385
1644.838000,0.388470
1644.839000,0.343531
1644.840000,0.360500
1644.841000,0.539556
1644.842000,0.456262
1644.843000,0.676844
1644.844000,0.600153
1644.845000,0.630647
1644.846000,0.732955
1644.847000,0.816162
1644.848000,0.770919
1644.849000,0.692594
1644.850000,0.879186
1644.851000,0.814014
1644.852000,0.545577
1644.853000,0.532741
1644.854000,0.567752
1644.855000,0.555540
1644.856000,0.569665
1644.857000,0.554809
1644.858000,0.622384
1644.859000,0.618893
1644.860000,0.460850
1644.861000,0.266827
1644.862000,0.221190
1644.863000,0.272009
1644.864000,0.171291
1644.865000,0.158662
1644.866000,0.267121
1644.867000,0.336556
1644.868000,0.480039
1644.869000,0.528222
1644.870000,0.479492
1644.871000,0.380590
1644.872000,0.281990
1644.873000,0.281356
1644.874000,0.322389
1644.875000,0.409377
1644.876000,0.393564
1644.877000,0.428489
1644.878000,0.250589
1644.879000,0.261019
1644.880000,0.394523
1644.881000,0.447904
1644.882000,0.319465
1644.883000,0.290121
1644.884000,0.329714
1644.885000,0.333380
1644.886000,0.492604
1644.887000,0.566913
1644.888000,0.569967
1644.889000,0.608164
1644.890000,0.678648
1644.891000,0.717567
1644.892000,0.646524
1644.893000,0.604454
1644.894000,0.452234
1644.895000,0.425831
1644.896000,0.340896
1644.897000,0.364292
1644.898000,0.558768
1644.899000,0.557706
1644.900000,0.498755
1644.901000,0.452194
1644.902000,0.386066
1644.903000,0.329249
1644.904000,0.265801
1644.905000,0.165487
1644.906000,0.161644
1644.907000,0.309525
1644.908000,0.282310
1644.909000,0.435848
1644.910000,0.308111
1644.911000,0.285694
1644.912000,0.132101
1644.913000,0.050231
1644.914000,0.095396
1644.915000,0.036419
1644.916000,0.111961
1644.917000,0.091741
1644.918000,0.208290
1644.919000,0.169557
1644.920000,0.157058
1644.921000,0.335261
1644.922000,0.319648
1644.923000,0.274092
1644.924000,0.309734
1644.925000,0.288123
1644.926000,0.154400
1644.927000,0.141711
1644.928000,0.077034
1644.929000,-0.024191
1644.930000,-0.046898
1644.931000,0.034878
1644.932000,0.095642
1644.933000,0.092072
1644.934000,-0.066918
1644.935000,-0.078070
1644.936000,-0.016600
1644.937000,-0.189041
1644.938000,-0.024951
1644.939000,-0.201304
1644.940000,-0.175626
1644.941000,-0.186329
1644.942000,-0.045089
1644.943000,-0.125858
1644.944000,-0.038717
1644.945000,-0.178885
1644.946000,-0.191454
1644.947000,-0.378278
1644.948000,-0.502437
1644.949000,-0.569704
1644.950000,-0.635149
1644.951000,-0.472044
1644.952000,-0.492395
1644.953000,-0.315571
1644.954000,-0.332263
1644.955000,-0.662255
1644.956000,-0.685149
1644.957000,-0.785434
1644.958000,-0.912586
1644.959000,-0.784198
1644.960000,-0.731923
1644.961000,-0.687306
1644.962000,-0.485861
1644.963000,-0.400572
1644.964000,-0.500184
1644.965000,-0.660044
1644.966000,-0.771202
1644.967000,-0.744783
1644.968000,-0.749627
1644.969000,-0.674141
1644.970000,-0.537881
1644.971000,-0.665346
1644.972000,-0.538415
1644.973000,-0.393875
1644.974000,-0.375564
1644.975000,-0.337279
1644.976000,-0.471833
1644.977000,-0.397349
1644.978000,-0.345902
1644.979000,-0.132511
1644.980000,0.000959
1644.981000,0.137677
1644.982000,0.090834
1644.983000,0.184513
1644.984000,0.103297
1644.985000,0.231779
1644.986000,0.372432
1644.987000,0.335321
1644.988000,0.248489
1644.989000,0.415485
1644.990000,0.359093
1644.991000,0.393000
1644.992000,0.411245
1644.993000,0.368589
1644.994000,0.231230
1644.995000,0.180546
1644.996000,0.347335
1644.997000,0.363311
1644.998000,0.259641
1644.999000,0.203357
1645.000000,0.403968
1645.001000,0.478056
1645.002000,0.433325
1645.003000,0.558331
1645.004000,0.433010
1645.005000,0.403693
1645.006000,0.485979
1645.007000,0.544077
1645.008000,0.515335
1645.009000,0.569994
1645.010000,0.535746
1645.011000,0.563026
1645.012000,0.606744
1645.013000,0.575409
1645.014000,0.527735
1645.015000,0.722328
1645.016000,0.560010
1645.017000,0.667105
1645.018000,0.744736
1645.019000,0.722261
1645.020000,0.728558
1645.021000,0.740996
1645.022000,0.951157
1645.023000,1.006249
1645.024000,0.956893
1645.025000,0.849626
1645.026000,1.025832
1645.027000,1.037969
1645.028000,1.265737
1645.029000,1.169666
1645.030000,1.036072
1645.031000,0.912784
1645.032000,0.982203
1645.033000,0.894055
1645.034000,0.736521
1645.035000,0.666308
1645.036000,0.618468
1645.037000,0.652190
1645.038000,0.513694
1645.039000,0.622761
1645.040000,0.600530
1645.041000,0.696484
1645.042000,0.667641
1645.043000,0.658791
1645.044000,0.511490
1645.045000,0.648332
1645.046000,0.642376
1645.047000,0.718065
1645.048000,0.682683
1645.049000,0.547545
1645.050000,0.441090
1645.051000,0.424566
1645.052000,0.371857
1645.053000,0.386315
1645.054000,0.266685
1645.055000,0.185049
1645.056000,0.182026
1645.057000,0.249438
1645.058000,0.205021
1645.059000,0.135169
1645.060000,0.222663
1645.061000,0.078555
1645.062000,0.091710
1645.063000,0.198518
1645.064000,0.191543
1645.065000,0.031606
1645.066000,0.091159
1645.067000,0.002617
1645.068000,-0.097782
1645.069000,-0.089890
1645.070000,-0.203102
1645.071000,-0.149767
1645.072000,0.056417
1645.073000,-0.056000
1645.074000,0.116465
1645.075000,0.137558
1645.076000,0.257942
1645.077000,0.183485
1645.078000,0.209542
1645.079000,0.240698
1645.080000,0.392068
1645.081000,0.519054
1645.082000,0.420833
1645.083000,0.190570
1645.084000,0.163058
1645.085000,0.092841
1645.086000,0.108398
1645.087000,0.085193
1645.088000,0.181479
1645.089000,0.133649
1645.090000,0.201338
1645.091000,0.182497
1645.092000,0.144148
1645.093000,0.169452
1645.094000,-0.001601
1645.095000,-0.141790
1645.096000,0.000756
1645.097000,-0.137989
1645.098000,-0.073228
1645.099000,-0.061771
1645.100000,-0.256437
1645.101000,-0.221966
1645.102000,-0.367210
1645.103000,-0.364280
1645.104000,-0.270868
1645.105000,-0.188727
1645.106000,-0.206255
1645.107000,-0.177962
1645.108000,-0.036585
1645.109000,0.042366
1645.110000,-0.023721
1645.111000,-0.030268
1645.112000,-0.126760
1645.113000,-0.475383
1645.114000,-0.522173
1645.115000,-0.675572
1645.116000,-0.726819
1645.117000,-0.681239
1645.118000,-0.613337
1645.119000,-0.651957
1645.120000,-0.687957
1645.121000,-0.731776
1645.122000,-0.503906
1645.123000,-0.560596
1645.124000,-0.543948
1645.125000,-0.649325
1645.126000,-0.739026
1645.127000,-0.735090
1645.128000,-0.609721
1645.129000,-0.777129
1645.130000,-0.801289
1645.131000,-0.858011
1645.132000,-0.618315
1645.133000,-0.648476
1645.134000,-0.524928
1645.135000,-0.616113
1645.136000,-0.766364
1645.137000,-0.673599
1645.138000,-0.633112
1645.139000,-0.574859
1645.140000,-0.659536
1645.141000,-0.622463
1645.142000,-0.651963
1645.143000,-0.603827
1645.144000,-0.536102
1645.145000,-0.557463
1645.146000,-0.658848
1645.147000,-0.357335
1645.148000,-0.298254
1645.149000,-0.500893
1645.150000,-0.796220
1645.151000,-0.855667
1645.152000,-0.648783
1645.153000,-0.647255
1645.154000,-0.751814
1645.155000,-0.742879
1645.156000,-0.725618
1645.157000,-0.791515
1645.158000,-0.851654
1645.159000,-0.850728
1645.160000,-0.995793
1645.161000,-0.890900
1645.162000,-0.908427
1645.163000,-0.889392
1645.164000,-0.834102
1645.165000,-0.747434
1645.166000,-0.746047
1645.167000,-0.593110
1645.168000,-0.544932
1645.169000,-0.545724
1645.170000,-0.605292
1645.171000,-0.556948
1645.172000,-0.513481
1645.173000,-0.441462
1645.174000,-0.422198
1645.175000,-0.399015
1645.176000,-0.385082
1645.177000,-0.337878
1645.178000,-0.408138
1645.179000,-0.627242
1645.180000,-0.834265
1645.181000,-0.894934
1645.182000,-0.720654
1645.183000,-0.826995
1645.184000,-0.864890
1645.185000,-0.598675
1645.186000,-0.471184
1645.187000,-0.427013
1645.188000,-0.545288
1645.189000,-0.534368
1645.190000,-0.615337
1645.191000,-0.524993
1645.192000,-0.583206
1645.193000,-0.458026
1645.194000,-0.497560
1645.195000,-0.521760
1645.196000,-0.575506
1645.197000,-0.621708
1645.198000,-0.533406
1645.199000,-0.578799
1645.200000,-0.577400
1645.201000,-0.649401
1645.202000,-0.719031
1645.203000,-0.641286
1645.204000,-0.653841
1645.205000,-0.466844
1645.206000,-0.627100
1645.207000,-0.524860
1645.208000,-0.578043
1645.209000,-0.620132
1645.210000,-0.538594
1645.211000,-0.400276
1645.212000,-0.424730
1645.213000,-0.443730
1645.214000,-0.470869
1645.215000,-0.465761
1645.216000,-0.420329
1645.217000,-0.354088
1645.218000,-0.279017
1645.219000,-0.329305
1645.220000,-0.196803
1645.221000,-0.393700
1645.222000,-0.245980
1645.223000,-0.337653
1645.224000,-0.271122
1645.225000,-0.033417
1645.226000,0.041313
1645.227000,-0.198226
1645.228000,-0.190092
1645.229000,-0.397948
1645.230000,-0.390152
1645.231000,-0.323181
1645.232000,-0.130017
1645.233000,-0.109815
1645.234000,-0.257753
1645.235000,-0.303980
1645.236000,-0.164858
1645.237000,-0.271930
1645.238000,-0.364370
1645.239000,-0.290727
1645.240000,-0.259720
1645.241000,-0.207446
1645.242000,-0.362073
1645.243000,-0.207182
1645.244000,-0.208014
1645.245000,-0.250353
1645.246000,-0.167595
1645.247000,-0.075601
1645.248000,0.103811
1645.249000,0.209273
1645.250000,0.180266
1645.251000,0.194590
1645.252000,0.023040
1645.253000,0.005506
1645.254000,-0.148621
1645.255000,-0.272810
1645.256000,-0.338277
1645.257000,0.004705
1645.258000,-0.011458
1645.259000,0.009542
1645.260000,0.119010
1645.261000,0.041010
1645.262000,0.029205
1645.263000,0.248319
1645.264000,0.188605
1645.265000,0.173608
1645.266000,0.202805
1645.267000,0.147823
1645.268000,0.186879
1645.269000,0.156243
1645.270000,0.214887
1645.271000,0.208963
1645.272000,0.205199
1645.273000,0.202263
1645.274000,0.224054
1645.275000,0.227174
1645.276000,0.307262
1645.277000,0.243021
1645.278000,0.159802
1645.279000,0.261381
1645.280000,0.176459
1645.281000,0.344645
1645.282000,0.424614
1645.283000,0.476211
1645.284000,0.478144
1645.285000,0.473937
1645.286000,0.528770
1645.287000,0.462771
1645.288000,0.183700
1645.289000,0.191901
1645.290000,0.333255
1645.291000,0.303402
1645.292000,0.261942
1645.293000,0.301550
1645.294000,0.215359
1645.295000,0.219099
1645.296000,0.189259
1645.297000,0.166296
1645.298000,0.144963
1645.299000,0.344474
1645.300000,0.183368
1645.301000,0.233359
1645.302000,0.242403
1645.303000,0.315223
1645.304000,0.371943
1645.305000,0.309885
1645.306000,0.293920
1645.307000,0.268374
1645.308000,0.265625
1645.309000,0.381329
1645.310000,0.376860
1645.311000,0.447086
1645.312000,0.259314
1645.313000,0.384921
1645.314000,0.181156
1645.315000,0.250506
1645.316000,0.361331
1645.317000,0.314423
1645.318000,0.198485
1645.319000,0.120557
1645.320000,0.251727
1645.321000,0.222101
1645.322000,0.460557
1645.323000,0.323216
1645.324000,0.382347
1645.325000,0.558304
1645.326000,0.535098
1645.327000,0.512670
1645.328000,0.673350
1645.329000,0.455266
1645.330000,0.457855
1645.331000,0.468733
1645.332000,0.552434
1645.333000,0.450722
1645.334000,0.366659
1645.335000,0.429055
1645.336000,0.500000
1645.337000,0.436413
1645.338000,0.505173
1645.339000,0.538118
1645.340000,0.401524
1645.341000,0.360885
1645.342000,0.473175
1645.343000,0.628623
1645.344000,0.640571
1645.345000,0.483957
1645.346000,0.340822
1645.347000,0.354551
1645.348000,0.362539
1645.349000,0.343028
1645.350000,0.498562
1645.351000,0.350966
1645.352000,0.351203
1645.353000,0.200052
1645.354000,0.111398
1645.355000,-0.033343
1645.356000,0.044418
1645.357000,0.040076
1645.358000,-0.181348
1645.359000,-0.140347
1645.360000,-0.100308
1645.361000,-0.286523
1645.362000,-0.075067
1645.363000,-0.086313
1645.364000,-0.085516
1645.365000,-0.029898
1645.366000,0.123986
1645.367000,0.275133
1645.368000,0.070816
1645.369000,0.102897
1645.370000,-0.029494
1645.371000,-0.039503
1645.372000,-0.088614
1645.373000,0.054722
1645.374000,-0.099217
1645.375000,-0.100467
1645.376000,-0.086320
1645.377000,-0.164965
1645.378000,-0.146080
1645.379000,-0.112502
1645.380000,-0.225278
1645.381000,-0.307636
1645.382000,-0.388798
1645.383000,-0.213721
1645.384000,-0.253244
1645.385000,-0.262863
1645.386000,-0.146229
1645.387000,-0.096560
1645.388000,-0.202182
1645.389000,-0.252333
1645.390000,-0.247623
1645.391000,-0.258236
1645.392000,-0.284647
1645.393000,-0.446390
1645.394000,-0.527263
1645.395000,-0.519942
1645.396000,-0.698282
1645.397000,-0.602171
1645.398000,-0.371140
1645.399000,-0.355018
1645.400000,-0.473713
1645.401000,-0.390695
1645.402000,-0.379391
1645.403000,-0.479727
1645.404000,-0.620418
1645.405000,-0.663517
1645.406000,-0.643709
1645.407000,-0.484093
1645.408000,-0.425242
1645.409000,-0.326348
1645.410000,-0.275776
1645.411000,-0.295472
1645.412000,-0.376084
1645.413000,-0.341209
1645.414000,-0.413442
1645.415000,-0.508885
1645.416000,-0.568129
1645.417000,-0.761790
1645.418000,-0.846184
1645.419000,-0.834023
1645.420000,-0.929147
1645.421000,-1.097064
1645.422000,-1.060068
1645.423000,-0.937701
1645.424000,-1.060539
1645.425000,-1.050063
1645.426000,-1.011314
1645.427000,-1.025799
1645.428000,-0.997638
1645.429000,-0.978391
1645.430000,-0.941482
1645.431000,-1.027063
1645.432000,-0.957158
1645.433000,-1.001591
1645.434000,-0.798300
1645.435000,-0.683287
1645.436000,-0.722700
1645.437000,-0.886892
1645.438000,-0.771143
1645.439000,-0.645610
1645.440000,-0.591289
1645.441000,-0.575979
1645.442000,-0.500630
1645.443000,-0.443883
1645.444000,-0.361483
1645.445000,-0.306739
1645.446000,-0.178791
1645.447000,-0.009280
1645.448000,0.014738
1645.449000,-0.036440
1645.450000,-0.078398
1645.451000,-0.052137
1645.452000,-0.043038
1645.453000,0.071516
1645.454000,-0.067969
1645.455000,-0.078072
1645.456000,-0.043799
1645.457000,-0.025954
1645.458000,0.004318
1645.459000,0.029770
1645.460000,-0.003087
1645.461000,-0.023968
1645.462000,-0.011408
1645.463000,0.024579
1645.464000,0.119467
1645.465000,0.048814
1645.466000,0.068691
1645.467000,0.131050
1645.468000,0.182247
1645.469000,0.234095
1645.470000,0.382133
1645.471000,0.523622
1645.472000,0.424706
1645.473000,0.330711
1645.474000,0.450560
1645.475000,0.381173
1645.476000,0.484181
1645.477000,0.701207
1645.478000,0.725344
1645.479000,0.551192
1645.480000,0.531083
1645.481000,0.496068
1645.482000,0.453842
1645.483000,0.678683
1645.484000,0.578868
1645.485000,0.490024
1645.486000,0.473213
1645.487000,0.406179
1645.488000,0.501609
1645.489000,0.472739
1645.490000,0.257786
1645.491000,0.133653
1645.492000,0.195368
1645.493000,0.260973
1645.494000,0.326695
1645.495000,0.333683
1645.496000,0.239662
1645.497000,0.359573
1645.498000,0.320944
1645.499000,0.161030
1645.500000,0.101854
1645.501000,0.106871
1645.502000,0.040550
1645.503000,0.139265
1645.504000,0.103292
1645.505000,0.223403
1645.506000,0.142989
1645.507000,0.288641
1645.508000,0.176774
1645.509000,0.004311
1645.510000,-0.085093
1645.511000,-0.095691
1645.512000,0.198971
1645.513000,0.378544
1645.514000,0.336400
1645.515000,0.320961
1645.516000,0.296618
1645.517000,0.382110
1645.518000,0.282916
1645.519000,0.327691
1645.520000,0.355130
1645.521000,0.444564
1645.522000,0.374419
1645.523000,0.349689
1645.524000,0.513230
1645.525000,0.488220
1645.526000,0.474302
1645.527000,0.409403
1645.528000,0.467554
1645.529000,0.635792
1645.530000,0.924040
1645.531000,0.993603
1645.532000,1.174567
1645.533000,1.068042
1645.534000,1.036694
1645.535000,0.960134
1645.536000,1.027118
1645.537000,1.047118
1645.538000,1.140275
1645.539000,1.191089
1645.540000,1.160232
1645.541000,1.155826
1645.542000,1.169211
1645.543000,1.118253
1645.544000,1.198639
1645.545000,1.258601
1645.546000,1.028260
1645.547000,0.995915
1645.548000,1.025670
1645.549000,0.900613
1645.550000,0.746189
1645.551000,0.694250
1645.552000,0.703922
1645.553000,0.686158
1645.554000,0.879751
1645.555000,0.975095
1645.556000,1.154111
1645.557000,0.965988
1645.558000,0.778423
1645.559000,0.642188
1645.560000,0.649768
1645.561000,0.478929
1645.562000,0.423116
1645.563000,0.396380
1645.564000,0.289302
1645.565000,0.221549
1645.566000,0.226407
1645.567000,-0.026574
1645.568000,-0.064075
1645.569000,-0.089542
1645.570000,0.066201
1645.571000,0.081321
1645.572000,-0.034148
1645.573000,-0.134616
1645.574000,-0.186218
1645.575000,-0.228950
1645.576000,-0.517589
1645.577000,-0.598235
1645.578000,-0.558029
1645.579000,-0.425307
1645.580000,-0.361984
1645.581000,-0.343612
1645.582000,-0.303995
1645.583000,-0.332372
1645.584000,-0.310521
1645.585000,-0.253473
1645.586000,-0.156034
1645.587000,-0.229174
1645.588000,-0.124255
1645.589000,-0.244143
1645.590000,-0.169613
1645.591000,-0.150364
1645.592000,-0.195462
1645.593000,-0.290166
1645.594000,-0.192060
1645.595000,-0.168163
1645.596000,-0.164403
1645.597000,-0.058766
1645.598000,-0.076549
1645.599000,-0.047611
1645.600000,-0.027255
1645.601000,-0.149083
1645.602000,-0.085977
1645.603000,-0.189899
1645.604000,-0.329350
1645.605000,-0.314326
1645.606000,-0.390382
1645.607000,-0.518010
1645.608000,-0.487899
1645.609000,-0.363529
1645.610000,-0.403868
1645.611000,-0.461613
1645.612000,-0.555717
1645.613000,-0.570737
1645.614000,-0.507871
1645.615000,-0.396900
1645.616000,-0.494187
1645.617000,-0.337339
1645.618000,-0.156424
1645.619000,-0.069746
1645.620000,-0.110423
1645.621000,-0.237812
1645.622000,-0.333151
1645.623000,-0.249636
1645.624000,-0.289907
1645.625000,-0.395257
1645.626000,-0.488887
1645.627000,-0.746895
1645.628000,-0.529757
1645.629000,-0.546710
1645.630000,-0.761170
1645.631000,-0.626076
1645.632000,-0.836217
1645.633000,-0.944389
1645.634000,-0.866403
1645.635000,-0.984378
1645.636000,-0.946700
1645.637000,-0.911218
1645.638000,-1.001652
1645.639000,-1.145087
1645.640000,-1.211405
1645.641000,-1.296746
1645.642000,-1.153473
1645.643000,-1.227904
1645.644000,-1.222598
1645.645000,-1.188452
1645.646000,-1.148236
1645.647000,-1.109319
1645.648000,-1.077153
1645.649000,-1.052162
1645.650000,-1.037821
1645.651000,-1.030633
1645.652000,-0.998745
1645.653000,-1.121869
1645.654000,-0.963307
1645.655000,-0.837556
1645.656000,-0.764343
1645.657000,-0.763717
1645.658000,-0.610095
1645.659000,-0.576339
1645.660000,-0.582107
1645.661000,-0.767864
1645.662000,-0.625041
1645.663000,-0.705086
1645.664000,-0.779217
1645.665000,-0.613184
1645.666000,-0.590091
1645.667000,-0.431767
1645.668000,-0.327372
1645.669000,-0.198813
1645.670000,-0.181453
1645.671000,-0.222722
1645.672000,-0.290746
1645.673000,-0.149671
1645.674000,-0.164920
1645.675000,-0.254966
1645.676000,-0.132316
1645.677000,-0.210205
1645.678000,-0.342331
1645.679000,-0.223187
1645.680000,-0.229118
1645.681000,-0.116644
1645.682000,-0.063486
1645.683000,-0.004157
1645.684000,-0.035678
1645.685000,0.120904
1645.686000,0.085092
1645.687000,0.011960
1645.688000,-0.067383
1645.689000,0.059572
1645.690000,-0.017978
1645.691000,-0.027911
1645.692000,0.009282
1645.693000,0.020307
1645.694000,-0.117971
1645.695000,-0.094628
1645.696000,-0.268549
1645.697000,-0.166590
1645.698000,-0.151600
1645.699000,-0.023122
1645.700000,-0.124028
1645.701000,-0.005240
1645.702000,-0.055805
1645.703000,-0.128339
1645.704000,-0.024789
1645.705000,-0.060925
1645.706000,0.019049
1645.707000,0.077078
1645.708000,0.027407
1645.709000,0.012866
1645.710000,0.089800
1645.711000,0.053385
1645.712000,-0.071680
1645.713000,-0.003813
1645.714000,0.050686
1645.715000,0.023849
1645.716000,0.033285
1645.717000,0.047949
1645.718000,-0.084792
1645.719000,0.138473
1645.720000,0.139452
1645.721000,0.284977
1645.722000,0.213191
1645.723000,0.334813
1645.724000,0.370295
1645.725000,0.402743
1645.726000,0.230726
1645.727000,0.323728
1645.728000,0.205024
1645.729000,0.061981
1645.730000,0.040304
1645.731000,-0.063746
1645.732000,-0.137700
1645.733000,-0.171838
1645.734000,-0.152650
1645.735000,-0.146981
1645.736000,-0.135338
1645.737000,0.073449
1645.738000,0.054456
1645.739000,0.036732
1645.740000,0.091083
1645.741000,-0.123083
1645.742000,-0.053772
1645.743000,0.107997
1645.744000,0.003937
1645.745000,0.162778
1645.746000,0.250337
1645.747000,0.356449
1645.748000,0.532019
1645.749000,0.681774
1645.750000,0.859054
1645.751000,0.650481
1645.752000,0.654652
1645.753000,0.745634
1645.754000,0.715045
1645.755000,0.788431
1645.756000,0.640726
1645.757000,0.755186
1645.758000,0.755224
1645.759000,0.839175
1645.760000,0.834655
1645.761000,0.798959
1645.762000,0.642971
1645.763000,0.603589
1645.764000,0.569341
1645.765000,0.491467
1645.766000,0.386980
1645.767000,0.165657
1645.768000,0.017745
1645.769000,-0.081938
1645.770000,-0.092119
1645.771000,-0.078302
1645.772000,-0.098001
1645.773000,-0.242554
1645.774000,-0.453736
1645.775000,-0.419219
1645.776000,-0.524772
1645.777000,-0.512823
1645.778000,-0.548394
1645.779000,-0.532280
1645.780000,-0.542365
1645.781000,-0.671894
1645.782000,-0.544780
1645.783000,-0.445126
1645.784000,-0.638751
1645.785000,-0.713151
1645.786000,-0.819626
1645.787000,-0.585248
1645.788000,-0.580963
1645.789000,-0.619764
1645.790000,-0.655031
1645.791000,-0.719686
1645.792000,-0.761306
1645.793000,-0.746210
1645.794000,-0.706112
1645.795000,-0.588099
1645.796000,-0.524717
1645.797000,-0.492054
1645.798000,-0.371207
1645.799000,-0.290084
1645.800000,-0.360225
1645.801000,-0.328459
1645.802000,-0.386579
1645.803000,-0.334513
1645.804000,-0.307986
1645.805000,-0.208454
1645.806000,-0.012637
1645.807000,-0.034136
1645.808000,-0.032014
1645.809000,-0.010886
1645.810000,-0.103256
1645.811000,-0.142658
1645.812000,-0.239076
1645.813000,-0.307352
1645.814000,-0.216084
1645.815000,-0.111483
1645.816000,-0.017127
1645.817000,-0.121056
1645.818000,-0.208548
1645.819000,-0.121537
1645.820000,-0.076900
1645.821000,0.016061
1645.822000,-0.041149
1645.823000,0.000195
1645.824000,0.099700
1645.825000,0.190432
1645.826000,0.241380
1645.827000,0.416441
1645.828000,0.639326
1645.829000,0.617496
1645.830000,0.466525
1645.831000,0.414054
1645.832000,0.481721
1645.833000,0.451511
1645.834000,0.359807
1645.835000,0.516567
1645.836000,0.566119
1645.837000,0.597653
1645.838000,0.508063
1645.839000,0.577848
1645.840000,0.650621
1645.841000,0.668067
1645.842000,0.740457
1645.843000,0.785165
1645.844000,0.991304
1645.845000,0.942158
1645.846000,1.033670
1645.847000,0.962747
1645.848000,1.139986
1645.849000,1.116520
1645.850000,1.012683
1645.851000,1.026502
1645.852000,1.070328
1645.853000,0.988327
1645.854000,1.086832
1645.855000,0.928130
1645.856000,0.784649
1645.857000,0.719042
1645.858000,0.773369
1645.859000,0.810539
1645.860000,0.657788
1645.861000,0.581066
1645.862000,0.568632
1645.863000,0.838414
1645.864000,0.548351
1645.865000,0.513523
1645.866000,0.537297
1645.867000,0.545632
1645.868000,0.683015
1645.869000,0.734235
1645.870000,0.778317
1645.871000,0.921636
1645.872000,0.985019
1645.873000,0.917473
1645.874000,0.991191
1645.875000,0.898396
1645.876000,0.924722
1645.877000,0.999512
1645.878000,1.034057
1645.879000,0.962071
1645.880000,0.849246
1645.881000,0.804333
1645.882000,0.856559
1645.883000,0.789276
1645.884000,0.671452
1645.885000,0.676766
1645.886000,0.812333
1645.887000,0.681859
1645.888000,0.556610
1645.889000,0.698031
1645.890000,0.841302
1645.891000,0.760426
1645.892000,0.921029
1645.893000,0.921054
1645.894000,1.025050
1645.895000,1.049842
1645.896000,1.004212
1645.897000,0.969344
1645.898000,1.061097
1645.899000,1.102749
1645.900000,1.067134
1645.901000,0.893643
1645.902000,0.795912
1645.903000,0.986383
1645.904000,0.755765
1645.905000,0.794353
1645.906000,0.677850
1645.907000,0.570036
1645.908000,0.308740
1645.909000,0.348149
1645.910000,0.375862
1645.911000,0.505666
1645.912000,0.530214
1645.913000,0.452074
1645.914000,0.386970
1645.915000,0.616120
1645.916000,0.575178
1645.917000,0.630806
1645.918000,0.384358
1645.919000,0.457334
1645.920000,0.506333
1645.921000,0.446615
1645.922000,0.476531
1645.923000,0.592637
1645.924000,0.345183
1645.925000,0.432751
1645.926000,0.335945
1645.927000,0.318494
1645.928000,0.277632
1645.929000,0.206711
1645.930000,0.240146
1645.931000,0.385296
1645.932000,0.306993
1645.933000,0.286806
1645.934000,0.251590
1645.935000,0.369222
1645.936000,0.312474
1645.937000,0.275194
1645.938000,0.122027
1645.939000,0.056508
1645.940000,-0.030373
1645.941000,-0.186173
1645.942000,-0.286720
1645.943000,-0.175218
1645.944000,-0.212898
1645.945000,-0.395796
1645.946000,-0.401064
1645.947000,-0.326895
1645.948000,-0.484482
1645.949000,-0.612722
1645.950000,-0.500563
1645.951000,-0.613285
1645.952000,-0.770868
1645.953000,-0.699978
1645.954000,-0.548982
1645.955000,-0.581769
1645.956000,-0.476746
1645.957000,-0.575144
1645.958000,-0.577951
1645.959000,-0.622948
1645.960000,-0.563644
1645.961000,-0.652312
1645.962000,-0.612657
1645.963000,-0.678553
1645.964000,-0.759855
1645.965000,-0.770927
1645.966000,-0.690613
1645.967000,-0.742933
1645.968000,-0.738499
1645.969000,-0.647219
1645.970000,-0.477550
1645.971000,-0.478814
1645.972000,-0.507467
1645.973000,-0.550825
1645.974000,-0.641837
1645.975000,-0.629846
1645.976000,-0.613224
1645.977000,-0.874345
1645.978000,-0.711820
1645.979000,-0.645482
1645.980000,-0.644545
1645.981000,-0.725413
1645.982000,-0.634049
1645.983000,-0.591401
1645.984000,-0.579477
1645.985000,-0.584411
1645.986000,-0.554858
1645.987000,-0.603020
1645.988000,-0.659124
1645.989000,-0.629727
1645.990000,-0.598448
1645.991000,-0.494611
1645.992000,-0.291414
1645.993000,-0.351441
1645.994000,-0.292016
1645.995000,-0.293833
1645.996000,-0.350090
1645.997000,-0.211596
1645.998000,-0.287249
1645.999000,-0.306506
1646.000000,-0.239914
1646.001000,-0.298826
1646.002000,-0.215080
1646.003000,-0.307857
1646.004000,-0.185824
1646.005000,-0.052597
1646.006000,-0.264591
1646.007000,-0.216801
1646.008000,-0.541192
1646.009000,-0.425801
1646.010000,-0.440003
1646.011000,-0.592392
1646.012000,-0.717485
1646.013000,-0.811577
1646.014000,-0.798689
1646.015000,-0.705548
1646.016000,-0.568840
1646.017000,-0.770487
1646.018000,-0.752586
1646.019000,-0.845285
1646.020000,-0.971865
1646.021000,-1.041277
1646.022000,-0.992020
1646.023000,-1.072163
1646.024000,-1.143924
1646.025000,-1.048456
1646.026000,-1.053856
1646.027000,-1.033662
1646.028000,-1.142029
1646.029000,-1.001427
1646.030000,-0.997961
1646.031000,-1.145211
1646.032000,-0.973373
1646.033000,-1.093411
1646.034000,-1.093455
1646.035000,-1.191731
1646.036000,-0.975184
1646.037000,-0.818583
1646.038000,-0.899342
1646.039000,-1.110046
1646.040000,-0.884141
1646.041000,-0.801935
1646.042000,-0.661024
1646.043000,-0.519482
1646.044000,-0.363156
1646.045000,-0.326524
1646.046000,-0.295715
1646.047000,-0.386246
1646.048000,-0.445753
1646.049000,-0.531846
1646.050000,-0.488791
1646.051000,-0.486365
1646.052000,-0.490511
1646.053000,-0.593801
1646.054000,-0.652287
1646.055000,-0.459833
1646.056000,-0.385577
1646.057000,-0.304605
1646.058000,-0.300933
1646.059000,-0.380280
1646.060000,-0.378333
1646.061000,-0.359276
1646.062000,-0.383099
1646.063000,-0.344574
1646.064000,-0.456711
1646.065000,-0.538948
1646.066000,-0.489149
1646.067000,-0.624634
1646.068000,-0.689114
1646.069000,-0.675291
1646.070000,-0.680247
1646.071000,-0.640154
1646.072000,-0.675810
1646.073000,-0.811337
1646.074000,-0.878502
1646.075000,-1.033303
1646.076000,-0.837957
1646.077000,-0.853213
1646.078000,-0.746092
1646.079000,-0.682377
1646.080000,-0.561889
1646.081000,-0.626111
1646.082000,-0.577003
1646.083000,-0.364721
1646.084000,-0.299783
1646.085000,-0.127119
1646.086000,0.005325
1646.087000,-0.008971
1646.088000,-0.042804
1646.089000,0.176657
1646.090000,0.165296
1646.091000,0.073006
1646.092000,0.122436
1646.093000,0.158488
1646.094000,0.359530
1646.095000,0.479943
1646.096000,0.417517
1646.097000,0.396088
1646.098000,0.274302
1646.099000,0.325152
1646.100000,0.357367
1646.101000,0.329948
1646.102000,0.238826
1646.103000,0.291983
1646.104000,0.417389
1646.105000,0.540434
1646.106000,0.597744
1646.107000,0.857944
1646.108000,0.963406
1646.109000,0.888864
1646.110000,0.783203
1646.111000,0.698730
1646.112000,0.772298
1646.113000,0.656823
1646.114000,0.588257
1646.115000,0.559833
1646.116000,0.495521
1646.117000,0.250170
1646.118000,0.382078
1646.119000,0.355527
1646.120000,0.349166
1646.121000,0.369150
1646.122000,0.537891
1646.123000,0.174649
1646.124000,-0.001813
1646.125000,-0.008022
1646.126000,0.025359
1646.127000,0.062723
1646.128000,0.057340
1646.129000,0.290135
1646.130000,0.269549
1646.131000,0.171225
1646.132000,0.381759
1646.133000,0.490485
1646.134000,0.420400
1646.135000,0.268477
1646.136000,0.301538
1646.137000,0.227927
1646.138000,0.239801
1646.139000,0.240816
1646.140000,0.201805
1646.141000,0.128361
1646.142000,0.101318
1646.143000,-0.013756
1646.144000,-0.076040
1646.145000,0.172760
1646.146000,0.203250
1646.147000,0.053505
1646.148000,0.044514
1646.149000,0.265639
1646.150000,0.381577
1646.151000,0.413762
1646.152000,0.512920
1646.153000,0.416152
1646.154000,0.288642
1646.155000,0.281134
1646.156000,0.189570
1646.157000,0.319963
1646.158000,0.279176
1646.159000,0.305917
1646.160000,0.188478
1646.161000,0.395864
1646.162000,0.364385
1646.163000,0.434156
1646.164000,0.488973
1646.165000,0.551638
1646.166000,0.486516
1646.167000,0.520151
1646.168000,0.461560
1646.169000,0.509322
1646.170000,0.499439
1646.171000,0.448692
1646.172000,0.588794
1646.173000,0.503240
1646.174000,0.452367
1646.175000,0.377452
1646.176000,0.373784
1646.177000,0.378221
1646.178000,0.310782
1646.179000,0.256288
1646.180000,0.286476
1646.181000,0.298454
1646.182000,0.361527
1646.183000,0.412548
1646.184000,0.346523
1646.185000,0.382491
1646.186000,0.414458
1646.187000,0.295297
1646.188000,0.407714
1646.189000,0.590983
1646.190000,0.544058
1646.191000,0.659724
1646.192000,0.531563
1646.193000,0.419135
1646.194000,0.143034
1646.195000,0.163036
1646.196000,0.008759
1646.197000,-0.175095
1646.198000,-0.029352
1646.199000,0.110520
1646.200000,0.141179
1646.201000,0.182896
1646.202000,0.210866
1646.203000,0.236645
1646.204000,0.208826
1646.205000,0.370381
1646.206000,0.341846
1646.207000,0.290102
1646.208000,0.184852
1646.209000,0.140543
1646.210000,0.124904
1646.211000,0.190702
1646.212000,0.206926
1646.213000,0.231237
1646.214000,0.076792
1646.215000,0.109371
1646.216000,-0.023604
1646.217000,-0.219604
1646.218000,-0.112813
1646.219000,-0.282849
1646.220000,-0.380138
1646.221000,-0.205976
1646.222000,-0.225471
1646.223000,-0.238758
1646.224000,-0.283849
1646.225000,-0.177289
1646.226000,-0.244046
1646.227000,-0.214133
1646.228000,-0.096034
1646.229000,-0.009477
1646.230000,0.033762
1646.231000,-0.125147
1646.232000,-0.173489
1646.233000,-0.016890
1646.234000,-0.100096
1646.235000,0.123665
1646.236000,0.093194
1646.237000,0.141863
1646.238000,0.270467
1646.239000,0.181200
1646.240000,0.378057
1646.241000,0.233266
1646.242000,0.201848
1646.243000,0.005989
1646.244000,0.068258
1646.245000,0.059432
1646.246000,0.154303
1646.247000,0.141376
1646.248000,0.096310
1646.249000,0.111997
1646.250000,0.244033
1646.251000,0.144012
1646.252000,0.287714
1646.253000,0.170692
1646.254000,0.046047
1646.255000,0.005491
1646.256000,0.118263
1646.257000,0.219978
1646.258000,0.179155
1646.259000,0.072711
1646.260000,0.134622
1646.261000,0.135988
1646.262000,-0.083326
1646.263000,-0.045260
1646.264000,0.057842
1646.265000,-0.126064
1646.266000,-0.116579
1646.267000,-0.027608
1646.268000,0.092009
1646.269000,0.071525
1646.270000,-0.028547
1646.271000,0.162023
1646.272000,0.352463
1646.273000,0.378666
1646.274000,0.127210
1646.275000,-0.041350
1646.276000,0.046940
1646.277000,0.075309
1646.278000,0.133725
1646.279000,0.130503
1646.280000,0.176360
1646.281000,-0.056037
1646.282000,0.026008
1646.283000,0.008505
1646.284000,-0.023632
1646.285000,0.014772
1646.286000,-0.051368
1646.287000,0.067101
1646.288000,0.089311
1646.289000,0.106902
1646.290000,-0.038837
1646.291000,-0.187589
1646.292000,-0.210524
1646.293000,-0.208015
1646.294000,-0.285616
1646.295000,-0.133257
1646.296000,-0.012120
1646.297000,0.089595
1646.298000,0.066667
1646.299000,0.117226
1646.300000,0.063971
1646.301000,-0.065639
1646.302000,-0.026491
1646.303000,-0.053160
1646.304000,0.055928
1646.305000,0.106904
1646.306000,-0.033935
1646.307000,0.004954
1646.308000,-0.023171
1646.309000,-0.155206
1646.310000,-0.106163
1646.311000,-0.340993
1646.312000,-0.286416
1646.313000,-0.231397
1646.314000,-0.182598
1646.315000,-0.306154
1646.316000,-0.078529
1646.317000,0.028268
1646.318000,0.048012
1646.319000,0.060874
1646.320000,0.114487
1646.321000,0.034232
1646.322000,-0.011524
1646.323000,0.046088
1646.324000,-0.096579
1646.325000,0.085808
1646.326000,-0.025931
1646.327000,-0.013392
1646.328000,0.054606
1646.329000,0.164812
1646.330000,0.127624
1646.331000,0.265925
1646.332000,0.283387
1646.333000,0.223960
1646.334000,0.188018
1646.335000,0.335653
1646.336000,0.347664
1646.337000,0.250372
1646.338000,0.210550
1646.339000,0.067575
1646.340000,0.112081
1646.341000,0.178272
1646.342000,0.235146
1646.343000,0.152359
1646.344000,0.225924
1646.345000,0.123684
1646.346000,0.142928
1646.347000,0.257665
1646.348000,0.224075
1646.349000,0.168326
1646.350000,0.210847
1646.351000,0.185588
1646.352000,0.217938
1646.353000,0.190631
1646.354000,0.269333
1646.355000,0.272246
1646.356000,0.071231
1646.357000,0.209805
1646.358000,0.301840
1646.359000,0.186291
1646.360000,0.284423
1646.361000,0.213764
1646.362000,0.385363
1646.363000,0.386867
1646.364000,0.503688
1646.365000,0.475401
1646.366000,0.419900
1646.367000,0.352379
1646.368000,0.267496
1646.369000,0.207550
1646.370000,0.070547
1646.371000,-0.053800
1646.372000,-0.099757
1646.373000,-0.086198
1646.374000,-0.093979
1646.375000,0.030826
1646.376000,0.023556
1646.377000,-0.099571
1646.378000,-0.122979
1646.379000,-0.314092
1646.380000,-0.132733
1646.381000,-0.055708
1646.382000,0.031125
1646.383000,0.070912
1646.384000,-0.015785
1646.385000,0.051928
1646.386000,0.127599
1646.387000,0.152597
1646.388000,0.197296
1646.389000,0.292287
1646.390000,0.277063
1646.391000,0.277715
1646.392000,0.442044
1646.393000,0.399371
1646.394000,0.285781
1646.395000,0.334999
1646.396000,0.349093
1646.397000,0.402646
1646.398000,0.383219
1646.399000,0.420627
1646.400000,0.290685
1646.401000,0.331909
1646.402000,0.355601
1646.403000,0.424343
1646.404000,0.352159
1646.405000,0.325534
1646.406000,0.306427
1646.407000,0.244120
1646.408000,0.141757
1646.409000,0.225833
1646.410000,0.159865
1646.411000,0.210867
1646.412000,0.166167
1646.413000,0.134410
1646.414000,0.028377
1646.415000,0.115755
1646.416000,0.132622
1646.417000,0.010014
1646.418000,0.214129
1646.419000,0.161271
1646.420000,0.232429
1646.421000,0.202695
1646.422000,0.195955
1646.423000,0.176475
1646.424000,0.108703
1646.425000,0.094869
1646.426000,0.086717
1646.427000,0.112675
1646.428000,0.192274
1646.429000,0.342378
1646.430000,0.249940
1646.431000,0.458730
1646.432000,0.476747
1646.433000,0.515614
1646.434000,0.438855
1646.435000,0.391083
1646.436000,0.198827
1646.437000,0.327249
1646.438000,0.244553
1646.439000,0.287970
1646.440000,0.166533
1646.441000,0.021555
1646.442000,0.009915
1646.443000,-0.101397
1646.444000,-0.167768
1646.445000,-0.107366
1646.446000,-0.057142
1646.447000,0.000067
1646.448000,-0.022790
1646.449000,-0.002337
1646.450000,0.014985
1646.451000,-0.213183
1646.452000,-0.305768
1646.453000,-0.383439
1646.454000,-0.269354
1646.455000,-0.369979
1646.456000,-0.307254
1646.457000,-0.330620
1646.458000,-0.213595
1646.459000,-0.045596
1646.460000,-0.303735
1646.461000,-0.482950
1646.462000,-0.528180
1646.463000,-0.432023
1646.464000,-0.668420
1646.465000,-0.715651
1646.466000,-0.791488
1646.467000,-0.785509
1646.468000,-0.697984
1646.469000,-0.628298
1646.470000,-0.431538
1646.471000,-0.326330
1646.472000,-0.353512
1646.473000,-0.521053
1646.474000,-0.549688
1646.475000,-0.507333
1646.476000,-0.555592
1646.477000,-0.671019
1646.478000,-0.809278
1646.479000,-0.790532
1646.480000,-0.759282
1646.481000,-0.878670
1646.482000,-0.786584
1646.483000,-0.587256
1646.484000,-0.651816
1646.485000,-0.684355
1646.486000,-0.708349
1646.487000,-0.680659
1646.488000,-0.826345
1646.489000,-0.694592
1646.490000,-0.616077
1646.491000,-0.497424
1646.492000,-0.347745
1646.493000,-0.297472
1646.494000,-0.361382
1646.495000,-0.320196
1646.496000,-0.186905
1646.497000,-0.291503
1646.498000,-0.329258
1646.499000,-0.398355
1646.500000,-0.375291
1646.501000,-0.310504
1646.502000,-0.360479
1646.503000,-0.312785
1646.504000,-0.247203
1646.505000,-0.192402
1646.506000,0.008400
1646.507000,0.004961
1646.508000,0.199854
1646.509000,0.024079
1646.510000,-0.150263
1646.511000,-0.136176
1646.512000,-0.111251
1646.513000,-0.078428
1646.514000,0.019917
1646.515000,0.110673
1646.516000,-0.120857
1646.517000,-0.054602
1646.518000,-0.213417
1646.519000,-0.254669
1646.520000,-0.077673
1646.521000,-0.028475
1646.522000,-0.134517
1646.523000,-0.049047
1646.524000,-0.107524
1646.525000,-0.100168
1646.526000,-0.233025
1646.527000,-0.077312
1646.528000,0.031791
1646.529000,0.184479
1646.530000,0.399026
1646.531000,0.390687
1646.532000,0.435420
1646.533000,0.438227
1646.534000,0.358567
1646.535000,0.043391
1646.536000,-0.002276
1646.537000,-0.042585
1646.538000,0.049405
1646.539000,0.259058
1646.540000,0.235348
1646.541000,0.399074
1646.542000,0.468014
1646.543000,0.485459
1646.544000,0.382484
1646.545000,0.524471
1646.546000,0.488908
1646.547000,0.534624
1646.548000,0.517156
1646.549000,0.553692
1646.550000,0.516468
1646.551000,0.593156
1646.552000,0.776413
1646.553000,0.861149
1646.554000,0.851661
1646.555000,0.711202
1646.556000,0.841068
1646.557000,0.760506
1646.558000,0.613872
1646.559000,0.517294
1646.560000,0.574186
1646.561000,0.432608
1646.562000,0.334763
1646.563000,0.388587
1646.564000,0.118372
1646.565000,0.212153
1646.566000,0.023430
1646.567000,0.023398
1646.568000,0.044591
1646.569000,0.195308
1646.570000,0.190166
1646.571000,0.340310
1646.572000,0.333457
1646.573000,0.417684
1646.574000,0.302045
1646.575000,0.525190
1646.576000,0.516687
1646.577000,0.504781
1646.578000,0.456630
1646.579000,0.568729
1646.580000,0.739257
1646.581000,0.632524
1646.582000,0.314220
1646.583000,0.232689
1646.584000,0.264620
1646.585000,0.325555
1646.586000,0.295935
1646.587000,0.232217
1646.588000,0.189260
1646.589000,0.172958
1646.590000,0.305976
1646.591000,0.330672
1646.592000,0.376864
1646.593000,0.404316
1646.594000,0.265263
1646.595000,0.186015
1646.596000,0.310268
1646.597000,0.489120
1646.598000,0.417588
1646.599000,0.212242
1646.600000,0.139046
1646.601000,0.210858
1646.602000,0.148680
1646.603000,0.118627
1646.604000,0.019081
1646.605000,-0.144969
1646.606000,-0.246209
1646.607000,-0.009306
1646.608000,-0.045092
1646.609000,-0.037219
1646.610000,0.124475
1646.611000,0.072735
1646.612000,0.060086
1646.613000,0.032058
1646.614000,-0.041386
1646.615000,-0.132664
1646.616000,-0.105725
1646.617000,-0.053718
1646.618000,0.163156
1646.619000,0.068210
1646.620000,0.075577
1646.621000,0.132475
1646.622000,0.114657
1646.623000,-0.067751
1646.624000,-0.216944
1646.625000,-0.103069
1646.626000,-0.079291
1646.627000,-0.011530
1646.628000,-0.097849
1646.629000,0.030672
1646.630000,0.010264
1646.631000,0.072498
1646.632000,0.124822
1646.633000,0.045257
1646.634000,0.040788
1646.635000,0.028463
1646.636000,0.062165
1646.637000,0.029674
1646.638000,0.011640
1646.639000,0.138122
1646.640000,0.102775
1646.641000,0.174725
1646.642000,0.119047
1646.643000,-0.075288
1646.644000,-0.343015
1646.645000,-0.331169
1646.646000,-0.490084
1646.647000,-0.498423
1646.648000,-0.422401
1646.649000,-0.239337
1646.650000,-0.537391
1646.651000,-0.518879
1646.652000,-0.650286
1646.653000,-0.812577
1646.654000,-0.716832
1646.655000,-0.657089
1646.656000,-0.628200
1646.657000,-0.509376
1646.658000,-0.622237
1646.659000,-0.534019
1646.660000,-0.558915
1646.661000,-0.474777
1646.662000,-0.404725
1646.663000,-0.294267
1646.664000,-0.229894
1646.665000,-0.222502
1646.666000,-0.179193
1646.667000,-0.252607
1646.668000,-0.218223
1646.669000,-0.450633
1646.670000,-0.448235
1646.671000,-0.523936
1646.672000,-0.532302
1646.673000,-0.566100
1646.674000,-0.636188
1646.675000,-0.646804
1646.676000,-0.527620
1646.677000,-0.458914
1646.678000,-0.435376
1646.679000,-0.464253
1646.680000,-0.660086
1646.681000,-0.752739
1646.682000,-0.792642
1646.683000,-0.845625
1646.684000,-0.635337
1646.685000,-0.846620
1646.686000,-0.968144
1646.687000,-0.869105
1646.688000,-0.832565
1646.689000,-0.741412
1646.690000,-0.890828
1646.691000,-0.870164
1646.692000,-0.843604
1646.693000,-0.950420
1646.694000,-0.853612
1646.695000,-0.804134
1646.696000,-0.746457
1646.697000,-0.572271
1646.698000,-0.494915
1646.699000,-0.597042
1646.700000,-0.656297
1646.701000,-0.630341
1646.702000,-0.598305
1646.703000,-0.625705
1646.704000,-0.561494
1646.705000,-0.674165
1646.706000,-0.834802
1646.707000,-0.789267
1646.708000,-0.911273
1646.709000,-0.925890
1646.710000,-1.014381
1646.711000,-1.086814
1646.712000,-1.190198
1646.713000,-1.205608
1646.714000,-1.034845
1646.715000,-1.100482
1646.716000,-1.192564
1646.717000,-1.187954
1646.718000,-1.304261
1646.719000,-1.300650
1646.720000,-1.177535
1646.721000,-1.131059
1646.722000,-1.123349
1646.723000,-1.067988
1646.724000,-1.022623
1646.725000,-1.032477
1646.726000,-0.910401
1646.727000,-0.928309
1646.728000,-0.917301
1646.729000,-0.820807
1646.730000,-0.787824
1646.731000,-0.746889
1646.732000,-0.874423
1646.733000,-0.737902
1646.734000,-0.754300
1646.735000,-0.474657
1646.736000,-0.383124
1646.737000,-0.400154
1646.738000,-0.344309
1646.739000,-0.190016
1646.740000,-0.375814
1646.741000,-0.213123
1646.742000,-0.242026
1646.743000,-0.257362
1646.744000,-0.502021
1646.745000,-0.639491
1646.746000,-0.634196
1646.747000,-0.631382
1646.748000,-0.625852
1646.749000,-0.695443
1646.750000,-0.805248
1646.751000,-0.761305
1646.752000,-0.765852
1646.753000,-0.740856
1646.754000,-0.660247
1646.755000,-0.884417
1646.756000,-0.877902
1646.757000,-0.898069
1646.758000,-0.698988
1646.759000,-0.798884
1646.760000,-0.759164
1646.761000,-0.772634
1646.762000,-0.776270
1646.763000,-0.655400
1646.764000,-0.515967
1646.765000,-0.607192
1646.766000,-0.646168
1646.767000,-0.457855
1646.768000,-0.290032
1646.769000,-0.245240
1646.770000,-0.078747
1646.771000,0.074271
1646.772000,0.078445
1646.773000,0.213049
1646.774000,0.188535
1646.775000,0.138003
1646.776000,0.327141
1646.777000,0.348991
1646.778000,0.640636
1646.779000,0.562214
1646.780000,0.598392
1646.781000,0.633181
1646.782000,0.611755
1646.783000,0.563280
1646.784000,0.472831
1646.785000,0.579372
1646.786000,0.742794
1646.787000,0.589089
1646.788000,0.619661
1646.789000,0.571190
1646.790000,0.535540
1646.791000,0.575315
1646.792000,0.632243
1646.793000,0.454628
1646.794000,0.534982
1646.795000,0.268426
1646.796000,0.210195
1646.797000,0.118979
1646.798000,0.233033
1646.799000,0.259001
1646.800000,0.141498
1646.801000,0.147847
1646.802000,0.161944
1646.803000,0.208188
1646.804000,0.264340
1646.805000,0.346630
1646.806000,0.308830
1646.807000,0.446307
1646.808000,0.414615
1646.809000,0.466081
1646.810000,0.581126
1646.811000,0.536540
1646.812000,0.486984
1646.813000,0.516776
1646.814000,0.596777
1646.815000,0.689837
1646.816000,0.663730
1646.817000,0.762624
1646.818000,0.830651
1646.819000,0.805182
1646.820000,0.654429
1646.821000,0.604412
1646.822000,0.534871
1646.823000,0.475450
1646.824000,0.487795
1646.825000,0.390022
1646.826000,0.262943
1646.827000,0.061635
1646.828000,0.103571
1646.829000,0.106996
1646.830000,-0.014627
1646.831000,-0.018654
1646.832000,-0.195038
1646.833000,-0.219342
1646.834000,-0.255838
1646.835000,-0.216978
1646.836000,-0.419899
1646.837000,-0.432305
1646.838000,-0.566043
1646.839000,-0.433195
1646.840000,-0.354891
1646.841000,-0.445601
1646.842000,-0.519581
1646.843000,-0.391920
1646.844000,-0.498790
1646.845000,-0.502981
1646.846000,-0.494126
1646.847000,-0.592212
1646.848000,-0.429208
1646.849000,-0.383614
1646.850000,-0.519897
1646.851000,-0.490189
1646.852000,-0.634269
1646.853000,-0.716865
1646.854000,-0.721087
1646.855000,-0.576421
1646.856000,-0.721906
1646.857000,-0.648805
1646.858000,-0.474060
1646.859000,-0.338734
1646.860000,-0.318673
1646.861000,-0.193566
1646.862000,-0.181535
1646.863000,-0.219496
1646.864000,-0.265117
1646.865000,-0.321363
1646.866000,-0.253380
1646.867000,-0.155701
1646.868000,-0.124025
1646.869000,-0.096682
1646.870000,-0.080246
1646.871000,0.025047
1646.872000,0.059630
1646.873000,-0.012865
1646.874000,0.016529
1646.875000,-0.101538
1646.876000,-0.098505
1646.877000,-0.084470
1646.878000,-0.197591
1646.879000,-0.149509
1646.880000,-0.172557
1646.881000,-0.072767
1646.882000,0.135195
1646.883000,0.088738
1646.884000,0.043130
1646.885000,0.153447
1646.886000,0.248498
1646.887000,0.181729
1646.888000,0.255836
1646.889000,0.426586
1646.890000,0.437073
1646.891000,0.273873
1646.892000,0.287432
1646.893000,0.314456
1646.894000,0.290883
1646.895000,0.225237
1646.896000,0.441043
1646.897000,0.374928
1646.898000,0.263842
1646.899000,0.182570
1646.900000,0.001994
1646.901000,0.062627
1646.902000,0.365893
1646.903000,0.376029
1646.904000,0.371104
1646.905000,0.483403
1646.906000,0.593104
1646.907000,0.667909
1646.908000,0.532578
1646.909000,0.589125
1646.910000,0.665351
1646.911000,0.664838
1646.912000,0.799768
1646.913000,0.878301
1646.914000,0.822299
1646.915000,0.917569
1646.916000,0.820912
1646.917000,0.748132
1646.918000,0.700627
1646.919000,0.725523
1646.920000,0.772138
1646.921000,0.859109
1646.922000,0.766044
1646.923000,0.821526
1646.924000,0.881213
1646.925000,0.942730
1646.926000,0.961392
1646.927000,1.049375
1646.928000,1.189897
1646.929000,1.259577
1646.930000,1.217509
1646.931000,1.217657
1646.932000,1.212689
1646.933000,1.194775
1646.934000,1.018340
1646.935000,0.963203
1646.936000,0.922601
1646.937000,0.860715
1646.938000,0.699485
1646.939000,0.716208
1646.940000,0.728332
1646.941000,0.804471
1646.942000,0.940268
1646.943000,0.815888
1646.944000,0.795516
1646.945000,0.650386
1646.946000,0.727952
1646.947000,0.745577
1646.948000,0.783595
1646.949000,0.768629
1646.950000,0.858803
1646.951000,0.657008
1646.952000,0.425627
1646.953000,0.473600
1646.954000,0.483303
1646.955000,0.741161
1646.956000,0.833458
1646.957000,0.681610
1646.958000,0.535566
1646.959000,0.449242
1646.960000,0.600093
1646.961000,0.569223
1646.962000,0.669718
1646.963000,0.672058
1646.964000,0.566149
1646.965000,0.566863
1646.966000,0.371206
1646.967000,0.524935
1646.968000,0.820429
1646.969000,0.763244
1646.970000,0.803262
1646.971000,0.746574
1646.972000,0.824645
1646.973000,0.672412
1646.974000,0.688368
1646.975000,0.590182
1646.976000,0.709968
1646.977000,0.723316
1646.978000,0.579015
1646.979000,0.554867
1646.980000,0.628755
1646.981000,0.636207
1646.982000,0.410376
1646.983000,0.237894
1646.984000,0.148937
1646.985000,0.131525
1646.986000,0.056801
1646.987000,-0.030863
1646.988000,-0.128750
1646.989000,-0.243076
1646.990000,-0.267434
1646.991000,-0.192649
1646.992000,-0.156181
1646.993000,-0.166072
1646.994000,-0.164933
1646.995000,-0.353740
1646.996000,-0.558040
1646.997000,-0.470271
1646.998000,-0.385468
1646.999000,-0.295108
1647.000000,-0.170470
1647.001000,-0.269739
1647.002000,-0.164662
1647.003000,0.037641
1647.004000,0.020866
1647.005000,-0.037901
1647.006000,-0.049720
1647.007000,0.056089
1647.008000,0.095415
1647.009000,0.158912
1647.010000,0.153649
1647.011000,0.118476
1647.012000,0.240187
1647.013000,0.344381
1647.014000,0.265816
1647.015000,0.245809
1647.016000,0.346613
1647.017000,0.193869
1647.018000,0.133769
1647.019000,0.132144
1647.020000,0.221477
1647.021000,0.197242
1647.022000,0.194744
1647.023000,0.294562
1647.024000,0.310344
1647.025000,0.518889
1647.026000,0.501034
1647.027000,0.543423
1647.028000,0.519041
1647.029000,0.462367
1647.030000,0.579315
1647.031000,0.803469
1647.032000,0.860392
1647.033000,0.920459
1647.034000,0.840841
1647.035000,0.887195
1647.036000,0.799551
1647.037000,0.663383
1647.038000,0.607547
1647.039000,0.554168
1647.040000,0.572227
1647.041000,0.673166
1647.042000,0.636396
1647.043000,0.656164
1647.044000,0.608668
1647.045000,0.682487
1647.046000,0.671411
1647.047000,0.524759
1647.048000,0.532431
1647.049000,0.427873
1647.050000,0.279345
1647.051000,0.311922
1647.052000,0.396902
1647.053000,0.449151
1647.054000,0.245213
1647.055000,0.061382
1647.056000,0.129550
1647.057000,0.026833
1647.058000,0.043833
1647.059000,0.142404
1647.060000,0.215241
1647.061000,0.266604
1647.062000,0.163662
1647.063000,0.049426
1647.064000,-0.284805
1647.065000,-0.245940
1647.066000,-0.224423
1647.067000,-0.227630
1647.068000,-0.167794
1647.069000,-0.298372
1647.070000,-0.404143
1647.071000,-0.312205
1647.072000,-0.220362
1647.073000,-0.093240
1647.074000,-0.166776
1647.075000,-0.201811
1647.076000,-0.279502
1647.077000,-0.179500
1647.078000,-0.291291
1647.079000,-0.261913
1647.080000,-0.112564
1647.081000,-0.146044
1647.082000,-0.163491
1647.083000,-0.129801
1647.084000,-0.062419
1647.085000,-0.121286
1647.086000,-0.138628
1647.087000,-0.054594
1647.088000,0.110768
1647.089000,0.105551
1647.090000,0.068677
1647.091000,-0.016177
1647.092000,-0.018931
1647.093000,-0.009349
1647.094000,-0.082033
1647.095000,-0.198663
1647.096000,-0.178110
1647.097000,-0.353099
1647.098000,-0.290547
1647.099000,-0.451010
1647.100000,-0.392339
1647.101000,-0.376523
1647.102000,-0.222427
1647.103000,-0.223965
1647.104000,-0.078532
1647.105000,-0.155310
1647.106000,-0.122178
1647.107000,-0.016774
1647.108000,0.116968
1647.109000,0.097369
1647.110000,0.119415
1647.111000,-0.019180
1647.112000,-0.043292
1647.113000,-0.041184
1647.114000,-0.004219
1647.115000,-0.004017
1647.116000,-0.053884
1647.117000,-0.179841
1647.118000,-0.107108
1647.119000,-0.225042
1647.120000,-0.059997
1647.121000,-0.000492
1647.122000,0.008072
1647.123000,0.164331
1647.124000,0.057198
1647.125000,-0.044976
1647.126000,-0.193425
1647.127000,-0.064400
1647.128000,0.064492
1647.129000,-0.094627
1647.130000,0.130837
1647.131000,0.027277
1647.132000,-0.023881
1647.133000,-0.081211
1647.134000,-0.131199
1647.135000,-0.180450
1647.136000,-0.310795
1647.137000,-0.275017
1647.138000,-0.179810
1647.139000,-0.216651
1647.140000,-0.263944
1647.141000,-0.296056
1647.142000,-0.336074
1647.143000,-0.303176
1647.144000,-0.389050
1647.145000,-0.256325
1647.146000,-0.316274
1647.147000,-0.425618
1647.148000,-0.565287
1647.149000,-0.473343
1647.150000,-0.489061
1647.151000,-0.572975
1647.152000,-0.663669
1647.153000,-0.493340
1647.154000,-0.303210
1647.155000,-0.214610
1647.156000,-0.354709
1647.157000,-0.326656
1647.158000,-0.329927
1647.159000,-0.200392
1647.160000,-0.515982
1647.161000,-0.561662
1647.162000,-0.520725
1647.163000,-0.398500
1647.164000,-0.300901
1647.165000,-0.205211
1647.166000,-0.148200
1647.167000,-0.185385
1647.168000,-0.122874
1647.169000,-0.264522
1647.170000,-0.323469
1647.171000,-0.138518
1647.172000,-0.058648
1647.173000,-0.034727
1647.174000,-0.144009
1647.175000,-0.142139
1647.176000,-0.229863
1647.177000,-0.316127
1647.178000,-0.329072
1647.179000,-0.454652
1647.180000,-0.655897
1647.181000,-0.511433
1647.182000,-0.507761
1647.183000,-0.601206
1647.184000,-0.552380
1647.185000,-0.358719
1647.186000,-0.197213
1647.187000,-0.229871
1647.188000,-0.372476
1647.189000,-0.363391
1647.190000,-0.394075
1647.191000,-0.484318
1647.192000,-0.362604
1647.193000,-0.190426
1647.194000,-0.157836
1647.195000,-0.336317
1647.196000,-0.288300
1647.197000,-0.068476
1647.198000,-0.029244
1647.199000,0.007494
1647.200000,0.078561
1647.201000,0.112125
1647.202000,0.127375
1647.203000,0.223332
1647.204000,0.236018
1647.205000,0.178111
1647.206000,0.280099
1647.207000,0.173388
1647.208000,0.075939
1647.209000,0.030031
1647.210000,-0.086661
1647.211000,0.043924
1647.212000,0.223935
1647.213000,0.070320
1647.214000,0.043305
1647.215000,0.013146
1647.216000,0.012982
1647.217000,-0.035776
1647.218000,-0.043114
1647.219000,-0.153569
1647.220000,-0.010251
1647.221000,-0.041514
1647.222000,-0.020535
1647.223000,-0.091957
1647.224000,0.036276
1647.225000,0.150642
1647.226000,0.047768
1647.227000,0.006670
1647.228000,-0.006647
1647.229000,-0.314465
1647.230000,-0.381095
1647.231000,-0.310783
1647.232000,-0.147693
1647.233000,-0.238485
1647.234000,-0.386632
1647.235000,-0.330732
1647.236000,-0.240212
1647.237000,-0.204231
1647.238000,-0.244396
1647.239000,-0.112284
1647.240000,0.028402
1647.241000,0.071937
1647.242000,0.117751
1647.243000,-0.033604
1647.244000,0.090770
1647.245000,0.209820
1647.246000,0.287009
1647.247000,0.434066
1647.248000,0.395737
1647.249000,0.279683
1647.250000,0.264021
1647.251000,0.497169
1647.252000,0.402957
1647.253000,0.567280
1647.254000,0.618481
1647.255000,0.596840
1647.256000,0.611894
1647.257000,0.533724
1647.258000,0.452895
1647.259000,0.649985
1647.260000,0.685332
1647.261000,0.581996
1647.262000,0.476051
1647.263000,0.294206
1647.264000,0.181058
1647.265000,0.291871
1647.266000,0.300667
1647.267000,0.351834
1647.268000,0.296604
1647.269000,0.160704
1647.270000,0.110294
1647.271000,0.051427
1647.272000,-0.014267
1647.273000,0.031064
1647.274000,0.096372
1647.275000,0.054717
1647.276000,-0.004070
1647.277000,-0.305622
1647.278000,-0.278333
1647.279000,-0.337395
1647.280000,-0.500131
1647.281000,-0.365431
1647.282000,-0.571213
1647.283000,-0.520047
1647.284000,-0.618188
1647.285000,-0.489253
1647.286000,-0.492923
1647.287000,-0.464358
1647.288000,-0.506108
1647.289000,-0.494425
1647.290000,-0.514389
1647.291000,-0.614147
1647.292000,-0.371697
1647.293000,-0.327326
1647.294000,-0.353454
1647.295000,-0.346963
1647.296000,-0.355567
1647.297000,-0.355004
1647.298000,-0.235225
1647.299000,-0.330550
1647.300000,0.018942
1647.301000,0.013711
1647.302000,0.016300
1647.303000,0.149593
1647.304000,0.329892
1647.305000,0.313539
1647.306000,0.064733
1647.307000,0.083267
1647.308000,0.009264
1647.309000,-0.019078
1647.310000,-0.141137
1647.311000,-0.203986
1647.312000,-0.067997
1647.313000,-0.077093
1647.314000,-0.038481
1647.315000,-0.067980
1647.316000,-0.159481
1647.317000,-0.076930
1647.318000,0.055710
1647.319000,0.011057
1647.320000,-0.026843
1647.321000,-0.199430
1647.322000,-0.217076
1647.323000,-0.282778
1647.324000,-0.314817
1647.325000,-0.435516
1647.326000,-0.390800
1647.327000,-0.207954
1647.328000,-0.336405
1647.329000,-0.224535
1647.330000,-0.338441
1647.331000,-0.291067
1647.332000,-0.423604
1647.333000,-0.496567
1647.334000,-0.448769
1647.335000,-0.400385
1647.336000,-0.346692
1647.337000,-0.331050
1647.338000,-0.386488
1647.339000,-0.265177
1647.340000,-0.389012
1647.341000,-0.291614
1647.342000,-0.149237
1647.343000,0.002557
1647.344000,0.066514
1647.345000,0.022166
1647.346000,0.133368
1647.347000,0.146963
1647.348000,0.193844
1647.349000,0.201305
1647.350000,0.203843
1647.351000,0.292603
1647.352000,0.406781
1647.353000,0.297805
1647.354000,0.262788
1647.355000,0.258474
1647.356000,0.117919
1647.357000,0.142528
1647.358000,0.093010
1647.359000,-0.036932
1647.360000,0.036697
1647.361000,-0.116303
1647.362000,0.069175
1647.363000,0.288290
1647.364000,0.277270
1647.365000,0.194223
1647.366000,0.189278
1647.367000,0.264018
1647.368000,0.223049
1647.369000,0.491551
1647.370000,0.734978
1647.371000,0.764677
1647.372000,0.683067
1647.373000,0.605775
1647.374000,0.590189
1647.375000,0.552202
1647.376000,0.546571
1647.377000,0.509207
1647.378000,0.358684
1647.379000,0.397665
1647.380000,0.343820
1647.381000,0.432110
1647.382000,0.308199
1647.383000,0.388324
1647.384000,0.317032
1647.385000,0.103893
1647.386000,0.073588
1647.387000,0.091516
1647.388000,0.094819
1647.389000,0.173352
1647.390000,0.177559
1647.391000,0.280749
1647.392000,0.113921
1647.393000,0.079974
1647.394000,0.012698
1647.395000,-0.089964
1647.396000,-0.121533
1647.397000,-0.326973
1647.398000,-0.270193
1647.399000,-0.263944
1647.400000,-0.263258
1647.401000,-0.102911
1647.402000,-0.113225
1647.403000,-0.275328
1647.404000,-0.374365
1647.405000,-0.267234
1647.406000,0.025992
1647.407000,-0.020891
1647.408000,0.202555
1647.409000,0.129690
1647.410000,0.041169
1647.411000,0.158092
1647.412000,0.187701
1647.413000,0.099823
1647.414000,0.289000
1647.415000,0.415379
1647.416000,0.656521
1647.417000,0.672708
1647.418000,0.673534
1647.419000,0.610039
1647.420000,0.515044
1647.421000,0.270639
1647.422000,0.039369
1647.423000,0.073306
1647.424000,-0.053838
1647.425000,-0.077090
1647.426000,-0.153436
1647.427000,-0.089975
1647.428000,0.129348
1647.429000,0.003679
1647.430000,0.005751
1647.431000,0.082887
1647.432000,0.059315
1647.433000,0.103372
1647.434000,0.143645
1647.435000,-0.071813
1647.436000,0.007822
1647.437000,-0.022705
1647.438000,0.016711
1647.439000,0.160218
1647.440000,0.091035
1647.441000,-0.022074
1647.442000,-0.022039
1647.443000,0.109290
1647.444000,0.180379
1647.445000,0.181526
1647.446000,0.352191
1647.447000,0.380467
1647.448000,0.411379
1647.449000,0.108452
1647.450000,-0.055135
1647.451000,-0.023443
1647.452000,0.102081
1647.453000,0.358874
1647.454000,0.364723
1647.455000,0.285059
1647.456000,0.257998
1647.457000,0.123812
1647.458000,0.011860
1647.459000,-0.030318
1647.460000,-0.153123
1647.461000,-0.237407
1647.462000,-0.208059
1647.463000,-0.280243
1647.464000,-0.312220
1647.465000,-0.292275
1647.466000,-0.387039
1647.467000,-0.310707
1647.468000,-0.324298
1647.469000,-0.450992
1647.470000,-0.331678
1647.471000,-0.443926
1647.472000,-0.511696
1647.473000,-0.362313
1647.474000,-0.491636
1647.475000,-0.457979
1647.476000,-0.478573
1647.477000,-0.328274
1647.478000,-0.413672
1647.479000,-0.218187
1647.480000,-0.278099
1647.481000,-0.194388
1647.482000,0.017154
1647.483000,0.089355
1647.484000,0.086803
1647.485000,0.104967
1647.486000,0.220930
1647.487000,-0.071401
1647.488000,0.137916
1647.489000,0.032225
1647.490000,-0.182251
1647.491000,-0.308860
1647.492000,-0.183084
1647.493000,-0.327110
1647.494000,-0.427002
1647.495000,-0.350949
1647.496000,-0.458329
1647.497000,-0.478126
1647.498000,-0.691519
1647.499000,-0.533862
1647.500000,-0.599601
1647.501000,-0.510751
1647.502000,-0.412836
1647.503000,-0.267015
1647.504000,-0.164052
1647.505000,-0.164462
1647.506000,-0.074158
1647.507000,0.067736
1647.508000,0.310235
1647.509000,0.167846
1647.510000,0.051619
1647.511000,0.061645
1647.512000,0.249019
1647.513000,0.300952
1647.514000,0.361254
1647.515000,0.396772
1647.516000,0.205757
1647.517000,0.259368
1647.518000,0.196846
1647.519000,0.092359
1647.520000,0.085635
1647.521000,0.244128
1647.522000,0.219378
1647.523000,0.184579
1647.524000,0.041612
1647.525000,0.382322
1647.526000,0.219116
1647.527000,0.217572
1647.528000,0.279883
1647.529000,0.241382
1647.530000,0.276713
1647.531000,0.248418
1647.532000,0.119168
1647.533000,0.146913
1647.534000,0.248475
1647.535000,0.276273
1647.536000,0.373795
1647.537000,0.350750
1647.538000,0.590953
1647.539000,0.603929
1647.540000,0.778834
1647.541000,0.612270
1647.542000,0.581944
1647.543000,0.811222
1647.544000,0.832304
1647.545000,0.858235
1647.546000,0.887943
1647.547000,0.929377
1647.548000,0.977415
1647.549000,0.939322
1647.550000,0.888593
1647.551000,0.859899
1647.552000,0.601274
1647.553000,0.781733
1647.554000,0.735233
1647.555000,0.539165
1647.556000,0.383644
1647.557000,0.462732
1647.558000,0.375510
1647.559000,0.495266
1647.560000,0.420249
1647.561000,0.450392
1647.562000,0.332028
1647.563000,0.196226
1647.564000,0.126812
1647.565000,0.070575
1647.566000,0.029412
1647.567000,-0.004294
1647.568000,0.181306
1647.569000,0.141863
1647.570000,0.289738
1647.571000,0.092830
1647.572000,-0.046506
1647.573000,0.026936
1647.574000,-0.079079
1647.575000,0.017055
1647.576000,-0.138714
1647.577000,-0.201326
1647.578000,-0.238537
1647.579000,-0.313312
1647.580000,-0.316963
1647.581000,-0.368746
1647.582000,-0.395864
1647.583000,-0.316808
1647.584000,-0.311057
1647.585000,-0.236785
1647.586000,-0.213683
1647.587000,-0.254244
1647.588000,-0.098564
1647.589000,-0.018672
1647.590000,-0.252786
1647.591000,-0.254359
1647.592000,-0.102491
1647.593000,-0.142270
1647.594000,-0.063187
1647.595000,-0.085221
1647.596000,-0.088562
1647.597000,0.007259
1647.598000,-0.204906
1647.599000,-0.435558
1647.600000,-0.412958
1647.601000,-0.340027
1647.602000,-0.444252
1647.603000,-0.496975
1647.604000,-0.652873
1647.605000,-0.537679
1647.606000,-0.575513
1647.607000,-0.522631
1647.608000,-0.520964
1647.609000,-0.588186
1647.610000,-0.539988
1647.611000,-0.658873
1647.612000,-0.628580
1647.613000,-0.805556
1647.614000,-0.867745
1647.615000,-1.149960
1647.616000,-1.046790
1647.617000,-0.920169
1647.618000,-0.850765
1647.619000,-0.927939
1647.620000,-0.821283
1647.621000,-0.745306
1647.622000,-0.638904
1647.623000,-0.644452
1647.624000,-0.741264
1647.625000,-0.943158
1647.626000,-0.798041
1647.627000,-0.795816
1647.628000,-0.994812
1647.629000,-1.170374
1647.630000,-1.103908
1647.631000,-1.148057
1647.632000,-1.014113
1647.633000,-0.960200
1647.634000,-0.953028
1647.635000,-0.970119
1647.636000,-0.832438
1647.637000,-0.791107
1647.638000,-0.865596
1647.639000,-0.750646
1647.640000,-0.673698
1647.641000,-0.606628
1647.642000,-0.683972
1647.643000,-0.569027
1647.644000,-0.590227
1647.645000,-0.627892
1647.646000,-0.589191
1647.647000,-0.690466
1647.648000,-0.512937
1647.649000,-0.578135
1647.650000,-0.539878
1647.651000,-0.629598
1647.652000,-0.479176
1647.653000,-0.466515
1647.654000,-0.406577
1647.655000,-0.260040
1647.656000,-0.133267
1647.657000,-0.043371
1647.658000,0.075562
1647.659000,0.214702
1647.660000,0.133354
1647.661000,0.224079
1647.662000,0.177416
1647.663000,0.302477
1647.664000,0.326930
1647.665000,0.291969
1647.666000,0.221293
1647.667000,0.175438
1647.668000,0.101064
1647.669000,0.054090
1647.670000,-0.076411
1647.671000,-0.085174
1647.672000,-0.239504
1647.673000,0.043528
1647.674000,0.206835
1647.675000,0.187032
1647.676000,0.108153
1647.677000,0.110790
1647.678000,0.048000
1647.679000,0.073015
1647.680000,0.079484
1647.681000,0.228219
1647.682000,0.291327
1647.683000,0.470522
1647.684000,0.370532
1647.685000,0.461986
1647.686000,0.447772
1647.687000,0.378738
1647.688000,0.434927
1647.689000,0.419616
1647.690000,0.322993
1647.691000,0.305209
1647.692000,0.277694
1647.693000,0.293555
1647.694000,0.269444
1647.695000,0.180426
1647.696000,0.096042
1647.697000,0.153773
1647.698000,0.242794
1647.699000,0.111188
1647.700000,0.164086
1647.701000,0.150422
1647.702000,0.120285
1647.703000,0.061628
1647.704000,0.071861
1647.705000,-0.025451
1647.706000,-0.030922
1647.707000,-0.027087
1647.708000,-0.034301
1647.709000,0.110898
1647.710000,0.109318
1647.711000,0.090333
1647.712000,0.017296
1647.713000,-0.023357
1647.714000,-0.160148
1647.715000,-0.125295
1647.716000,-0.159246
1647.717000,-0.243444
1647.718000,-0.306921
1647.719000,-0.314957
1647.720000,-0.345558
1647.721000,-0.432910
1647.722000,-0.531816
1647.723000,-0.503602
1647.724000,-0.600452
1647.725000,-0.576403
1647.726000,-0.517833
1647.727000,-0.659590
1647.728000,-0.692932
1647.729000,-0.605704
1647.730000,-0.481553
1647.731000,-0.564776
1647.732000,-0.610922
1647.733000,-0.744756
1647.734000,-0.492069
1647.735000,-0.364327
1647.736000,-0.182715
1647.737000,0.013880
1647.738000,0.011630
1647.739000,0.029634
1647.740000,0.012504
1647.741000,0.076505
1647.742000,0.103134
1647.743000,0.166979
1647.744000,0.278631
1647.745000,0.400697
1647.746000,0.151019
1647.747000,0.359235
1647.748000,0.309804
1647.749000,0.470427
1647.750000,0.445757
1647.751000,0.513502
1647.752000,0.649705
1647.753000,0.528071
1647.754000,0.675810
1647.755000,0.630230
1647.756000,0.681028
1647.757000,0.549689
1647.758000,0.696324
1647.759000,0.658977
1647.760000,0.795460
1647.761000,0.949680
1647.762000,0.953308
1647.763000,0.971157
1647.764000,1.110605
1647.765000,1.130366
1647.766000,1.009293
1647.767000,1.030611
1647.768000,1.033994
1647.769000,0.942009
1647.770000,1.125190
1647.771000,0.953284
1647.772000,0.983085
1647.773000,0.895392
1647.774000,0.863229
1647.775000,0.971251
1647.776000,0.853990
1647.777000,0.819398
1647.778000,0.805303
1647.779000,0.899155
1647.780000,0.716901
1647.781000,0.614655
1647.782000,0.788985
1647.783000,0.800062
1647.784000,0.662746
1647.785000,0.678061
1647.786000,0.611950
1647.787000,0.559556
1647.788000,0.407547
1647.789000,0.410231
1647.790000,0.483915
1647.791000,0.324075
1647.792000,0.425678
1647.793000,0.401637
1647.794000,0.323232
1647.795000,0.225358
1647.796000,0.166833
1647.797000,0.285455
1647.798000,0.241531
1647.799000,0.276245
1647.800000,0.113475
1647.801000,0.122950
1647.802000,0.156025
1647.803000,0.006023
1647.804000,-0.009284
1647.805000,-0.073966
1647.806000,-0.135795
1647.807000,-0.287377
1647.808000,-0.654222
1647.809000,-0.831182
1647.810000,-0.890110
1647.811000,-0.743621
1647.812000,-0.581403
1647.813000,-0.560286
1647.814000,-0.781818
1647.815000,-0.692057
1647.816000,-0.867577
1647.817000,-0.918172
1647.818000,-0.922183
1647.819000,-0.881337
1647.820000,-0.790985
1647.821000,-0.746504
1647.822000,-0.660369
1647.823000,-0.651071
1647.824000,-0.482399
1647.825000,-0.352099
1647.826000,-0.264422
1647.827000,-0.485507
1647.828000,-0.484273
1647.829000,-0.306427
1647.830000,-0.049079
1647.831000,-0.012207
1647.832000,-0.064610
1647.833000,-0.198603
1647.834000,-0.060780
1647.835000,-0.141837
1647.836000,-0.338037
1647.837000,-0.299651
1647.838000,-0.018553
1647.839000,-0.046257
1647.840000,-0.024085
1647.841000,-0.076497
1647.842000,-0.025819
1647.843000,0.017045
1647.844000,0.180020
1647.845000,0.164959
1647.846000,0.307761
1647.847000,0.228028
1647.848000,0.274939
1647.849000,0.311712
1647.850000,0.173687
1647.851000,0.266234
1647.852000,0.146323
1647.853000,0.089803
1647.854000,-0.011848
1647.855000,-0.190720
1647.856000,-0.276470
1647.857000,-0.311872
1647.858000,-0.257752
1647.859000,-0.253855
1647.860000,-0.266971
1647.861000,-0.121633
1647.862000,0.003639
1647.863000,0.130285
1647.864000,0.047094
1647.865000,0.161721
1647.866000,0.042845
1647.867000,0.335061
1647.868000,0.260346
1647.869000,0.214345
1647.870000,0.190841
1647.871000,0.182636
1647.872000,0.114596
1647.873000,-0.054367
1647.874000,-0.149246
1647.875000,-0.164655
1647.876000,-0.163058
1647.877000,-0.329333
1647.878000,-0.455546
1647.879000,-0.396299
1647.880000,-0.246960
1647.881000,-0.361577
1647.882000,-0.264972
1647.883000,-0.374552
1647.884000,-0.214728
1647.885000,-0.091176
1647.886000,-0.036400
1647.887000,-0.207887
1647.888000,-0.296819
1647.889000,-0.213917
1647.890000,-0.235573
1647.891000,-0.402834
1647.892000,-0.236313
1647.893000,-0.266733
1647.894000,-0.210211
1647.895000,-0.294727
1647.896000,-0.365071
1647.897000,-0.347152
1647.898000,-0.194079
1647.899000,-0.244484
1647.900000,-0.534368
1647.901000,-0.581729
1647.902000,-0.615394
1647.903000,-0.534273
1647.904000,-0.513113
1647.905000,-0.426749
1647.906000,-0.480445
1647.907000,-0.567729
1647.908000,-0.599512
1647.909000,-0.646740
1647.910000,-0.713997
1647.911000,-0.712091
1647.912000,-0.669431
1647.913000,-0.677111
1647.914000,-0.825308
1647.915000,-0.799386
1647.916000,-0.722365
1647.917000,-0.698642
1647.918000,-0.797013
1647.919000,-0.728975
1647.920000,-0.873207
1647.921000,-0.845185
1647.922000,-0.807804
1647.923000,-0.909005
1647.924000,-0.931130
1647.925000,-0.660864
1647.926000,-0.604641
1647.927000,-0.484121
1647.928000,-0.575196
1647.929000,-0.432854
1647.930000,-0.328303
1647.931000,-0.501964
1647.932000,-0.692281
1647.933000,-0.711566
1647.934000,-0.534206
1647.935000,-0.403418
1647.936000,-0.411456
1647.937000,-0.435568
1647.938000,-0.233545
1647.939000,-0.397835
1647.940000,-0.269409
1647.941000,-0.114988
1647.942000,-0.041625
1647.943000,0.045578
1647.944000,0.050776
1647.945000,0.176127
1647.946000,0.264721
1647.947000,0.290481
1647.948000,0.294887
1647.949000,0.418076
1647.950000,0.496596
1647.951000,0.564949
1647.952000,0.677995
1647.953000,0.621552
1647.954000,0.740744
1647.955000,0.754519
1647.956000,0.579512
1647.957000,0.428969
1647.958000,0.426545
1647.959000,0.388082
1647.960000,0.374249
1647.961000,0.453941
1647.962000,0.270311
1647.963000,0.169332
1647.964000,0.131952
1647.965000,0.117454
1647.966000,0.283555
1647.967000,0.435951
1647.968000,0.397844
1647.969000,0.369377
1647.970000,0.300595
1647.971000,0.261575
1647.972000,0.139509
1647.973000,0.176807
1647.974000,0.140675
1647.975000,0.131344
1647.976000,0.032641
1647.977000,-0.011297
1647.978000,0.040305
1647.979000,0.157564
1647.980000,0.083318
1647.981000,0.329677
1647.982000,0.320461
1647.983000,0.273725
1647.984000,0.325254
1647.985000,0.421796
1647.986000,0.302659
1647.987000,0.445419
1647.988000,0.283753
1647.989000,0.198364
1647.990000,0.077134
1647.991000,-0.052434
1647.992000,0.073495
1647.993000,0.143941
1647.994000,0.322618
1647.995000,0.368273
1647.996000,0.432480
1647.997000,0.303470
1647.998000,0.416322
1647.999000,0.448595
1648.000000,0.494012
1648.001000,0.432156
1648.002000,0.377836
1648.003000,0.252514
1648.004000,0.321735
1648.005000,0.369367
1648.006000,0.222951
1648.007000,0.033712
1648.008000,0.082661
1648.009000,0.001866
1648.010000,0.050335
1648.011000,0.045852
1648.012000,-0.132208
1648.013000,-0.076395
1648.014000,-0.101048
1648.015000,0.013207
1648.016000,-0.114247
1648.017000,-0.143449
1648.018000,-0.163383
1648.019000,-0.343074
1648.020000,-0.359821
1648.021000,-0.462435
1648.022000,-0.553089
1648.023000,-0.541760
1648.024000,-0.351832
1648.025000,-0.146028
1648.026000,-0.122424
1648.027000,-0.149491
1648.028000,-0.438753
1648.029000,-0.254890
1648.030000,-0.254616
1648.031000,-0.092817
1648.032000,0.031959
1648.033000,0.000139
1648.034000,-0.135264
1648.035000,-0.016189
1648.036000,0.099378
1648.037000,0.108351
1648.038000,0.152229
1648.039000,0.196008
1648.040000,0.164688
1648.041000,0.260915
1648.042000,0.374302
1648.043000,0.368071
1648.044000,0.407600
1648.045000,0.232900
1648.046000,0.130665
1648.047000,0.161577
1648.048000,0.156856
1648.049000,0.182624
1648.050000,0.276786
1648.051000,0.180425
1648.052000,-0.063622
1648.053000,0.081129
1648.054000,0.062946
1648.055000,0.019294
1648.056000,0.070323
1648.057000,0.047045
1648.058000,0.143045
1648.059000,0.032378
1648.060000,0.123826
1648.061000,0.146878
1648.062000,0.100352
1648.063000,0.181295
1648.064000,0.205077
1648.065000,0.181903
1648.066000,0.205412
1648.067000,0.150413
1648.068000,0.199287
1648.069000,0.036668
1648.070000,0.067580
1648.071000,0.127184
1648.072000,0.143563
1648.073000,0.390890
1648.074000,0.446821
1648.075000,0.550398
1648.076000,0.716567
1648.077000,0.781691
1648.078000,0.784430
1648.079000,0.807913
1648.080000,0.766572
1648.081000,0.720679
1648.082000,0.682699
1648.083000,0.618097
1648.084000,0.468679
1648.085000,0.437467
1648.086000,0.471019
1648.087000,0.611883
1648.088000,0.498800
1648.089000,0.581468
1648.090000,0.485162
1648.091000,0.484093
1648.092000,0.455279
1648.093000,0.336206
1648.094000,0.151985
1648.095000,0.030882
1648.096000,-0.102824
1648.097000,0.062865
1648.098000,0.035595
1648.099000,0.060448
1648.100000,0.108055
1648.101000,0.257754
1648.102000,0.176938
1648.103000,0.205229
1648.104000,0.367062
1648.105000,0.496544
1648.106000,0.414254
1648.107000,0.586244
1648.108000,0.363744
1648.109000,0.343816
1648.110000,0.299847
1648.111000,0.271317
1648.112000,0.379379
1648.113000,0.329149
1648.114000,0.335843
1648.115000,0.235812
1648.116000,0.162339
1648.117000,0.139481
1648.118000,-0.015147
1648.119000,0.035466
1648.120000,0.184939
1648.121000,0.106958
1648.122000,0.023391
1648.123000,-0.028791
1648.124000,-0.113862
1648.125000,-0.061418
1648.126000,0.068230
1648.127000,0.008720
1648.128000,0.130058
1648.129000,0.144765
1648.130000,0.162613
1648.131000,0.244763
1648.132000,0.030170
1648.133000,0.088205
1648.134000,0.090333
1648.135000,0.153416
1648.136000,0.050598
1648.137000,0.013076
1648.138000,-0.009644
1648.139000,-0.088070
1648.140000,-0.084721
1648.141000,-0.060973
1648.142000,0.001272
1648.143000,0.099238
1648.144000,0.111631
1648.145000,0.038875
1648.146000,0.192241
1648.147000,0.208921
1648.148000,0.115041
1648.149000,0.041867
1648.150000,0.071416
1648.151000,0.120032
1648.152000,0.116269
1648.153000,0.253121
1648.154000,0.343639
1648.155000,0.283397
1648.156000,0.271132
1648.157000,0.341172
1648.158000,0.284496
1648.159000,0.258063
1648.160000,0.247541
1648.161000,0.130165
1648.162000,-0.024451
1648.163000,-0.063546
1648.164000,0.092616
1648.165000,0.127729
1648.166000,0.076347
1648.167000,-0.008179
1648.168000,-0.040408
1648.169000,0.013713
1648.170000,-0.067749
1648.171000,-0.014552
1648.172000,-0.151160
1648.173000,-0.169632
1648.174000,-0.114959
1648.175000,-0.011439
1648.176000,-0.043796
1648.177000,-0.088078
1648.178000,-0.117730
1648.179000,-0.235312
1648.180000,-0.178886
1648.181000,-0.174987
1648.182000,-0.124288
1648.183000,0.080845
1648.184000,0.010371
1648.185000,-0.124366
1648.186000,-0.127280
1648.187000,0.217096
1648.188000,0.193025
1648.189000,0.217760
1648.190000,0.108570
1648.191000,0.012373
1648.192000,0.054556
1648.193000,-0.063911
1648.194000,-0.161990
1648.195000,-0.148191
1648.196000,-0.040223
1648.197000,-0.204332
1648.198000,-0.462923
1648.199000,-0.441945
1648.200000,-0.511824
1648.201000,-0.574829
1648.202000,-0.614512
1648.203000,-0.580366
1648.204000,-0.418259
1648.205000,-0.489726
1648.206000,-0.535301
1648.207000,-0.390684
1648.208000,-0.166887
1648.209000,-0.297464
1648.210000,-0.318339
1648.211000,-0.488682
1648.212000,-0.240670
1648.213000,-0.140485
1648.214000,-0.132611
1648.215000,-0.234523
1648.216000,-0.264664
1648.217000,-0.258752
1648.218000,-0.292212
1648.219000,-0.470944
1648.220000,-0.372474
1648.221000,-0.383967
1648.222000,-0.500427
1648.223000,-0.406066
1648.224000,-0.513026
1648.225000,-0.628720
1648.226000,-0.561353
1648.227000,-0.356544
1648.228000,-0.423509
1648.229000,-0.303383
1648.230000,-0.413198
1648.231000,-0.367394
1648.232000,-0.380790
1648.233000,-0.305703
1648.234000,-0.344920
1648.235000,-0.225291
1648.236000,-0.316305
1648.237000,-0.416559
1648.238000,-0.222884
1648.239000,-0.392863
1648.240000,-0.269422
1648.241000,-0.169899
1648.242000,-0.242567
1648.243000,-0.193466
1648.244000,-0.207115
1648.245000,-0.211461
1648.246000,-0.166390
1648.247000,-0.294810
1648.248000,-0.306584
1648.249000,-0.166350
1648.250000,-0.225416
1648.251000,-0.334004
1648.252000,-0.364198
1648.253000,-0.353381
1648.254000,-0.266261
1648.255000,-0.208699
1648.256000,-0.115293
1648.257000,-0.003819
1648.258000,0.104988
1648.259000,0.141418
1648.260000,-0.084134
1648.261000,-0.169790
1648.262000,-0.098178
1648.263000,-0.038281
1648.264000,0.021302
1648.265000,-0.135896
1648.266000,-0.086720
1648.267000,-0.097300
1648.268000,-0.198124
1648.269000,-0.176077
1648.270000,-0.302784
1648.271000,-0.146904
1648.272000,-0.035497
1648.273000,0.054884
1648.274000,0.106199
1648.275000,0.144348
1648.276000,0.538980
1648.277000,0.271447
1648.278000,0.389818
1648.279000,0.516178
1648.280000,0.552275
1648.281000,0.377679
1648.282000,0.344961
1648.283000,0.392917
1648.284000,0.658294
1648.285000,0.713902
1648.286000,0.743881
1648.287000,0.892263
1648.288000,0.880640
1648.289000,0.826856
1648.290000,0.919959
1648.291000,1.088829
1648.292000,0.922046
1648.293000,0.857652
1648.294000,0.884517
1648.295000,0.929716
1648.296000,0.973527
1648.297000,0.694320
1648.298000,0.693099
1648.299000,0.852018
1648.300000,0.801923
1648.301000,0.903017
1648.302000,0.722620
1648.303000,0.724261
1648.304000,0.336895
1648.305000,0.175028
1648.306000,0.076749
1648.307000,0.083378
1648.308000,0.244441
1648.309000,0.232170
1648.310000,0.253519
1648.311000,0.131109
1648.312000,0.008764
1648.313000,0.063392
1648.314000,0.145827
1648.315000,0.077373
1648.316000,0.085475
1648.317000,0.047018
1648.318000,-0.016479
1648.319000,-0.060095
1648.320000,-0.013695
1648.321000,0.021547
1648.322000,-0.018034
1648.323000,0.025614
1648.324000,-0.013762
1648.325000,0.106639
1648.326000,0.263953
1648.327000,0.470408
1648.328000,0.473056
1648.329000,0.532245
1648.330000,0.585608
1648.331000,0.593533
1648.332000,0.847129
1648.333000,0.761512
1648.334000,0.719873
1648.335000,0.825720
1648.336000,0.697328
1648.337000,0.796445
1648.338000,0.863349
1648.339000,0.680828
1648.340000,0.633062
1648.341000,0.622222
1648.342000,0.522869
1648.343000,0.418116
1648.344000,0.522926
1648.345000,0.375776
1648.346000,0.383487
1648.347000,0.243918
1648.348000,0.276842
1648.349000,0.356190
1648.350000,0.137234
1648.351000,0.131686
1648.352000,0.176957
1648.353000,0.056223
1648.354000,-0.060789
1648.355000,-0.152692
1648.356000,-0.158439
1648.357000,-0.102046
1648.358000,-0.345669
1648.359000,-0.271988
1648.360000,-0.282308
1648.361000,-0.338260
1648.362000,-0.397433
1648.363000,-0.217623
1648.364000,-0.342017
1648.365000,-0.356777
1648.366000,-0.257819
1648.367000,-0.376455
1648.368000,-0.428373
1648.369000,-0.430156
1648.370000,-0.385138
1648.371000,-0.347349
1648.372000,-0.413089
1648.373000,-0.302221
1648.374000,-0.521526
1648.375000,-0.403071
1648.376000,-0.446747
1648.377000,-0.713961
1648.378000,-0.818231
1648.379000,-0.762320
1648.380000,-0.785291
1648.381000,-0.959636
1648.382000,-1.115240
1648.383000,-1.068221
1648.384000,-1.115243
1648.385000,-1.071145
1648.386000,-1.072494
1648.387000,-0.961051
1648.388000,-1.115465
1648.389000,-1.030357
1648.390000,-0.988790
1648.391000,-1.093189
1648.392000,-0.993687
1648.393000,-0.980997
1648.394000,-0.812333
1648.395000,-0.672407
1648.396000,-0.660707
1648.397000,-0.725548
1648.398000,-0.580203
1648.399000,-0.496273
1648.400000,-0.458161
1648.401000,-0.476740
1648.402000,-0.530236
1648.403000,-0.492538
1648.404000,-0.458794
1648.405000,-0.344791
1648.406000,-0.381314
1648.407000,-0.398969
1648.408000,-0.574449
1648.409000,-0.529349
1648.410000,-0.670601
1648.411000,-0.607164
1648.412000,-0.854424
1648.413000,-0.815484
1648.414000,-0.807389
1648.415000,-0.621794
1648.416000,-0.703950
1648.417000,-0.857412
1648.418000,-0.754750
1648.419000,-0.697230
1648.420000,-0.615265
1648.421000,-0.603006
1648.422000,-0.664527
1648.423000,-0.676029
1648.424000,-0.541228
1648.425000,-0.348532
1648.426000,-0.267746
1648.427000,-0.183707
1648.428000,-0.165871
1648.429000,-0.279562
1648.430000,-0.368411
1648.431000,-0.319727
1648.432000,-0.431060
1648.433000,-0.367341
1648.434000,-0.289527
1648.435000,-0.497518
1648.436000,-0.497257
1648.437000,-0.604694
1648.438000,-0.533390
1648.439000,-0.528256
1648.440000,-0.432607
1648.441000,-0.547531
1648.442000,-0.362243
1648.443000,-0.180949
1648.444000,-0.212923
1648.445000,-0.177240
1648.446000,-0.266237
1648.447000,-0.349171
1648.448000,-0.434476
1648.449000,-0.388668
1648.450000,-0.191614
1648.451000,-0.145944
1648.452000,0.016613
1648.453000,0.060345
1648.454000,0.286380
1648.455000,0.343105
1648.456000,0.193784
1648.457000,0.062043
1648.458000,0.230577
1648.459000,0.172239
1648.460000,-0.076338
1648.461000,-0.028896
1648.462000,-0.009685
1648.463000,-0.103685
1648.464000,-0.138157
1648.465000,-0.249817
1648.466000,-0.050777
1648.467000,0.064966
1648.468000,0.140338
1648.469000,0.103364
1648.470000,0.077855
1648.471000,0.160871
1648.472000,0.085965
1648.473000,-0.006040
1648.474000,0.205954
1648.475000,0.161405
1648.476000,0.211411
1648.477000,0.244522
1648.478000,0.297557
1648.479000,0.456089
1648.480000,0.431237
1648.481000,0.514692
1648.482000,0.541391
1648.483000,0.521074
1648.484000,0.634153
1648.485000,0.640906
1648.486000,0.691334
1648.487000,0.742130
1648.488000,0.768029
1648.489000,0.975079
1648.490000,1.160606
1648.491000,1.189275
1648.492000,1.240350
1648.493000,1.262921
1648.494000,1.196199
1648.495000,1.335043
1648.496000,1.442353
1648.497000,1.274205
1648.498000,1.323924
1648.499000,1.380688
1648.500000,1.192555
1648.501000,1.155491
1648.502000,1.110509
1648.503000,1.290078
1648.504000,1.351715
1648.505000,1.348859
1648.506000,1.360050
1648.507000,1.266240
1648.508000,1.222684
1648.509000,1.081230
1648.510000,1.266629
1648.511000,1.180489
1648.512000,1.286286
1648.513000,1.327271
1648.514000,1.495225
1648.515000,1.475674
1648.516000,1.524873
1648.517000,1.424199
1648.518000,1.434184
1648.519000,1.441966
1648.520000,1.336984
1648.521000,1.271489
1648.522000,1.370178
1648.523000,1.321942
1648.524000,1.272694
1648.525000,1.128805
1648.526000,1.013083
1648.527000,1.200873
1648.528000,1.166761
1648.529000,1.139154
1648.530000,1.124889
1648.531000,1.268100
1648.532000,1.243597
1648.533000,1.249582
1648.534000,1.264940
1648.535000,1.330157
1648.536000,1.084568
1648.537000,1.086323
1648.538000,1.093592
1648.539000,1.108607
1648.540000,1.141024
1648.541000,1.202065
1648.542000,1.221476
1648.543000,1.212601
1648.544000,1.354206
1648.545000,1.241079
1648.546000,1.273022
1648.547000,1.194688
1648.548000,1.118337
1648.549000,1.082638
1648.550000,1.087000
1648.551000,0.867413
1648.552000,0.942715
1648.553000,0.860009
1648.554000,1.120745
1648.555000,0.971310
1648.556000,1.017502
1648.557000,1.125931
1648.558000,0.898574
1648.559000,0.830754
1648.560000,0.778002
1648.561000,0.785986
1648.562000,0.807617
1648.563000,0.708204
1648.564000,0.530221
1648.565000,0.450259
1648.566000,0.501752
1648.567000,0.483965
1648.568000,0.431967
1648.569000,0.363654
1648.570000,0.156891
1648.571000,0.019606
1648.572000,-0.010636
1648.573000,0.063674
1648.574000,0.006613
1648.575000,0.030894
1648.576000,-0.047497
1648.577000,-0.027924
1648.578000,-0.188508
1648.579000,-0.056856
1648.580000,0.034679
1648.581000,0.274795
1648.582000,0.275455
1648.583000,0.352736
1648.584000,0.173629
1648.585000,0.166881
1648.586000,0.080180
1648.587000,0.143625
1648.588000,0.025397
1648.589000,0.093374
1648.590000,0.173218
1648.591000,0.044911
1648.592000,-0.026154
1648.593000,0.103355
1648.594000,0.038463
1648.595000,0.050929
1648.596000,0.026376
1648.597000,0.105116
1648.598000,-0.031289
1648.599000,-0.174472
1648.600000,-0.186559
1648.601000,-0.143059
1648.602000,0.025577
1648.603000,0.039044
1648.604000,-0.062923
1648.605000,-0.126945
1648.606000,-0.254548
1648.607000,-0.126053
1648.608000,-0.288405
1648.609000,-0.364715
1648.610000,-0.250147
1648.611000,-0.470717
1648.612000,-0.590491
1648.613000,-0.597374
1648.614000,-0.440231
1648.615000,-0.424829
1648.616000,-0.530028
1648.617000,-0.605968
1648.618000,-0.584931
1648.619000,-0.658174
1648.620000,-0.832282
1648.621000,-0.868208
1648.622000,-0.976844
1648.623000,-0.992661
1648.624000,-1.105541
1648.625000,-1.054941
1648.626000,-1.114353
1648.627000,-1.137948
1648.628000,-1.389455
1648.629000,-1.634365
1648.630000,-1.816726
1648.631000,-1.814246
1648.632000,-1.641579
1648.633000,-1.567538
1648.634000,-1.420233
1648.635000,-1.387474
1648.636000,-1.405530
1648.637000,-1.376735
1648.638000,-1.272819
1648.639000,-1.269168
1648.640000,-1.244390
1648.641000,-1.126962
1648.642000,-1.196144
1648.643000,-1.205619
1648.644000,-1.237963
1648.645000,-1.120909
1648.646000,-1.117079
1648.647000,-1.147139
1648.648000,-1.119896
1648.649000,-1.036948
1648.650000,-1.063758
1648.651000,-0.992881
1648.652000,-1.039159
1648.653000,-1.158861
1648.654000,-1.127372
1648.655000,-1.066937
1648.656000,-0.950066
1648.657000,-0.951127
1648.658000,-0.738870
1648.659000,-0.752282
1648.660000,-0.705680
1648.661000,-0.746638
1648.662000,-0.662390
1648.663000,-0.730894
1648.664000,-0.686047
1648.665000,-0.538744
1648.666000,-0.538946
1648.667000,-0.485090
1648.668000,-0.571354
1648.669000,-0.608103
1648.670000,-0.534643
1648.671000,-0.433453
1648.672000,-0.407980
1648.673000,-0.523676
1648.674000,-0.347732
1648.675000,-0.267455
1648.676000,-0.059468
1648.677000,-0.019011
1648.678000,-0.260775
1648.679000,0.008238
1648.680000,-0.045766
1648.681000,-0.017281
1648.682000,0.042222
1648.683000,-0.031612
1648.684000,0.085349
1648.685000,0.250104
1648.686000,0.415564
1648.687000,0.317975
1648.688000,0.398093
1648.689000,0.374072
1648.690000,0.184379
1648.691000,0.017010
1648.692000,-0.001013
1648.693000,0.056553
1648.694000,0.013180
1648.695000,-0.137703
1648.696000,-0.094807
1648.697000,-0.228725
1648.698000,-0.316271
1648.699000,-0.439991
1648.700000,-0.399071
1648.701000,-0.377416
1648.702000,-0.428891
1648.703000,-0.345433
1648.704000,-0.263655
1648.705000,-0.263383
1648.706000,-0.446034
1648.707000,-0.493775
1648.708000,-0.428282
1648.709000,-0.352556
1648.710000,-0.282986
1648.711000,-0.096919
1648.712000,0.063727
1648.713000,-0.041965
1648.714000,-0.036429
1648.715000,-0.065871
1648.716000,-0.006904
1648.717000,0.005009
1648.718000,0.186722
1648.719000,0.267662
1648.720000,0.155491
1648.721000,0.269955
1648.722000,0.366413
1648.723000,0.285087
1648.724000,0.421806
1648.725000,0.325011
1648.726000,0.338775
1648.727000,0.434203
1648.728000,0.443566
1648.729000,0.288119
1648.730000,0.256039
1648.731000,0.339717
1648.732000,0.232703
1648.733000,0.167516
1648.734000,0.219985
1648.735000,0.094082
1648.736000,0.022985
1648.737000,0.079268
1648.738000,0.035779
1648.739000,0.021288
1648.740000,-0.049043
1648.741000,-0.084312
1648.742000,-0.052205
1648.743000,-0.118937
1648.744000,-0.137693
1648.745000,-0.068764
1648.746000,-0.048695
1648.747000,0.080472
1648.748000,-0.002993
1648.749000,0.098287
1648.750000,-0.054591
1648.751000,-0.035337
1648.752000,-0.048789
1648.753000,-0.050803
1648.754000,-0.117229
1648.755000,0.005009
1648.756000,-0.019677
1648.757000,-0.116170
1648.758000,-0.240786
1648.759000,-0.236707
1648.760000,-0.254351
1648.761000,-0.234467
1648.762000,-0.244455
1648.763000,-0.357676
1648.764000,-0.330885
1648.765000,-0.301823
1648.766000,-0.425113
1648.767000,-0.271980
1648.768000,-0.306206
1648.769000,-0.316183
1648.770000,-0.433992
1648.771000,-0.453619
1648.772000,-0.515031
1648.773000,-0.623387
1648.774000,-0.553578
1648.775000,-0.669730
1648.776000,-0.721586
1648.777000,-0.593938
1648.778000,-0.548620
1648.779000,-0.463184
1648.780000,-0.548328
1648.781000,-0.552505
1648.782000,-0.647149
1648.783000,-0.580181
1648.784000,-0.454404
1648.785000,-0.461347
1648.786000,-0.514360
1648.787000,-0.456712
1648.788000,-0.473763
1648.789000,-0.444264
1648.790000,-0.486622
1648.791000,-0.492169
1648.792000,-0.697431
1648.793000,-0.810097
1648.794000,-0.761111
1648.795000,-0.721667
1648.796000,-0.594967
1648.797000,-0.685003
1648.798000,-0.566093
1648.799000,-0.591452
1648.800000,-0.597095
1648.801000,-0.604965
1648.802000,-0.563674
1648.803000,-0.527158
1648.804000,-0.494537
1648.805000,-0.442022
1648.806000,-0.306362
1648.807000,-0.126639
1648.808000,0.049176
1648.809000,-0.042158
1648.810000,-0.185443
1648.811000,-0.147674
1648.812000,-0.028435
1648.813000,-0.046978
1648.814000,-0.058279
1648.815000,0.061117
1648.816000,0.246217
1648.817000,0.221623
1648.818000,0.241005
1648.819000,0.249373
1648.820000,0.261000
1648.821000,0.243384
1648.822000,0.284837
1648.823000,0.082873
1648.824000,0.095681
1648.825000,0.158317
1648.826000,0.108021
1648.827000,0.126876
1648.828000,0.199835
1648.829000,0.208855
1648.830000,0.186961
1648.831000,0.168077
1648.832000,0.199516
1648.833000,0.233963
1648.834000,0.216269
1648.835000,0.255211
1648.836000,0.310868
1648.837000,0.259097
1648.838000,0.341782
1648.839000,0.276503
1648.840000,0.259447
1648.841000,0.342841
1648.842000,0.104870
1648.843000,0.187374
1648.844000,0.071465
1648.845000,0.131466
1648.846000,0.241681
1648.847000,0.419570
1648.848000,0.346207
1648.849000,0.368692
1648.850000,0.359991
1648.851000,0.336790
1648.852000,0.424012
1648.853000,0.379592
1648.854000,0.402994
1648.855000,0.548672
1648.856000,0.722013
1648.857000,0.805923
1648.858000,0.766148
1648.859000,0.785633
1648.860000,0.904543
1648.861000,0.760018
1648.862000,0.852944
1648.863000,0.816718
1648.864000,0.751423
1648.865000,0.816356
1648.866000,0.828579
1648.867000,0.860223
1648.868000,0.859242
1648.869000,0.788306
1648.870000,0.984819
1648.871000,1.048541
1648.872000,0.947614
1648.873000,0.845179
1648.874000,0.752401
1648.875000,0.709881
1648.876000,0.681889
1648.877000,0.579136
1648.878000,0.625928
1648.879000,0.434466
1648.880000,0.614939
1648.881000,0.771274
1648.882000,0.714139
1648.883000,0.585477
1648.884000,0.730246
1648.885000,0.701749
1648.886000,0.540610
1648.887000,0.547729
1648.888000,0.687893
1648.889000,0.546035
1648.890000,0.558834
1648.891000,0.374075
1648.892000,0.333541
1648.893000,0.260657
1648.894000,0.381956
1648.895000,0.342750
1648.896000,0.217550
1648.897000,0.349454
1648.898000,0.441643
1648.899000,0.428442
1648.900000,0.357398
1648.901000,0.235794
1648.902000,0.312973
1648.903000,0.302769
1648.904000,0.471357
1648.905000,0.503820
1648.906000,0.596025
1648.907000,0.438625
1648.908000,0.345561
1648.909000,0.320641
1648.910000,0.490261
1648.911000,0.442845
1648.912000,0.320287
1648.913000,0.272370
1648.914000,0.389575
1648.915000,0.432556
1648.916000,0.625325
1648.917000,0.729528
1648.918000,0.857269
1648.919000,0.806676
1648.920000,0.757007
1648.921000,0.497190
1648.922000,0.531330
1648.923000,0.631747
1648.924000,0.660025
1648.925000,0.588830
1648.926000,0.520259
1648.927000,0.538307
1648.928000,0.685552
1648.929000,0.656171
1648.930000,0.872941
1648.931000,0.833874
1648.932000,0.695173
1648.933000,0.599577
1648.934000,0.601562
1648.935000,0.527237
1648.936000,0.544224
1648.937000,0.533696
1648.938000,0.641537
1648.939000,0.512978
1648.940000,0.411630
1648.941000,0.382552
1648.942000,0.450309
1648.943000,0.127419
1648.944000,0.205765
1648.945000,0.135289
1648.946000,0.092353
1648.947000,-0.017033
1648.948000,-0.180021
1648.949000,-0.188768
1648.950000,-0.224955
1648.951000,-0.246579
1648.952000,-0.124685
1648.953000,-0.295652
1648.954000,-0.348044
1648.955000,-0.369160
1648.956000,-0.422123
1648.957000,-0.378676
1648.958000,-0.254306
1648.959000,-0.218675
1648.960000,-0.281409
1648.961000,-0.267015
1648.962000,-0.210069
1648.963000,-0.268018
1648.964000,-0.151067
1648.965000,-0.056785
1648.966000,-0.150927
1648.967000,-0.238917
1648.968000,-0.292357
1648.969000,-0.523377
1648.970000,-0.508091
1648.971000,-0.565122
1648.972000,-0.659843
1648.973000,-0.588641
1648.974000,-0.321622
1648.975000,-0.456542
1648.976000,-0.567504
1648.977000,-0.700258
1648.978000,-0.472268
1648.979000,-0.498485
1648.980000,-0.625679
1648.981000,-0.424956
1648.982000,-0.557726
1648.983000,-0.572872
1648.984000,-0.469873
1648.985000,-0.324136
1648.986000,-0.529713
1648.987000,-0.472908
1648.988000,-0.469845
1648.989000,-0.436443
1648.990000,-0.337462
1648.991000,-0.363287
1648.992000,-0.456170
1648.993000,-0.391360
1648.994000,-0.271014
1648.995000,-0.345244
1648.996000,-0.234139
1648.997000,-0.355868
1648.998000,-0.288580
1648.999000,-0.389522
1649.000000,-0.491542
1649.001000,-0.661309
1649.002000,-0.606508
1649.003000,-0.603571
1649.004000,-0.719201
1649.005000,-0.677424
1649.006000,-0.672639
1649.007000,-0.712957
1649.008000,-0.698499
1649.009000,-0.693786
1649.010000,-0.585675
1649.011000,-0.591258
1649.012000,-0.605521
1649.013000,-0.732937
1649.014000,-0.706233
1649.015000,-0.804301
1649.016000,-0.841413
1649.017000,-1.011664
1649.018000,-1.078507
1649.019000,-1.501643
1649.020000,-1.382781
1649.021000,-1.378429
1649.022000,-1.228760
1649.023000,-1.243743
1649.024000,-1.195573
1649.025000,-1.236141
1649.026000,-1.251197
1649.027000,-1.157796
1649.028000,-1.091796
1649.029000,-0.990338
1649.030000,-1.235623
1649.031000,-1.223129
1649.032000,-1.191460
1649.033000,-1.129792
1649.034000,-0.909068
1649.035000,-0.866291
1649.036000,-0.949865
1649.037000,-0.877965
1649.038000,-0.687384
1649.039000,-0.778333
1649.040000,-1.007523
1649.041000,-1.161700
1649.042000,-0.964890
1649.043000,-0.745301
1649.044000,-0.755123
1649.045000,-0.689707
1649.046000,-0.619716
1649.047000,-0.731243
1649.048000,-0.543598
1649.049000,-0.397142
1649.050000,-0.488611
1649.051000,-0.324325
1649.052000,-0.357684
1649.053000,-0.308041
1649.054000,-0.412441
1649.055000,-0.125007
1649.056000,-0.063674
1649.057000,-0.089101
1649.058000,-0.196784
1649.059000,-0.128910
1649.060000,-0.095020
1649.061000,-0.074470
1649.062000,-0.071526
1649.063000,-0.209662
1649.064000,-0.144036
1649.065000,-0.221694
1649.066000,-0.248750
1649.067000,-0.117652
1649.068000,-0.124188
1649.069000,-0.160731
1649.070000,-0.267230
1649.071000,-0.182536
1649.072000,-0.283485
1649.073000,-0.286857
1649.074000,-0.102280
1649.075000,-0.010595
1649.076000,-0.089189
1649.077000,-0.048688
1649.078000,-0.184018
1649.079000,-0.235055
1649.080000,-0.124653
1649.081000,-0.087923
1649.082000,-0.302677
1649.083000,-0.287536
1649.084000,-0.285897
1649.085000,-0.314009
1649.086000,-0.279718
1649.087000,-0.359170
1649.088000,-0.472693
1649.089000,-0.578149
1649.090000,-0.538757
1649.091000,-0.558524
1649.092000,-0.620438
1649.093000,-0.579984
1649.094000,-0.570467
1649.095000,-0.568609
1649.096000,-0.681302
1649.097000,-0.709268
1649.098000,-0.614734
1649.099000,-0.621278
1649.100000,-0.480440
1649.101000,-0.485063
1649.102000,-0.421186
1649.103000,-0.497437
1649.104000,-0.445568
1649.105000,-0.491592
1649.106000,-0.498269
1649.107000,-0.357149
1649.108000,-0.370416
1649.109000,-0.404433
1649.110000,-0.500994
1649.111000,-0.234494
1649.112000,-0.338446
1649.113000,-0.326340
1649.114000,-0.364851
1649.115000,-0.244158
1649.116000,-0.117561
1649.117000,-0.023364
1649.118000,0.050654
1649.119000,0.048538
1649.120000,0.051232
1649.121000,0.085268
1649.122000,0.214426
1649.123000,0.183117
1649.124000,0.175518
1649.125000,0.087639
1649.126000,0.202360
1649.127000,0.177821
1649.128000,0.329758
1649.129000,0.227293
1649.130000,0.153275
1649.131000,0.237252
1649.132000,0.206198
1649.133000,0.386339
1649.134000,0.539907
1649.135000,0.630259
1649.136000,0.578643
1649.137000,0.465320
1649.138000,0.429275
1649.139000,0.252804
1649.140000,0.188671
1649.141000,0.147545
1649.142000,0.246928
1649.143000,0.166242
1649.144000,0.135912
1649.145000,0.208857
1649.146000,0.170230
1649.147000,0.131863
1649.148000,0.134109
1649.149000,0.133990
1649.150000,0.137630
1649.151000,0.019131
1649.152000,0.122943
1649.153000,0.074499
1649.154000,-0.109519
1649.155000,-0.100071
1649.156000,-0.085961
1649.157000,-0.032890
1649.158000,0.074063
1649.159000,0.061406
1649.160000,0.074619
1649.161000,-0.005329
1649.162000,0.126020
1649.163000,0.163666
1649.164000,0.242527
1649.165000,0.084831
1649.166000,0.294132
1649.167000,0.289104
1649.168000,0.407122
1649.169000,0.421943
1649.170000,0.391066
1649.171000,0.360300
1649.172000,0.344618
1649.173000,0.238583
1649.174000,0.231393
1649.175000,0.261898
1649.176000,0.390562
1649.177000,0.320087
1649.178000,0.441958
1649.179000,0.512882
1649.180000,0.394889
1649.181000,0.360737
1649.182000,0.131781
1649.183000,0.244326
1649.184000,0.199598
1649.185000,0.056960
1649.186000,0.060729
1649.187000,-0.052125
1649.188000,-0.059304
1649.189000,-0.171024
1649.190000,-0.071180
1649.191000,-0.204498
1649.192000,-0.170200
1649.193000,-0.199371
1649.194000,-0.231541
1649.195000,-0.346382
1649.196000,-0.308570
1649.197000,-0.529500
1649.198000,-0.406548
1649.199000,-0.152043
1649.200000,-0.305097
1649.201000,-0.291892
1649.202000,-0.220390
1649.203000,-0.071164
1649.204000,0.072442
1649.205000,0.053320
1649.206000,0.004810
1649.207000,-0.093533
1649.208000,-0.070028
1649.209000,-0.012582
1649.210000,-0.011590
1649.211000,0.075325
1649.212000,-0.048610
1649.213000,-0.001601
1649.214000,-0.132190
1649.215000,-0.234705
1649.216000,-0.359917
1649.217000,-0.363572
1649.218000,-0.099849
1649.219000,-0.046815
1649.220000,-0.000198
1649.221000,-0.022291
1649.222000,0.110974
1649.223000,0.129714
1649.224000,0.131497
1649.225000,0.352876
1649.226000,0.198980
1649.227000,0.029676
1649.228000,-0.107383
1649.229000,-0.168609
1649.230000,-0.096110
1649.231000,0.132740
1649.232000,0.130773
1649.233000,0.004908
1649.234000,-0.028486
1649.235000,-0.124165
1649.236000,-0.128160
1649.237000,0.105962
1649.238000,0.246775
1649.239000,0.303496
1649.240000,0.206836
1649.241000,0.363300
1649.242000,0.279465
1649.243000,0.321966
1649.244000,0.312261
1649.245000,0.276922
1649.246000,0.105738
1649.247000,0.082135
1649.248000,0.170033
1649.249000,0.010542
1649.250000,-0.061692
1649.251000,0.219407
1649.252000,0.375355
1649.253000,0.445307
1649.254000,0.364366
1649.255000,0.359431
1649.256000,0.485211
1649.257000,0.357797
1649.258000,0.469808
1649.259000,0.565357
1649.260000,0.532869
1649.261000,0.578096
1649.262000,0.514006
1649.263000,0.654950
1649.264000,0.618524
1649.265000,0.651364
1649.266000,0.713358
1649.267000,0.809270
1649.268000,0.831057
1649.269000,0.815089
1649.270000,0.602026
1649.271000,0.593656
1649.272000,0.674889
1649.273000,0.676996
1649.274000,0.893082
1649.275000,0.573724
1649.276000,0.415408
1649.277000,0.538079
1649.278000,0.752007
1649.279000,0.641222
1649.280000,0.670395
1649.281000,0.506160
1649.282000,0.484431
1649.283000,0.504855
1649.284000,0.482832
1649.285000,0.580917
1649.286000,0.664586
1649.287000,0.758435
1649.288000,0.810395
1649.289000,0.951231
1649.290000,0.919727
1649.291000,0.914762
1649.292000,0.892454
1649.293000,0.729114
1649.294000,0.674767
1649.295000,0.453593
1649.296000,0.458684
1649.297000,0.386903
1649.298000,0.442575
1649.299000,0.563162
1649.300000,0.608266
1649.301000,0.585663
1649.302000,0.583291
1649.303000,0.596120
1649.304000,0.491950
1649.305000,0.439472
1649.306000,0.467545
1649.307000,0.403482
1649.308000,0.511350
1649.309000,0.481986
1649.310000,0.504179
1649.311000,0.551179
1649.312000,0.442390
1649.313000,0.540116
1649.314000,0.851303
1649.315000,0.838709
1649.316000,0.752145
1649.317000,0.753937
1649.318000,0.745656
1649.319000,0.819449
1649.320000,0.807546
1649.321000,0.972417
1649.322000,1.027773
1649.323000,0.881333
1649.324000,0.923703
1649.325000,0.845517
1649.326000,0.902462
1649.327000,0.958782
1649.328000,0.918590
1649.329000,0.663505
1649.330000,0.634247
1649.331000,0.704702
1649.332000,0.645757
1649.333000,0.652704
1649.334000,0.698518
1649.335000,0.621209
1649.336000,0.611716
1649.337000,0.385603
1649.338000,0.397491
1649.339000,0.343583
1649.340000,0.346669
1649.341000,0.493465
1649.342000,0.521546
1649.343000,0.363570
1649.344000,0.422198
1649.345000,0.425737
1649.346000,0.380159
1649.347000,0.265701
1649.348000,0.291077
1649.349000,0.399640
1649.350000,0.403261
1649.351000,0.328010
1649.352000,0.205331
1649.353000,0.310495
1649.354000,0.429309
1649.355000,0.515938
1649.356000,0.712816
1649.357000,0.599192
1649.358000,0.562219
1649.359000,0.532100
1649.360000,0.473485
1649.361000,0.369454
1649.362000,0.361896
1649.363000,0.329681
1649.364000,0.189505
1649.365000,0.132687
1649.366000,0.249950
1649.367000,0.207105
1649.368000,0.139478
1649.369000,0.192644
1649.370000,0.126190
1649.371000,0.121873
1649.372000,0.200775
1649.373000,0.285857
1649.374000,0.173052
1649.375000,0.230769
1649.376000,0.239570
1649.377000,0.156710
1649.378000,0.069304
1649.379000,0.159718
1649.380000,0.183802
1649.381000,0.226803
1649.382000,0.265850
1649.383000,0.070363
1649.384000,0.077445
1649.385000,-0.074810
1649.386000,-0.011169
1649.387000,-0.110487
1649.388000,-0.239546
1649.389000,-0.285254
1649.390000,-0.211664
1649.391000,-0.083882
1649.392000,0.061567
1649.393000,0.067901
1649.394000,-0.034169
1649.395000,-0.061582
1649.396000,-0.026405
1649.397000,-0.038990
1649.398000,-0.144238
1649.399000,-0.088967
1649.400000,-0.311022
1649.401000,-0.162327
1649.402000,-0.030728
1649.403000,-0.007027
1649.404000,-0.046806
1649.405000,-0.074778
1649.406000,-0.080549
1649.407000,-0.174853
1649.408000,-0.116158
1649.409000,-0.020096
1649.410000,0.014173
1649.411000,-0.024688
1649.412000,-0.038136
1649.413000,-0.068292
1649.414000,-0.296998
1649.415000,-0.169695
1649.416000,-0.233757
1649.417000,-0.177395
1649.418000,0.007827
1649.419000,-0.026665
1649.420000,0.011357
1649.421000,-0.009246
1649.422000,-0.032959
1649.423000,-0.023830
1649.424000,0.010792
1649.425000,-0.001151
1649.426000,-0.021812
1649.427000,0.098079
1649.428000,-0.022154
1649.429000,-0.112601
1649.430000,-0.188899
1649.431000,-0.183858
1649.432000,-0.186995
1649.433000,-0.186216
1649.434000,-0.125929
1649.435000,-0.119428
1649.436000,0.087900
1649.437000,0.015667
1649.438000,0.137667
1649.439000,0.122995
1649.440000,0.276241
1649.441000,0.362005
1649.442000,0.532615
1649.443000,0.547191
1649.444000,0.492420
1649.445000,0.593416
1649.446000,0.680204
1649.447000,0.712402
1649.448000,0.728288
1649.449000,0.618384
1649.450000,0.648193
1649.451000,0.625506
1649.452000,0.634029
1649.453000,0.345977
1649.454000,0.378169
1649.455000,0.392962
1649.456000,0.465951
1649.457000,0.501893
1649.458000,0.533217
1649.459000,0.499528
1649.460000,0.494557
1649.461000,0.592960
1649.462000,0.447152
1649.463000,0.250617
1649.464000,0.470729
1649.465000,0.662277
1649.466000,0.688539
1649.467000,0.627391
1649.468000,0.540226
1649.469000,0.619224
1649.470000,0.510142
1649.471000,0.409150
1649.472000,0.339301
1649.473000,0.558240
1649.474000,0.584950
1649.475000,0.644095
1649.476000,0.623796
1649.477000,0.600612
1649.478000,0.598976
1649.479000,0.637833
1649.480000,0.810310
1649.481000,0.857982
1649.482000,0.605443
1649.483000,0.597665
1649.484000,0.567545
1649.485000,0.471174
1649.486000,0.490396
1649.487000,0.652461
1649.488000,0.611919
1649.489000,0.728243
1649.490000,0.646630
1649.491000,0.743188
1649.492000,0.754978
1649.493000,0.847726
1649.494000,0.821374
1649.495000,0.821645
1649.496000,0.878734
1649.497000,0.770150
1649.498000,0.735641
1649.499000,0.524489
1649.500000,0.401721
1649.501000,0.402433
1649.502000,0.541431
1649.503000,0.378956
1649.504000,0.129876
1649.505000,0.091158
1649.506000,0.056121
1649.507000,0.035657
1649.508000,0.033933
1649.509000,0.012789
1649.510000,-0.076825
1649.511000,-0.165379
1649.512000,-0.234570
1649.513000,-0.241625
1649.514000,-0.467168
1649.515000,-0.408974
1649.516000,-0.457848
1649.517000,-0.478523
1649.518000,-0.556865
1649.519000,-0.675019
1649.520000,-0.666039
1649.521000,-0.677134
1649.522000,-0.776616
1649.523000,-0.790038
1649.524000,-0.731888
1649.525000,-0.601573
1649.526000,-0.736827
1649.527000,-0.818398
1649.528000,-0.817319
1649.529000,-0.725781
1649.530000,-0.609456
1649.531000,-0.566956
1649.532000,-0.436016
1649.533000,-0.218952
1649.534000,-0.266638
1649.535000,-0.280229
1649.536000,-0.411162
1649.537000,-0.388214
1649.538000,-0.281957
1649.539000,-0.214041
1649.540000,-0.160916
1649.541000,-0.041647
1649.542000,0.038476
1649.543000,-0.001766
1649.544000,-0.094274
1649.545000,-0.231896
1649.546000,-0.256552
1649.547000,-0.354151
1649.548000,-0.304669
1649.549000,-0.269685
1649.550000,-0.330910
1649.551000,-0.457975
1649.552000,-0.610351
1649.553000,-0.474867
1649.554000,-0.542252
1649.555000,-0.526318
1649.556000,-0.505872
1649.557000,-0.486045
1649.558000,-0.408449
1649.559000,-0.530958
1649.560000,-0.524105
1649.561000,-0.554473
1649.562000,-0.445372
1649.563000,-0.477867
1649.564000,-0.532216
1649.565000,-0.562585
1649.566000,-0.486686
1649.567000,-0.529236
1649.568000,-0.440392
1649.569000,-0.351109
1649.570000,-0.254303
1649.571000,-0.463420
1649.572000,-0.473524
1649.573000,-0.418499
1649.574000,-0.484432
1649.575000,-0.595367
1649.576000,-0.551527
1649.577000,-0.612898
1649.578000,-0.560538
1649.579000,-0.520157
1649.580000,-0.553639
1649.581000,-0.505444
1649.582000,-0.502812
1649.583000,-0.463402
1649.584000,-0.557033
1649.585000,-0.622131
1649.586000,-0.598386
1649.587000,-0.599225
1649.588000,-0.721875
1649.589000,-0.786674
1649.590000,-0.848969
1649.591000,-0.909473
1649.592000,-1.060535
1649.593000,-1.019486
1649.594000,-1.183952
1649.595000,-0.976043
1649.596000,-0.879457
1649.597000,-0.754848
1649.598000,-0.806868
1649.599000,-0.625616
1649.600000,-0.728220
1649.601000,-0.746979
1649.602000,-0.879256
1649.603000,-0.799564
1649.604000,-0.643104
1649.605000,-0.594986
1649.606000,-0.582546
1649.607000,-0.537964
1649.608000,-0.526258
1649.609000,-0.570876
1649.610000,-0.644598
1649.611000,-0.870448
1649.612000,-0.821532
1649.613000,-0.910780
1649.614000,-0.956804
1649.615000,-1.001518
1649.616000,-1.122997
1649.617000,-1.187905
1649.618000,-1.168499
1649.619000,-1.103096
1649.620000,-1.059896
1649.621000,-1.191222
1649.622000,-1.260720
1649.623000,-1.120299
1649.624000,-1.381230
1649.625000,-1.342046
1649.626000,-1.390424
1649.627000,-1.423704
1649.628000,-1.603835
1649.629000,-1.595488
1649.630000,-1.474817
1649.631000,-1.438328
1649.632000,-1.502021
1649.633000,-1.339199
1649.634000,-1.145334
1649.635000,-0.996151
1649.636000,-0.864127
1649.637000,-0.834194
1649.638000,-0.730838
1649.639000,-0.733641
1649.640000,-0.729753
1649.641000,-0.752724
1649.642000,-0.702723
1649.643000,-0.695895
1649.644000,-0.702381
1649.645000,-0.709494
1649.646000,-0.860264
1649.647000,-0.761852
1649.648000,-0.803617
1649.649000,-0.949939
1649.650000,-0.843016
1649.651000,-0.743917
1649.652000,-0.797849
1649.653000,-0.690194
1649.654000,-0.523155
1649.655000,-0.700991
1649.656000,-0.730531
1649.657000,-0.715331
1649.658000,-0.692772
1649.659000,-0.773762
1649.660000,-0.537654
1649.661000,-0.383348
1649.662000,-0.384814
1649.663000,-0.424227
1649.664000,-0.333659
1649.665000,-0.297695
1649.666000,-0.217169
1649.667000,-0.011612
1649.668000,-0.006707
1649.669000,-0.133501
1649.670000,-0.286687
1649.671000,-0.429707
1649.672000,-0.482514
1649.673000,-0.565637
1649.674000,-0.516918
1649.675000,-0.476777
1649.676000,-0.511019
1649.677000,-0.643754
1649.678000,-0.755634
1649.679000,-0.667004
1649.680000,-0.689025
1649.681000,-0.621302
1649.682000,-0.461855
1649.683000,-0.373480
1649.684000,-0.514693
1649.685000,-0.337196
1649.686000,-0.447670
1649.687000,-0.561958
1649.688000,-0.684149
1649.689000,-0.488133
1649.690000,-0.564417
1649.691000,-0.446879
1649.692000,-0.462843
1649.693000,-0.528091
1649.694000,-0.501247
1649.695000,-0.400927
1649.696000,-0.383015
1649.697000,-0.413539
1649.698000,-0.540566
1649.699000,-0.480350
1649.700000,-0.500997
1649.701000,-0.479478
1649.702000,-0.512618
1649.703000,-0.494141
1649.704000,-0.300676
1649.705000,-0.465115
1649.706000,-0.438453
1649.707000,-0.375705
1649.708000,-0.327878
1649.709000,-0.183628
1649.710000,-0.300772
1649.711000,-0.286173
1649.712000,-0.396711
1649.713000,-0.401091
1649.714000,-0.535480
1649.715000,-0.391635
1649.716000,-0.432569
1649.717000,-0.352845
1649.718000,-0.369559
1649.719000,-0.290605
1649.720000,-0.296361
1649.721000,-0.310491
1649.722000,-0.255920
1649.723000,-0.176202
1649.724000,-0.094637
1649.725000,-0.210061
1649.726000,-0.154214
1649.727000,-0.072161
1649.728000,-0.162253
1649.729000,-0.296660
1649.730000,-0.240899
1649.731000,-0.268559
1649.732000,-0.256424
1649.733000,-0.189465
1649.734000,0.022868
1649.735000,0.160365
1649.736000,0.204327
1649.737000,0.307382
1649.738000,0.227080
1649.739000,0.218413
1649.740000,0.135541
1649.741000,0.016917
1649.742000,-0.238472
1649.743000,-0.130079
1649.744000,0.024044
1649.745000,-0.103922
1649.746000,-0.074516
1649.747000,-0.105005
1649.748000,-0.286375
1649.749000,-0.022181
1649.750000,-0.167285
1649.751000,-0.039839
1649.752000,-0.068081
1649.753000,-0.252856
1649.754000,-0.426706
1649.755000,-0.373215
1649.756000,-0.389592
1649.757000,-0.305979
1649.758000,-0.327210
1649.759000,-0.308961
1649.760000,-0.233817
1649.761000,-0.222112
1649.762000,-0.329088
1649.763000,-0.375248
1649.764000,-0.354431
1649.765000,-0.527627
1649.766000,-0.473520
1649.767000,-0.520662
1649.768000,-0.457839
1649.769000,-0.254386
1649.770000,-0.172249
1649.771000,-0.070120
1649.772000,-0.036526
1649.773000,0.221101
1649.774000,0.164573
1649.775000,0.401419
1649.776000,0.484495
1649.777000,0.421680
1649.778000,0.322721
1649.779000,0.244436
1649.780000,0.464916
1649.781000,0.489338
1649.782000,0.571050
1649.783000,0.466854
1649.784000,0.506741
1649.785000,0.385821
1649.786000,0.532198
1649.787000,0.562955
1649.788000,0.524583
1649.789000,0.455310
1649.790000,0.397158
1649.791000,0.270473
1649.792000,0.326045
1649.793000,0.200826
1649.794000,0.226265
1649.795000,0.393847
1649.796000,0.420178
1649.797000,0.507482
1649.798000,0.352013
1649.799000,0.257977
1649.800000,0.227653
1649.801000,0.327535
1649.802000,0.302987
1649.803000,0.286956
1649.804000,0.297922
1649.805000,0.328526
1649.806000,0.494632
1649.807000,0.540829
1649.808000,0.562172
1649.809000,0.522896
1649.810000,0.362782
1649.811000,0.575132
1649.812000,0.518501
1649.813000,0.575621
1649.814000,0.652953
1649.815000,0.574019
1649.816000,0.609776
1649.817000,0.525598
1649.818000,0.539328
1649.819000,0.486742
1649.820000,0.588049
1649.821000,0.584423
1649.822000,0.490404
1649.823000,0.499875
1649.824000,0.449103
1649.825000,0.258961
1649.826000,0.392233
1649.827000,0.471314
1649.828000,0.565687
1649.829000,0.522215
1649.830000,0.527405
1649.831000,0.474080
1649.832000,0.487928
1649.833000,0.442589
1649.834000,0.345994
1649.835000,0.314855
1649.836000,0.473109
1649.837000,0.629087
1649.838000,0.645921
1649.839000,0.676271
1649.840000,0.666959
1649.841000,0.601714
1649.842000,0.486139
1649.843000,0.580371
1649.844000,0.691105
1649.845000,0.681234
1649.846000,0.742731
1649.847000,0.913058
1649.848000,0.835855
1649.849000,0.889032
1649.850000,1.030396
1649.851000,1.026386
1649.852000,1.123117
1649.853000,1.050750
1649.854000,0.863154
1649.855000,0.774611
1649.856000,0.878663
1649.857000,0.847209
1649.858000,0.690969
1649.859000,0.771710
1649.860000,0.877986
1649.861000,0.804815
1649.862000,0.793864
1649.863000,0.686523
1649.864000,0.745206
1649.865000,0.864496
1649.866000,0.830406
1649.867000,0.809811
1649.868000,0.597824
1649.869000,0.575630
1649.870000,0.538089
1649.871000,0.334503
1649.872000,0.327793
1649.873000,0.361825
1649.874000,0.447589
1649.875000,0.541881
1649.876000,0.605856
1649.877000,0.637050
1649.878000,0.736814
1649.879000,0.598456
1649.880000,0.654014
1649.881000,0.871721
1649.882000,0.772296
1649.883000,0.654492
1649.884000,0.881558
1649.885000,0.976724
1649.886000,1.167013
1649.887000,1.245998
1649.888000,1.106607
1649.889000,1.005946
1649.890000,0.961633
1649.891000,0.905846
1649.892000,0.883064
1649.893000,1.090357
1649.894000,1.004382
1649.895000,1.008058
1649.896000,1.047523
1649.897000,1.013642
1649.898000,1.077878
1649.899000,1.050115
1649.900000,0.930540
1649.901000,0.941851
1649.902000,0.888610
1649.903000,0.856676
1649.904000,0.789338
1649.905000,0.645854
1649.906000,0.559923
1649.907000,0.654095
1649.908000,0.628442
1649.909000,0.621563
1649.910000,0.571706
1649.911000,0.681697
1649.912000,0.598829
1649.913000,0.417955
1649.914000,0.292820
1649.915000,0.212772
1649.916000,0.245205
1649.917000,0.210341
1649.918000,0.085996
1649.919000,-0.010681
1649.920000,-0.160026
1649.921000,-0.183465
1649.922000,-0.329803
1649.923000,-0.412903
1649.924000,-0.397964
1649.925000,-0.420441
1649.926000,-0.394369
1649.927000,-0.376554
1649.928000,-0.436623
1649.929000,-0.331765
1649.930000,-0.125324
1649.931000,-0.134739
1649.932000,-0.067685
1649.933000,-0.055121
1649.934000,-0.123087
1649.935000,-0.038676
1649.936000,-0.135716
1649.937000,-0.104171
1649.938000,-0.100443
1649.939000,-0.142395
1649.940000,-0.140771
1649.941000,-0.136784
1649.942000,-0.060648
1649.943000,-0.006905
1649.944000,0.009340
1649.945000,-0.058171
1649.946000,0.013987
1649.947000,0.162561
1649.948000,0.028741
1649.949000,0.008467
1649.950000,0.074821
1649.951000,0.141254
1649.952000,0.159607
1649.953000,0.293217
1649.954000,0.359432
1649.955000,0.476806
1649.956000,0.486608
1649.957000,0.528581
1649.958000,0.327142
1649.959000,0.347428
1649.960000,0.462728
1649.961000,0.317749
1649.962000,0.509595
1649.963000,0.360117
1649.964000,0.337332
1649.965000,0.504360
1649.966000,0.453360
1649.967000,0.504603
1649.968000,0.703554
1649.969000,0.617217
1649.970000,0.631947
1649.971000,0.426096
1649.972000,0.332374
1649.973000,0.359654
1649.974000,0.457208
1649.975000,0.489050
1649.976000,0.420579
1649.977000,0.395060
1649.978000,0.454872
1649.979000,0.509996
1649.980000,0.565153
1649.981000,0.582529
1649.982000,0.658705
1649.983000,0.601846
1649.984000,0.607165
1649.985000,0.608595
1649.986000,0.443299
1649.987000,0.337831
1649.988000,0.489178
1649.989000,0.412305
1649.990000,0.364529
1649.991000,0.296426
1649.992000,-0.043550
1649.993000,-0.002469
1649.994000,-0.141492
1649.995000,-0.236252
1649.996000,-0.293309
1649.997000,-0.206527
1649.998000,-0.415843
1649.999000,-0.460257
1650.000000,-0.477628
1650.001000,-0.528896
1650.002000,-0.659294
1650.003000,-0.639373
1650.004000,-0.675188
1650.005000,-0.589172
1650.006000,-0.448945
1650.007000,-0.405747
1650.008000,-0.325365
1650.009000,-0.337674
1650.010000,-0.537534
1650.011000,-0.548009
1650.012000,-0.626958
1650.013000,-0.712625
1650.014000,-0.679582
1650.015000,-0.793189
1650.016000,-0.949384
1650.017000,-0.973421
1650.018000,-0.979076
1650.019000,-1.106433
1650.020000,-1.009034
1650.021000,-0.948403
1650.022000,-1.014094
1650.023000,-0.880887
1650.024000,-0.884972
1650.025000,-0.785382
1650.026000,-0.627633
1650.027000,-0.710460
1650.028000,-0.547304
1650.029000,-0.618829
1650.030000,-0.458679
1650.031000,-0.406821
1650.032000,-0.308874
1650.033000,-0.593122
1650.034000,-0.631867
1650.035000,-0.677822
1650.036000,-0.656082
1650.037000,-0.797658
1650.038000,-0.874627
1650.039000,-0.818270
1650.040000,-0.759027
1650.041000,-0.651495
1650.042000,-0.842822
1650.043000,-0.865972
1650.044000,-0.729278
1650.045000,-0.612246
1650.046000,-0.638862
1650.047000,-0.754064
1650.048000,-0.831409
1650.049000,-0.923567
1650.050000,-0.739488
1650.051000,-0.613124
1650.052000,-0.572365
1650.053000,-0.601137
1650.054000,-0.787633
1650.055000,-0.643583
1650.056000,-0.796277
1650.057000,-0.695923
1650.058000,-0.698110
1650.059000,-0.622578
1650.060000,-0.563818
1650.061000,-0.619444
1650.062000,-0.594917
1650.063000,-0.663077
1650.064000,-0.782485
1650.065000,-0.928577
1650.066000,-0.748521
1650.067000,-0.778237
1650.068000,-0.846303
1650.069000,-0.738430
1650.070000,-0.576190
1650.071000,-0.477974
1650.072000,-0.437970
1650.073000,-0.295655
1650.074000,-0.333698
1650.075000,-0.550974
1650.076000,-0.568587
1650.077000,-0.478435
1650.078000,-0.524648
1650.079000,-0.403029
1650.080000,-0.567958
1650.081000,-0.699175
1650.082000,-0.508660
1650.083000,-0.427035
1650.084000,-0.488383
1650.085000,-0.650154
1650.086000,-0.411337
1650.087000,-0.339156
1650.088000,-0.401439
1650.089000,-0.396164
1650.090000,-0.280506
1650.091000,-0.383968
1650.092000,-0.294319
1650.093000,-0.202192
1650.094000,-0.026313
1650.095000,-0.004997
1650.096000,0.014192
1650.097000,-0.144815
1650.098000,-0.195380
1650.099000,-0.135656
1650.100000,-0.093470
1650.101000,-0.035883
1650.102000,0.038576
1650.103000,0.007583
1650.104000,0.090718
1650.105000,0.183152
1650.106000,0.148815
1650.107000,0.219161
1650.108000,0.230564
1650.109000,0.282542
1650.110000,0.211775
1650.111000,0.255973
1650.112000,0.258609
1650.113000,0.281367
1650.114000,0.363517
1650.115000,0.292352
1650.116000,0.414861
1650.117000,0.310967
1650.118000,0.385341
1650.119000,0.469336
1650.120000,0.373485
1650.121000,0.404657
1650.122000,0.388941
1650.123000,0.290447
1650.124000,0.296393
1650.125000,0.083222
1650.126000,0.051294
1650.127000,0.173647
1650.128000,0.232927
1650.129000,0.317055
1650.130000,0.292375
1650.131000,0.273434
1650.132000,0.395623
1650.133000,0.469397
1650.134000,0.485402
1650.135000,0.537650
1650.136000,0.472074
1650.137000,0.722768
1650.138000,0.789691
1650.139000,0.858817
1650.140000,0.919131
1650.141000,0.854425
1650.142000,0.833788
1650.143000,0.855314
1650.144000,1.090871
1650.145000,1.026894
1650.146000,0.848205
1650.147000,0.679374
1650.148000,0.553298
1650.149000,0.617841
1650.150000,0.574273
1650.151000,0.526441
1650.152000,0.697872
1650.153000,0.602554
1650.154000,0.634850
1650.155000,0.490356
1650.156000,0.514477
1650.157000,0.597400
1650.158000,0.544321
1650.159000,0.710613
1650.160000,0.588450
1650.161000,0.619835
1650.162000,0.447200
1650.163000,0.479035
1650.164000,0.405579
1650.165000,0.310221
1650.166000,0.344044
1650.167000,0.204038
1650.168000,0.206816
1650.169000,0.208141
1650.170000,0.218767
1650.171000,0.325387
1650.172000,0.272794
1650.173000,0.286337
1650.174000,0.305126
1650.175000,0.268826
1650.176000,0.223099
1650.177000,0.173510
1650.178000,0.166952
1650.179000,0.246676
1650.180000,0.200759
1650.181000,0.277231
1650.182000,0.363015
1650.183000,0.261087
1650.184000,0.135513
1650.185000,0.203946
1650.186000,0.294426
1650.187000,0.283928
1650.188000,0.309047
1650.189000,0.091950
1650.190000,0.011874
1650.191000,-0.003809
1650.192000,0.118144
1650.193000,0.173033
1650.194000,0.155964
1650.195000,0.199851
1650.196000,0.196199
1650.197000,0.141998
1650.198000,0.093681
1650.199000,0.316528
1650.200000,0.348177
1650.201000,0.392185
1650.202000,0.537089
1650.203000,0.558445
1650.204000,0.591265
1650.205000,0.576965
1650.206000,0.447923
1650.207000,0.538507
1650.208000,0.592800
1650.209000,0.455940
1650.210000,0.458866
1650.211000,0.524480
1650.212000,0.485625
1650.213000,0.461950
1650.214000,0.181724
1650.215000,-0.098788
1650.216000,-0.224780
1650.217000,-0.182796
1650.218000,-0.087030
1650.219000,-0.138528
1650.220000,-0.199367
1650.221000,-0.032678
1650.222000,0.211908
1650.223000,0.138715
1650.224000,0.334349
1650.225000,0.330162
1650.226000,0.254869
1650.227000,0.267396
1650.228000,0.335189
1650.229000,0.519764
1650.230000,0.449895
1650.231000,0.411717
1650.232000,0.335875
1650.233000,0.175212
1650.234000,0.292378
1650.235000,0.038624
1650.236000,0.007443
1650.237000,-0.007397
1650.238000,-0.227070
1650.239000,-0.074937
1650.240000,-0.000610
1650.241000,-0.162910
1650.242000,-0.329155
1650.243000,-0.410880
1650.244000,-0.529477
1650.245000,-0.409229
1650.246000,-0.354047
1650.247000,-0.473490
1650.248000,-0.553956
1650.249000,-0.601268
1650.250000,-0.647859
1650.251000,-0.750277
1650.252000,-0.873654
1650.253000,-0.757312
1650.254000,-0.768838
1650.255000,-0.732633
1650.256000,-0.771510
1650.257000,-0.718068
1650.258000,-0.685575
1650.259000,-0.648895
1650.260000,-0.758094
1650.261000,-0.779692
1650.262000,-0.631564
1650.263000,-0.753655
1650.264000,-0.831783
1650.265000,-0.708088
1650.266000,-0.662674
1650.267000,-0.531668
1650.268000,-0.626315
1650.269000,-0.676853
1650.270000,-0.518291
1650.271000,-0.597893
1650.272000,-0.730299
1650.273000,-0.641927
1650.274000,-0.561463
1650.275000,-0.560863
1650.276000,-0.751299
1650.277000,-0.693324
1650.278000,-0.556512
1650.279000,-0.532766
1650.280000,-0.670021
1650.281000,-0.597706
1650.282000,-0.558894
1650.283000,-0.577637
1650.284000,-0.424732
1650.285000,-0.255773
1650.286000,-0.474191
1650.287000,-0.484947
1650.288000,-0.504151
1650.289000,-0.669756
1650.290000,-0.842633
1650.291000,-0.715477
1650.292000,-0.806519
1650.293000,-0.815785
1650.294000,-0.581678
1650.295000,-0.416563
1650.296000,-0.272028
1650.297000,-0.309632
1650.298000,-0.290163
1650.299000,-0.200005
1650.300000,-0.298827
1650.301000,-0.300970
1650.302000,-0.336755
1650.303000,-0.467253
1650.304000,-0.527806
1650.305000,-0.500611
1650.306000,-0.492664
1650.307000,-0.422791
1650.308000,-0.399121
1650.309000,-0.296621
1650.310000,-0.324276
1650.311000,-0.353195
1650.312000,-0.442363
1650.313000,-0.411585
1650.314000,-0.263540
1650.315000,-0.210033
1650.316000,-0.081948
1650.317000,-0.168533
1650.318000,-0.116685
1650.319000,-0.132160
1650.320000,-0.136964
1650.321000,-0.068760
1650.322000,0.013105
1650.323000,-0.015382
1650.324000,-0.173181
1650.325000,-0.357640
1650.326000,-0.257773
1650.327000,-0.199321
1650.328000,-0.212835
1650.329000,-0.077074
1650.330000,-0.186383
1650.331000,-0.268449
1650.332000,-0.343357
1650.333000,-0.405019
1650.334000,-0.481489
1650.335000,-0.523248
1650.336000,-0.353324
1650.337000,-0.512977
1650.338000,-0.811579
1650.339000,-0.688310
1650.340000,-0.810007
1650.341000,-0.998880
1650.342000,-1.048531
1650.343000,-1.105207
1650.344000,-1.152135
1650.345000,-1.198418
1650.346000,-1.224368
1650.347000,-1.280036
1650.348000,-1.381202
1650.349000,-1.243166
1650.350000,-1.163032
1650.351000,-1.401184
1650.352000,-1.429094
1650.353000,-1.526625
1650.354000,-1.353488
1650.355000,-1.341348
1650.356000,-1.244380
1650.357000,-1.248176
1650.358000,-1.378291
1650.359000,-1.289781
1650.360000,-1.158317
1650.361000,-1.091318
1650.362000,-1.163417
1650.363000,-1.142343
1650.364000,-1.198878
1650.365000,-0.962742
1650.366000,-1.016763
1650.367000,-0.936256
1650.368000,-0.739835
1650.369000,-0.805255
1650.370000,-0.792748
1650.371000,-0.905859
1650.372000,-0.702517
1650.373000,-0.855493
1650.374000,-0.651415
1650.375000,-0.621798
1650.376000,-0.501553
1650.377000,-0.698800
1650.378000,-0.601640
1650.379000,-0.771523
1650.380000,-0.653310
1650.381000,-0.605069
1650.382000,-0.656735
1650.383000,-0.512151
1650.384000,-0.409782
1650.385000,-0.297564
1650.386000,-0.417491
1650.387000,-0.368606
1650.388000,-0.156197
1650.389000,-0.237831
1650.390000,-0.163411
1650.391000,-0.137858
1650.392000,0.166364
1650.393000,-0.042089
1650.394000,-0.046865
1650.395000,0.042595
1650.396000,-0.031097
1650.397000,0.064892
1650.398000,-0.082449
1650.399000,0.036128
1650.400000,0.046978
1650.401000,0.021837
1650.402000,0.107786
1650.403000,0.129465
1650.404000,0.342831
1650.405000,0.442714
1650.406000,0.548645
1650.407000,0.608416
1650.408000,0.715842
1650.409000,0.658244
1650.410000,0.711306
1650.411000,0.701129
1650.412000,0.815494
1650.413000,0.843869
1650.414000,0.887011
1650.415000,0.921064
1650.416000,0.752074
1650.417000,0.802563
1650.418000,0.814955
1650.419000,0.992405
1650.420000,0.831182
1650.421000,0.748135
1650.422000,0.874802
1650.423000,0.787259
1650.424000,0.767868
1650.425000,0.819311
1650.426000,0.674901
1650.427000,0.607029
1650.428000,0.540036
1650.429000,0.565076
1650.430000,0.673795
1650.431000,0.735581
1650.432000,0.861464
1650.433000,0.859676
1650.434000,0.968020
1650.435000,0.964763
1650.436000,0.918811
1650.437000,1.187216
1650.438000,1.168666
1650.439000,1.101079
1650.440000,0.999001
1650.441000,1.009156
1650.442000,0.933141
1650.443000,0.897846
1650.444000,0.954067
1650.445000,0.813701
1650.446000,1.046046
1650.447000,1.032969
1650.448000,1.069090
1650.449000,0.959775
1650.450000,0.924692
1650.451000,0.967443
1650.452000,0.954629
1650.453000,0.949054
1650.454000,0.953787
1650.455000,0.862424
1650.456000,0.729584
1650.457000,0.676971
1650.458000,0.586881
1650.459000,0.709756
1650.460000,0.626584
1650.461000,0.660082
1650.462000,0.638518
1650.463000,0.615784
1650.464000,0.822248
1650.465000,0.790947
1650.466000,0.829603
1650.467000,0.729147
1650.468000,0.827735
1650.469000,0.736854
1650.470000,0.707235
1650.471000,0.713640
1650.472000,0.645140
1650.473000,0.913743
1650.474000,0.928671
1650.475000,0.889706
1650.476000,0.909263
1650.477000,0.946690
1650.478000,0.785941
1650.479000,0.841282
1650.480000,0.886741
1650.481000,0.865603
1650.482000,0.743232
1650.483000,0.595640
1650.484000,0.486586
1650.485000,0.456044
1650.486000,0.416485
1650.487000,0.399821
1650.488000,0.328523
1650.489000,0.191739
1650.490000,0.061209
1650.491000,-0.033702
1650.492000,-0.195437
1650.493000,-0.259215
1650.494000,-0.263909
1650.495000,-0.322582
1650.496000,-0.443040
1650.497000,-0.390029
1650.498000,-0.355320
1650.499000,-0.343511
1650.500000,-0.321298
1650.501000,-0.274152
1650.502000,-0.067456
1650.503000,-0.114434
1650.504000,-0.119546
1650.505000,-0.109500
1650.506000,-0.049090
1650.507000,0.172478
1650.508000,0.193193
1650.509000,0.288815
1650.510000,0.152274
1650.511000,0.275308
1650.512000,0.355656
1650.513000,0.399816
1650.514000,0.437210
1650.515000,0.444338
1650.516000,0.433915
1650.517000,0.370891
1650.518000,0.429470
1650.519000,0.254274
1650.520000,0.466799
1650.521000,0.539707
1650.522000,0.610821
1650.523000,0.765506
1650.524000,0.687254
1650.525000,0.644665
1650.526000,0.712165
1650.527000,0.519932
1650.528000,0.552103
1650.529000,0.748831
1650.530000,0.648798
1650.531000,0.744344
1650.532000,0.870025
1650.533000,0.941662
1650.534000,0.771124
1650.535000,0.751506
1650.536000,0.648400
1650.537000,0.495433
1650.538000,0.471253
1650.539000,0.423862
1650.540000,0.512553
1650.541000,0.426039
1650.542000,0.432082
1650.543000,0.415162
1650.544000,0.462151
1650.545000,0.467675
1650.546000,0.623674
1650.547000,0.619606
1650.548000,0.453932
1650.549000,0.505064
1650.550000,0.552554
1650.551000,0.439853
1650.552000,0.401989
1650.553000,0.194619
1650.554000,0.062408
1650.555000,0.027181
1650.556000,-0.048791
1650.557000,0.015245
1650.558000,-0.173408
1650.559000,-0.216053
1650.560000,-0.420243
1650.561000,-0.555114
1650.562000,-0.457098
1650.563000,-0.695486
1650.564000,-0.679729
1650.565000,-0.970214
1650.566000,-0.836285
1650.567000,-0.773411
1650.568000,-0.671313
1650.569000,-0.611147
1650.570000,-0.719007
1650.571000,-0.611749
1650.572000,-0.677552
1650.573000,-0.756406
1650.574000,-0.723253
1650.575000,-0.733564
1650.576000,-0.746097
1650.577000,-0.737624
1650.578000,-0.597165
1650.579000,-0.776182
1650.580000,-0.768929
1650.581000,-0.756582
1650.582000,-0.922941
1650.583000,-1.014024
1650.584000,-1.156356
1650.585000,-1.401204
1650.586000,-1.405142
1650.587000,-1.397978
1650.588000,-1.295223
1650.589000,-1.259351
1650.590000,-1.144836
1650.591000,-1.124429
1650.592000,-1.225123
1650.593000,-1.180958
1650.594000,-1.090269
1650.595000,-1.142594
1650.596000,-1.244752
1650.597000,-1.198674
1650.598000,-1.332002
1650.599000,-1.382840
1650.600000,-1.536099
1650.601000,-1.335686
1650.602000,-1.104538
1650.603000,-1.202448
1650.604000,-0.988909
1650.605000,-0.895869
1650.606000,-0.822862
1650.607000,-0.557348
1650.608000,-0.657033
1650.609000,-0.785496
1650.610000,-0.785314
1650.611000,-0.720783
1650.612000,-0.712711
1650.613000,-0.633746
1650.614000,-0.522114
1650.615000,-0.655445
1650.616000,-0.554598
1650.617000,-0.516150
1650.618000,-0.512159
1650.619000,-0.407762
1650.620000,-0.372706
1650.621000,-0.315513
1650.622000,-0.278634
1650.623000,-0.406893
1650.624000,-0.372474
1650.625000,-0.403011
1650.626000,-0.398050
1650.627000,-0.480108
1650.628000,-0.612579
1650.629000,-0.612887
1650.630000,-0.548922
1650.631000,-0.369389
1650.632000,-0.341964
1650.633000,-0.306093
1650.634000,-0.312117
1650.635000,-0.112928
1650.636000,0.056007
1650.637000,0.123208
1650.638000,0.130708
1650.639000,0.137506
1650.640000,0.087758
1650.641000,0.033347
1650.642000,0.150341
1650.643000,0.214946
1650.644000,0.254772
1650.645000,0.418448
1650.646000,0.414832
1650.647000,0.314447
1650.648000,0.279672
1650.649000,0.251548
1650.650000,0.307391
1650.651000,0.467841
1650.652000,0.267860
1650.653000,0.215794
1650.654000,0.103026
1650.655000,0.046605
1650.656000,0.051710
1650.657000,0.055364
1650.658000,0.145329
1650.659000,0.200047
1650.660000,0.266597
1650.661000,0.439000
1650.662000,0.452581
1650.663000,0.584858
1650.664000,0.618647
1650.665000,0.686431
1650.666000,0.636968
1650.667000,0.629801
1650.668000,0.772704
1650.669000,0.837446
1650.670000,0.570795
1650.671000,0.537202
1650.672000,0.606676
1650.673000,0.543723
1650.674000,0.454321
1650.675000,0.460432
1650.676000,0.562586
1650.677000,0.872713
1650.678000,0.703629
1650.679000,0.851379
1650.680000,1.053492
1650.681000,1.124729
1650.682000,1.096915
1650.683000,1.014130
1650.684000,0.818281
1650.685000,0.802880
1650.686000,0.792038
1650.687000,0.665500
1650.688000,0.718597
1650.689000,0.695808
1650.690000,0.714182
1650.691000,0.781154
1650.692000,0.838343
1650.693000,1.004100
1650.694000,1.086412
1650.695000,1.027071
1650.696000,0.898117
1650.697000,0.985033
1650.698000,0.938056
1650.699000,0.932883
1650.700000,0.910077
1650.701000,0.809087
1650.702000,0.961137
1650.703000,1.062752
1650.704000,1.102259
1650.705000,1.015078
1650.706000,0.765126
1650.707000,0.700028
1650.708000,0.653643
1650.709000,0.570973
1650.710000,0.513425
1650.711000,0.394255
1650.712000,0.326841
1650.713000,0.426600
1650.714000,0.438142
1650.715000,0.359071
1650.716000,0.229586
1650.717000,0.283988
1650.718000,0.383952
1650.719000,0.367949
1650.720000,0.334761
1650.721000,0.437633
1650.722000,0.643904
1650.723000,0.675644
1650.724000,0.882499
1650.725000,0.635457
1650.726000,0.667871
1650.727000,0.696570
1650.728000,0.588226
1650.729000,0.552955
1650.730000,0.509791
1650.731000,0.446358
1650.732000,0.470423
1650.733000,0.390012
1650.734000,0.337898
1650.735000,0.453767
1650.736000,0.380656
1650.737000,0.231422
1650.738000,0.286321
1650.739000,0.271233
1650.740000,0.302809
1650.741000,0.452610
1650.742000,0.479157
1650.743000,0.304726
1650.744000,0.380084
1650.745000,0.283349
1650.746000,0.342898
1650.747000,0.315583
1650.748000,0.415691
1650.749000,0.288547
1650.750000,0.210005
1650.751000,0.346884
1650.752000,0.593896
1650.753000,0.628018
1650.754000,0.602905
1650.755000,0.648569
1650.756000,0.522645
1650.757000,0.482769
1650.758000,0.450945
1650.759000,0.382186
1650.760000,0.275393
1650.761000,0.082217
1650.762000,0.029916
1650.763000,-0.019352
1650.764000,-0.022091
1650.765000,-0.019885
1650.766000,0.035044
1650.767000,-0.246778
1650.768000,-0.169667
1650.769000,-0.246989
1650.770000,-0.299968
1650.771000,-0.269014
1650.772000,-0.208619
1650.773000,-0.184273
1650.774000,-0.196260
1650.775000,-0.194396
1650.776000,-0.118732
1650.777000,-0.083053
1650.778000,-0.032434
1650.779000,-0.126045
1650.780000,-0.048423
1650.781000,-0.056572
1650.782000,-0.029875
1650.783000,-0.014572
1650.784000,-0.120345
1650.785000,0.011984
1650.786000,0.102580
1650.787000,-0.023691
1650.788000,0.035328
1650.789000,-0.224204
1650.790000,-0.256369
1650.791000,-0.344656
1650.792000,-0.275787
1650.793000,-0.354825
1650.794000,-0.234995
1650.795000,-0.184266
1650.796000,-0.165522
1650.797000,-0.213041
1650.798000,-0.186265
1650.799000,-0.343696
1650.800000,-0.611222
1650.801000,-0.456261
1650.802000,-0.459255
1650.803000,-0.531422
1650.804000,-0.545821
1650.805000,-0.470025
1650.806000,-0.625653
1650.807000,-0.661211
1650.808000,-0.709497
1650.809000,-0.885014
1650.810000,-0.843029
1650.811000,-0.911721
1650.812000,-0.803057
1650.813000,-0.641843
1650.814000,-0.613661
1650.815000,-0.703031
1650.816000,-0.688810
1650.817000,-0.555548
1650.818000,-0.542644
1650.819000,-0.430795
1650.820000,-0.498781
1650.821000,-0.433760
1650.822000,-0.279864
1650.823000,-0.177116
1650.824000,-0.029209
1650.825000,-0.058364
1650.826000,-0.202616
1650.827000,-0.205593
1650.828000,-0.376001
1650.829000,-0.335905
1650.830000,-0.238482
1650.831000,-0.221137
1650.832000,-0.331045
1650.833000,-0.388782
1650.834000,-0.398036
1650.835000,-0.348059
1650.836000,-0.341916
1650.837000,-0.381321
1650.838000,-0.417848
1650.839000,-0.176210
1650.840000,-0.260300
1650.841000,-0.266130
1650.842000,-0.233476
1650.843000,-0.212734
1650.844000,-0.332962
1650.845000,-0.285354
1650.846000,-0.293836
1650.847000,-0.291773
1650.848000,-0.269003
1650.849000,-0.243359
1650.850000,-0.254809
1650.851000,-0.281604
1650.852000,-0.295145
1650.853000,-0.236988
1650.854000,-0.229143
1650.855000,-0.165891
1650.856000,-0.174813
1650.857000,-0.226732
1650.858000,-0.209074
1650.859000,-0.156046
1650.860000,-0.299054
1650.861000,-0.221440
1650.862000,-0.156803
1650.863000,-0.142745
1650.864000,0.005745
1650.865000,-0.039673
1650.866000,0.118548
1650.867000,0.011870
1650.868000,-0.045753
1650.869000,-0.087361
1650.870000,-0.190821
1650.871000,-0.255902
1650.872000,-0.166452
1650.873000,-0.119824
1650.874000,-0.013841
1650.875000,0.174674
1650.876000,0.024283
1650.877000,-0.175863
1650.878000,-0.291619
1650.879000,-0.061267
1650.880000,-0.079062
1650.881000,-0.093980
1650.882000,-0.165768
1650.883000,-0.244549
1650.884000,-0.126388
1650.885000,-0.268565
1650.886000,-0.223681
1650.887000,-0.103120
1650.888000,-0.168550
1650.889000,-0.216883
1650.890000,-0.261117
1650.891000,-0.222508
1650.892000,-0.189790
1650.893000,-0.180962
1650.894000,0.067367
1650.895000,0.060387
1650.896000,-0.004638
1650.897000,0.103459
1650.898000,0.198149
1650.899000,0.155661
1650.900000,0.149728
1650.901000,0.171074
1650.902000,0.053823
1650.903000,0.035604
1650.904000,0.290447
1650.905000,0.468121
1650.906000,0.539025
1650.907000,0.573890
1650.908000,0.519599
1650.909000,0.453767
1650.910000,0.315140
1650.911000,0.540903
1650.912000,0.686877
1650.913000,0.682954
1650.914000,0.868192
1650.915000,0.769586
1650.916000,0.482275
1650.917000,0.552153
1650.918000,0.586962
1650.919000,0.560821
1650.920000,0.483977
1650.921000,0.597840
1650.922000,0.648567
1650.923000,0.744329
1650.924000,0.770366
1650.925000,0.815299
1650.926000,0.924702
1650.927000,1.065216
1650.928000,0.977851
1650.929000,0.936606
1650.930000,0.961023
1650.931000,0.838475
1650.932000,0.833201
1650.933000,0.737289
1650.934000,0.670349
1650.935000,0.555578
1650.936000,0.651116
1650.937000,0.467093
1650.938000,0.254744
1650.939000,0.316510
1650.940000,0.244472
1650.941000,0.228184
1650.942000,0.148272
1650.943000,0.030415
1650.944000,-0.040261
1650.945000,-0.148480
1650.946000,-0.186433
1650.947000,-0.180465
1650.948000,-0.186099
1650.949000,-0.199122
1650.950000,-0.156697
1650.951000,-0.124398
1650.952000,-0.111688
1650.953000,-0.083636
1650.954000,-0.216179
1650.955000,-0.192381
1650.956000,-0.116039
1650.957000,-0.205389
1650.958000,-0.136322
1650.959000,-0.249521
1650.960000,-0.185017
1650.961000,-0.160168
1650.962000,-0.406320
1650.963000,-0.435870
1650.964000,-0.561315
1650.965000,-0.436834
1650.966000,-0.554140
1650.967000,-0.504902
1650.968000,-0.367497
1650.969000,-0.355470
1650.970000,-0.421239
1650.971000,-0.497880
1650.972000,-0.401041
1650.973000,-0.467598
1650.974000,-0.623335
1650.975000,-0.545182
1650.976000,-0.411122
1650.977000,-0.345180
1650.978000,-0.329567
1650.979000,-0.297621
1650.980000,-0.236924
1650.981000,-0.204292
1650.982000,-0.221355
1650.983000,-0.303714
1650.984000,-0.383233
1650.985000,-0.570237
1650.986000,-0.394524
1650.987000,-0.390145
1650.988000,-0.385330
1650.989000,-0.239702
1650.990000,-0.319334
1650.991000,-0.439572
1650.992000,-0.472894
1650.993000,-0.455267
1650.994000,-0.435430
1650.995000,-0.375920
1650.996000,-0.355227
1650.997000,-0.392087
1650.998000,-0.583788
1650.999000,-0.589309
1651.000000,-0.547229
1651.001000,-0.386149
1651.002000,-0.498279
1651.003000,-0.367417
1651.004000,-0.310819
1651.005000,-0.134650
1651.006000,-0.288143
1651.007000,-0.131387
1651.008000,-0.265838
1651.009000,-0.257705
1651.010000,-0.136326
1651.011000,-0.109681
1651.012000,-0.131794
1651.013000,-0.210623
1651.014000,-0.169493
1651.015000,-0.253616
1651.016000,-0.272290
1651.017000,-0.162766
1651.018000,0.013035
1651.019000,0.046701
1651.020000,0.070817
1651.021000,-0.002877
1651.022000,-0.234418
1651.023000,-0.188121
1651.024000,-0.162831
1651.025000,-0.167771
1651.026000,-0.250174
1651.027000,-0.258747
1651.028000,-0.175223
1651.029000,-0.103224
1651.030000,-0.137025
1651.031000,0.025011
1651.032000,-0.183684
1651.033000,-0.057387
1651.034000,-0.105886
1651.035000,0.008926
1651.036000,-0.044318
1651.037000,-0.069199
1651.038000,0.013403
1651.039000,0.044217
1651.040000,0.045434
1651.041000,-0.117964
1651.042000,-0.097038
1651.043000,0.036464
1651.044000,0.091879
1651.045000,0.103892
1651.046000,0.135849
1651.047000,0.215778
1651.048000,0.233063
1651.049000,0.268224
1651.050000,0.177976
1651.051000,0.052884
1651.052000,0.171377
1651.053000,0.000724
1651.054000,-0.020017
1651.055000,-0.016441
1651.056000,-0.220021
1651.057000,-0.257841
1651.058000,-0.456374
1651.059000,-0.560393
1651.060000,-0.485125
1651.061000,-0.533198
1651.062000,-0.709951
1651.063000,-0.678220
1651.064000,-0.720861
1651.065000,-0.667823
1651.066000,-0.758669
1651.067000,-0.646670
1651.068000,-0.551718
1651.069000,-0.459315
1651.070000,-0.532634
1651.071000,-0.472399
1651.072000,-0.609162
1651.073000,-0.585446
1651.074000,-0.684125
1651.075000,-0.599193
1651.076000,-0.460618
1651.077000,-0.489489
1651.078000,-0.403776
1651.079000,-0.422692
1651.080000,-0.435772
1651.081000,-0.312614
1651.082000,-0.231282
1651.083000,-0.184492
1651.084000,-0.251883
1651.085000,-0.301242
1651.086000,-0.559648
1651.087000,-0.629233
1651.088000,-0.485024
1651.089000,-0.505701
1651.090000,-0.574986
1651.091000,-0.543491
1651.092000,-0.425755
1651.093000,-0.313310
1651.094000,-0.210895
1651.095000,-0.025575
1651.096000,0.263407
1651.097000,0.273423
1651.098000,0.362124
1651.099000,0.512845
1651.100000,0.551833
1651.101000,0.642403
1651.102000,0.593055
1651.103000,0.524933
1651.104000,0.509783
1651.105000,0.467729
1651.106000,0.421275
1651.107000,0.616382
1651.108000,0.419710
1651.109000,0.455823
1651.110000,0.401141
1651.111000,0.282848
1651.112000,0.342909
1651.113000,0.518021
1651.114000,0.717919
1651.115000,0.828413
1651.116000,0.835634
1651.117000,0.699453
1651.118000,0.846184
1651.119000,0.752963
1651.120000,0.736718
1651.121000,0.710501
1651.122000,0.668789
1651.123000,0.624046
1651.124000,0.381337
1651.125000,0.143458
1651.126000,0.344157
1651.127000,0.267295
1651.128000,0.304496
1651.129000,0.211255
1651.130000,0.249055
1651.131000,0.162276
1651.132000,0.124197
1651.133000,0.232026
1651.134000,0.304704
1651.135000,0.281194
1651.136000,0.367365
1651.137000,0.166791
1651.138000,0.352162
1651.139000,0.441728
1651.140000,0.291524
1651.141000,0.285963
1651.142000,0.165324
1651.143000,0.265725
1651.144000,0.120579
1651.145000,0.103977
1651.146000,0.105254
1651.147000,0.188757
1651.148000,0.362825
1651.149000,0.450735
1651.150000,0.429894
1651.151000,0.690777
1651.152000,0.860592
1651.153000,0.761856
1651.154000,0.743789
1651.155000,0.829002
1651.156000,0.942448
1651.157000,0.896111
1651.158000,0.973716
1651.159000,1.013014
1651.160000,0.873914
1651.161000,0.919560
1651.162000,0.827465
1651.163000,0.965672
1651.164000,0.903111
1651.165000,0.733544
1651.166000,0.724018
1651.167000,0.687307
1651.168000,0.747838
1651.169000,0.836833
1651.170000,0.890454
1651.171000,0.830084
1651.172000,0.613377
1651.173000,0.539574
1651.174000,0.466984
1651.175000,0.452896
1651.176000,0.426799
1651.177000,0.406704
1651.178000,0.428792
1651.179000,0.374654
1651.180000,0.173075
1651.181000,0.041512
1651.182000,-0.002439
1651.183000,-0.100573
1651.184000,-0.279973
1651.185000,-0.179099
1651.186000,-0.148040
1651.187000,0.203436
1651.188000,0.223104
1651.189000,0.097337
1651.190000,-0.016514
1651.191000,-0.136594
1651.192000,-0.064912
1651.193000,-0.083420
1651.194000,-0.233678
1651.195000,0.004630
1651.196000,0.098793
1651.197000,-0.008632
1651.198000,-0.009155
1651.199000,0.017387
1651.200000,0.001750
1651.201000,0.090294
1651.202000,0.050538
1651.203000,0.351028
1651.204000,0.243627
1651.205000,0.188485
1651.206000,0.263486
1651.207000,0.337660
1651.208000,0.283938
1651.209000,0.228527
1651.210000,0.237932
1651.211000,0.419573
1651.212000,0.236702
1651.213000,0.214899
1651.214000,0.206629
1651.215000,0.323777
1651.216000,0.376190
1651.217000,0.299396
1651.218000,0.335691
1651.219000,0.303414
1651.220000,0.283069
1651.221000,0.464926
1651.222000,0.574142
1651.223000,0.523625
1651.224000,0.685724
1651.225000,0.590942
1651.226000,0.676257
1651.227000,0.771943
1651.228000,0.800250
1651.229000,0.801537
1651.230000,0.853530
1651.231000,0.888992
1651.232000,0.921652
1651.233000,0.999200
1651.234000,0.921766
1651.235000,0.799801
1651.236000,0.728660
1651.237000,0.820028
1651.238000,0.756426
1651.239000,0.780471
1651.240000,0.695647
1651.241000,0.674773
1651.242000,0.733179
1651.243000,0.686099
1651.244000,0.548450
1651.245000,0.351178
1651.246000,0.443471
1651.247000,0.457103
1651.248000,0.557256
1651.249000,0.725655
1651.250000,0.803380
1651.251000,0.799065
1651.252000,0.714788
1651.253000,0.753472
1651.254000,0.596522
1651.255000,0.576087
1651.256000,0.584670
1651.257000,0.711940
1651.258000,0.651453
1651.259000,0.755083
1651.260000,0.694527
1651.261000,0.564480
1651.262000,0.336781
1651.263000,0.312495
1651.264000,0.223550
1651.265000,0.192066
1651.266000,0.347742
1651.267000,0.391387
1651.268000,0.274963
1651.269000,0.279145
1651.270000,0.325086
1651.271000,0.241870
1651.272000,0.067700
1651.273000,0.175345
1651.274000,0.079764
1651.275000,-0.104405
1651.276000,-0.301389
1651.277000,-0.466641
1651.278000,-0.695961
1651.279000,-0.798105
1651.280000,-0.852875
1651.281000,-0.772206
1651.282000,-0.703629
1651.283000,-0.595385
1651.284000,-0.607293
1651.285000,-0.647252
1651.286000,-0.756871
1651.287000,-0.777170
1651.288000,-0.645522
1651.289000,-0.746075
1651.290000,-0.823332
1651.291000,-0.711452
1651.292000,-0.705471
1651.293000,-0.496762
1651.294000,-0.455964
1651.295000,-0.366952
1651.296000,-0.271783
1651.297000,-0.211021
1651.298000,-0.152170
1651.299000,-0.234315
1651.300000,-0.320850
1651.301000,-0.374604
1651.302000,-0.534426
1651.303000,-0.721795
1651.304000,-0.479481
1651.305000,-0.394099
1651.306000,-0.431857
1651.307000,-0.563480
1651.308000,-0.665155
1651.309000,-0.712838
1651.310000,-0.692804
1651.311000,-0.865974
1651.312000,-0.769227
1651.313000,-0.893845
1651.314000,-0.942088
1651.315000,-0.960157
1651.316000,-0.780849
1651.317000,-0.698021
1651.318000,-0.769668
1651.319000,-0.786679
1651.320000,-0.786392
1651.321000,-1.000920
1651.322000,-1.030584
1651.323000,-0.881185
1651.324000,-0.915936
1651.325000,-1.033794
1651.326000,-0.850515
1651.327000,-0.721910
1651.328000,-0.713884
1651.329000,-0.532202
1651.330000,-0.607429
1651.331000,-0.684728
1651.332000,-0.752210
1651.333000,-0.716395
1651.334000,-0.603492
1651.335000,-0.665174
1651.336000,-0.675359
1651.337000,-0.613587
1651.338000,-0.724444
1651.339000,-0.820393
1651.340000,-0.857700
1651.341000,-0.725440
1651.342000,-0.819618
1651.343000,-0.829858
1651.344000,-0.876172
1651.345000,-0.679589
1651.346000,-0.690030
1651.347000,-0.674903
1651.348000,-0.755891
1651.349000,-0.828684
1651.350000,-0.735676
1651.351000,-0.640839
1651.352000,-0.669097
1651.353000,-0.477050
1651.354000,-0.495691
1651.355000,-0.572302
1651.356000,-0.778948
1651.357000,-0.823605
1651.358000,-0.754477
1651.359000,-0.802639
1651.360000,-0.702113
1651.361000,-0.855064
1651.362000,-0.925403
1651.363000,-0.933623
1651.364000,-0.843188
1651.365000,-0.979993
1651.366000,-0.958610
1651.367000,-1.001328
1651.368000,-0.876879
1651.369000,-0.891940
1651.370000,-0.899217
1651.371000,-1.144599
1651.372000,-1.095551
1651.373000,-1.071534
1651.374000,-0.977297
1651.375000,-1.049727
1651.376000,-0.915070
1651.377000,-0.666406
1651.378000,-0.678197
1651.379000,-0.552885
1651.380000,-0.562156
1651.381000,-0.520319
1651.382000,-0.548621
1651.383000,-0.558511
1651.384000,-0.501785
1651.385000,-0.330890
1651.386000,-0.486099
1651.387000,-0.545506
1651.388000,-0.514478
1651.389000,-0.377063
1651.390000,-0.391055
1651.391000,-0.387304
1651.392000,-0.435539
1651.393000,-0.437069
1651.394000,-0.427392
1651.395000,-0.611822
1651.396000,-0.479639
1651.397000,-0.227583
1651.398000,-0.207930
1651.399000,-0.234902
1651.400000,-0.026123
1651.401000,0.085161
1651.402000,0.134479
1651.403000,0.130063
1651.404000,0.036105
1651.405000,0.131321
1651.406000,0.198244
1651.407000,0.231341
1651.408000,0.285021
1651.409000,0.281972
1651.410000,0.256214
1651.411000,0.283667
1651.412000,0.232769
1651.413000,0.212495
1651.414000,0.276520
1651.415000,0.331113
1651.416000,0.243884
1651.417000,0.402818
1651.418000,0.205187
1651.419000,0.262645
1651.420000,0.272610
1651.421000,0.346475
1651.422000,0.482679
1651.423000,0.496363
1651.424000,0.595645
1651.425000,0.732296
1651.426000,0.718073
1651.427000,0.697011
1651.428000,0.798356
1651.429000,0.759340
1651.430000,0.822139
1651.431000,0.762381
1651.432000,0.635886
1651.433000,0.738835
1651.434000,0.919602
1651.435000,0.899849
1651.436000,0.895809
1651.437000,0.728994
1651.438000,0.617575
1651.439000,0.578191
1651.440000,0.594022
1651.441000,0.735350
1651.442000,0.759053
1651.443000,0.752617
1651.444000,0.906229
1651.445000,0.978652
1651.446000,0.997787
1651.447000,1.158183
1651.448000,1.327836
1651.449000,1.317832
1651.450000,1.397155
1651.451000,1.529310
1651.452000,1.439025
1651.453000,1.365429
1651.454000,1.307562
1651.455000,1.327044
1651.456000,1.200221
1651.457000,1.196645
1651.458000,1.224924
1651.459000,1.105741
1651.460000,1.180348
1651.461000,1.011089
1651.462000,1.031890
1651.463000,0.877031
1651.464000,0.781444
1651.465000,0.932606
1651.466000,0.845327
1651.467000,0.705124
1651.468000,0.645737
1651.469000,0.835462
1651.470000,0.760586
1651.471000,0.781228
1651.472000,0.647553
1651.473000,0.560318
1651.474000,0.692900
1651.475000,1.005098
1651.476000,0.941561
1651.477000,0.830623
1651.478000,0.758493
1651.479000,0.728369
1651.480000,0.548462
1651.481000,0.522697
1651.482000,0.558267
1651.483000,0.444594
1651.484000,0.577146
1651.485000,0.800265
1651.486000,0.828984
1651.487000,1.019668
1651.488000,0.739844
1651.489000,0.824874
1651.490000,0.652885
1651.491000,0.702237
1651.492000,0.740795
1651.493000,0.535894
1651.494000,0.541770
1651.495000,0.551866
1651.496000,0.567881
1651.497000,0.769711
1651.498000,0.773406
1651.499000,0.682199
1651.500000,0.626415
1651.501000,0.705638
1651.502000,0.664725
1651.503000,0.535916
1651.504000,0.406043
1651.505000,0.398266
1651.506000,0.318520
1651.507000,0.262818
1651.508000,0.255332
1651.509000,0.100641
1651.510000,0.094946
1651.511000,0.087702
1651.512000,-0.026836
1651.513000,-0.071376
1651.514000,-0.182397
1651.515000,-0.058936
1651.516000,-0.081946
1651.517000,-0.208329
1651.518000,-0.265847
1651.519000,-0.413027
1651.520000,-0.349121
1651.521000,-0.280383
1651.522000,-0.268153
1651.523000,-0.337964
1651.524000,-0.353439
1651.525000,-0.571806
1651.526000,-0.628548
1651.527000,-0.725458
1651.528000,-0.674056
1651.529000,-0.697524
1651.530000,-0.773681
1651.531000,-0.693020
1651.532000,-0.684797
1651.533000,-0.603158
1651.534000,-0.520827
1651.535000,-0.468196
1651.536000,-0.511417
1651.537000,-0.500761
1651.538000,-0.450481
1651.539000,-0.493738
1651.540000,-0.393849
1651.541000,-0.497341
1651.542000,-0.430327
1651.543000,-0.476900
1651.544000,-0.506733
1651.545000,-0.521228
1651.546000,-0.390622
1651.547000,-0.423072
1651.548000,-0.512758
1651.549000,-0.456424
1651.550000,-0.458483
1651.551000,-0.579448
1651.552000,-0.615005
1651.553000,-0.552994
1651.554000,-0.592556
1651.555000,-0.498481
1651.556000,-0.557506
1651.557000,-0.626659
1651.558000,-0.809304
1651.559000,-0.819062
1651.560000,-0.876012
1651.561000,-0.768758
1651.562000,-0.793256
1651.563000,-0.646717
1651.564000,-0.733163
1651.565000,-0.875001
1651.566000,-0.979539
1651.567000,-1.244700
1651.568000,-1.193895
1651.569000,-1.369697
1651.570000,-1.213472
1651.571000,-1.092023
1651.572000,-1.114920
1651.573000,-1.103950
1651.574000,-0.888078
1651.575000,-0.623576
1651.576000,-0.537458
1651.577000,-0.479891
1651.578000,-0.426030
1651.579000,-0.466788
1651.580000,-0.458740
1651.581000,-0.471389
1651.582000,-0.554679
1651.583000,-0.511498
1651.584000,-0.405591
1651.585000,-0.200552
1651.586000,-0.248574
1651.587000,-0.044179
1651.588000,-0.183722
1651.589000,-0.271244
1651.590000,-0.339423
1651.591000,-0.340100
1651.592000,-0.479159
1651.593000,-0.595826
1651.594000,-0.753367
1651.595000,-0.889456
1651.596000,-0.926283
1651.597000,-0.772903
1651.598000,-0.688022
1651.599000,-0.485394
1651.600000,-0.494170
1651.601000,-0.370156
1651.602000,-0.442977
1651.603000,-0.509899
1651.604000,-0.463937
1651.605000,-0.639242
1651.606000,-0.727089
1651.607000,-0.710727
1651.608000,-0.725193
1651.609000,-0.530894
1651.610000,-0.741366
1651.611000,-0.675667
1651.612000,-0.882764
1651.613000,-0.813699
1651.614000,-0.681065
1651.615000,-0.500950
1651.616000,-0.473223
1651.617000,-0.506394
1651.618000,-0.493888
1651.619000,-0.582552
1651.620000,-0.674358
1651.621000,-0.499867
1651.622000,-0.322950
1651.623000,-0.200066
1651.624000,-0.235768
1651.625000,-0.232586
1651.626000,-0.232862
1651.627000,-0.390424
1651.628000,-0.393965
1651.629000,-0.438311
1651.630000,-0.454459
1651.631000,-0.478203
1651.632000,-0.296716
1651.633000,-0.239492
1651.634000,-0.230372
1651.635000,-0.262631
1651.636000,-0.159888
1651.637000,-0.180666
1651.638000,-0.042250
1651.639000,-0.001196
1651.640000,-0.167966
1651.641000,-0.231294
1651.642000,-0.072777
1651.643000,-0.237192
1651.644000,-0.037592
1651.645000,0.036941
1651.646000,0.034571
1651.647000,-0.003663
1651.648000,-0.102539
1651.649000,-0.186910
1651.650000,0.029886
1651.651000,0.320479
1651.652000,0.291317
1651.653000,0.347228
1651.654000,0.311535
1651.655000,0.340440
1651.656000,0.227267
1651.657000,0.183237
1651.658000,0.192081
1651.659000,0.286878
1651.660000,0.335944
1651.661000,0.502771
1651.662000,0.508660
1651.663000,0.549930
1651.664000,0.470444
1651.665000,0.471101
1651.666000,0.466321
1651.667000,0.548550
1651.668000,0.524160
1651.669000,0.555398
1651.670000,0.451253
1651.671000,0.452509
1651.672000,0.285205
1651.673000,0.315089
1651.674000,0.421726
1651.675000,0.366716
1651.676000,0.193337
1651.677000,0.236365
1651.678000,0.188020
1651.679000,0.359011
1651.680000,0.169002
1651.681000,0.304210
1651.682000,0.262212
1651.683000,0.246133
1651.684000,0.272607
1651.685000,0.263459
1651.686000,0.097573
1651.687000,0.087382
1651.688000,-0.013393
1651.689000,0.068421
1651.690000,0.040871
1651.691000,0.069070
1651.692000,0.026388
1651.693000,0.158611
1651.694000,0.155656
1651.695000,0.052004
1651.696000,0.232743
1651.697000,0.102793
1651.698000,0.225759
1651.699000,0.227429
1651.700000,0.295134
1651.701000,0.254486
1651.702000,0.046057
1651.703000,-0.067257
1651.704000,-0.295499
1651.705000,-0.254230
1651.706000,-0.255898
1651.707000,-0.269126
1651.708000,-0.408230
1651.709000,-0.309664
1651.710000,-0.233702
1651.711000,-0.151317
1651.712000,-0.093445
1651.713000,-0.236155
1651.714000,-0.155733
1651.715000,-0.256618
1651.716000,-0.324313
1651.717000,-0.363868
1651.718000,-0.418930
1651.719000,-0.327948
1651.720000,-0.383679
1651.721000,-0.530021
1651.722000,-0.447997
1651.723000,-0.368221
1651.724000,-0.258284
1651.725000,-0.103847
1651.726000,-0.115846
1651.727000,-0.103459
1651.728000,-0.189033
1651.729000,-0.100959
1651.730000,-0.149446
1651.731000,-0.084433
1651.732000,-0.108832
1651.733000,-0.197187
1651.734000,-0.246402
1651.735000,-0.370146
1651.736000,-0.313841
1651.737000,-0.106814
1651.738000,-0.138023
1651.739000,-0.070095
1651.740000,-0.190953
1651.741000,-0.025899
1651.742000,-0.062671
1651.743000,-0.029969
1651.744000,-0.124698
1651.745000,-0.202489
1651.746000,0.022548
1651.747000,-0.016645
1651.748000,-0.056661
1651.749000,-0.044255
1651.750000,-0.014034
1651.751000,-0.142528
1651.752000,-0.127557
1651.753000,0.087233
1651.754000,0.080412
1651.755000,0.100441
1651.756000,0.221065
1651.757000,0.217896
1651.758000,0.196643
1651.759000,0.042697
1651.760000,0.053849
1651.761000,-0.149149
1651.762000,-0.143487
1651.763000,-0.012833
1651.764000,-0.070965
1651.765000,-0.172571
1651.766000,-0.126122
1651.767000,-0.255651
1651.768000,-0.212611
1651.769000,-0.192257
1651.770000,-0.104976
1651.771000,-0.170643
1651.772000,-0.267005
1651.773000,-0.321870
1651.774000,-0.381517
1651.775000,-0.268157
1651.776000,-0.198982
1651.777000,-0.081095
1651.778000,-0.070780
1651.779000,-0.050880
1651.780000,0.003136
1651.781000,-0.038101
1651.782000,0.076945
1651.783000,0.053564
1651.784000,-0.012248
1651.785000,-0.120152
1651.786000,-0.100314
1651.787000,0.038174
1651.788000,-0.049644
1651.789000,-0.138806
1651.790000,-0.202499
1651.791000,-0.210045
1651.792000,-0.046291
1651.793000,-0.066259
1651.794000,-0.278946
1651.795000,-0.160705
1651.796000,-0.134087
1651.797000,0.109539
1651.798000,0.049999
1651.799000,0.048810
1651.800000,0.092017
1651.801000,0.175495
1651.802000,0.113783
1651.803000,0.152771
1651.804000,0.095234
1651.805000,0.140264
1651.806000,0.000610
1651.807000,0.140702
1651.808000,-0.005285
1651.809000,0.029176
1651.810000,0.010539
1651.811000,-0.040286
1651.812000,-0.068366
1651.813000,-0.023241
1651.814000,0.030092
1651.815000,0.044250
1651.816000,0.263111
1651.817000,0.243251
1651.818000,0.275022
1651.819000,0.362687
1651.820000,0.313109
1651.821000,0.326898
1651.822000,0.247471
1651.823000,0.195546
1651.824000,0.145688
1651.825000,0.048429
1651.826000,0.132018
1651.827000,0.095050
1651.828000,0.043934
1651.829000,0.057577
1651.830000,0.179074
1651.831000,0.231399
1651.832000,0.307914
1651.833000,0.226879
1651.834000,0.217797
1651.835000,0.346317
1651.836000,0.282588
1651.837000,0.232495
1651.838000,0.329343
1651.839000,0.352256
1651.840000,0.247433
1651.841000,0.292461
1651.842000,0.155653
1651.843000,0.119880
1651.844000,-0.028754
1651.845000,0.060956
1651.846000,0.005421
1651.847000,-0.209649
1651.848000,-0.315177
1651.849000,-0.381124
1651.850000,-0.314187
1651.851000,-0.243938
1651.852000,-0.531741
1651.853000,-0.561286
1651.854000,-0.464281
1651.855000,-0.460087
1651.856000,-0.354346
1651.857000,-0.548448
1651.858000,-0.489633
1651.859000,-0.337049
1651.860000,-0.231887
1651.861000,-0.107059
1651.862000,0.083326
1651.863000,0.177889
1651.864000,0.302987
1651.865000,0.159711
1651.866000,0.284354
1651.867000,0.293609
1651.868000,0.318228
1651.869000,0.295870
1651.870000,0.285867
1651.871000,0.235174
1651.872000,0.099758
1651.873000,0.113361
1651.874000,0.058879
1651.875000,0.082165
1651.876000,-0.078902
1651.877000,-0.041428
1651.878000,-0.100064
1651.879000,-0.233985
1651.880000,-0.251629
1651.881000,-0.217877
1651.882000,-0.093786
1651.883000,0.094294
1651.884000,0.110165
1651.885000,0.199702
1651.886000,0.317326
1651.887000,0.173786
1651.888000,0.164485
1651.889000,0.124193
1651.890000,0.015001
1651.891000,0.082473
1651.892000,-0.043310
1651.893000,-0.089797
1651.894000,-0.186250
1651.895000,-0.118477
1651.896000,-0.311028
1651.897000,-0.214674
1651.898000,-0.335189
1651.899000,-0.370672
1651.900000,-0.439160
1651.901000,-0.580268
1651.902000,-0.553858
1651.903000,-0.396372
1651.904000,-0.554239
1651.905000,-0.506276
1651.906000,-0.504438
1651.907000,-0.395774
1651.908000,-0.479428
1651.909000,-0.440248
1651.910000,-0.576280
1651.911000,-0.650356
1651.912000,-0.678632
1651.913000,-0.500251
1651.914000,-0.622033
1651.915000,-0.784990
1651.916000,-0.827969
1651.917000,-0.901435
1651.918000,-0.793890
1651.919000,-0.717793
1651.920000,-0.764139
1651.921000,-0.759918
1651.922000,-0.810990
1651.923000,-0.660253
1651.924000,-0.749385
1651.925000,-0.712209
1651.926000,-0.707182
1651.927000,-0.616619
1651.928000,-0.733169
1651.929000,-0.662907
1651.930000,-0.784282
1651.931000,-0.802334
1651.932000,-0.727485
1651.933000,-0.755538
1651.934000,-0.788930
1651.935000,-0.828475
1651.936000,-0.819018
1651.937000,-0.724814
1651.938000,-0.649023
1651.939000,-0.650680
1651.940000,-0.545756
1651.941000,-0.439511
1651.942000,-0.340726
1651.943000,-0.411847
1651.944000,-0.500564
1651.945000,-0.561467
1651.946000,-0.434794
1651.947000,-0.614368
1651.948000,-0.634444
1651.949000,-0.623966
1651.950000,-0.710985
1651.951000,-0.678020
1651.952000,-0.770096
1651.953000,-0.746160
1651.954000,-0.689734
1651.955000,-0.727285
1651.956000,-0.764879
1651.957000,-0.747014
1651.958000,-0.758880
1651.959000,-0.723963
1651.960000,-0.676347
1651.961000,-0.633798
1651.962000,-0.550410
1651.963000,-0.470974
1651.964000,-0.559280
1651.965000,-0.631033
1651.966000,-0.591100
1651.967000,-0.451247
1651.968000,-0.444125
1651.969000,-0.515779
1651.970000,-0.482054
1651.971000,-0.535875
1651.972000,-0.507682
1651.973000,-0.654723
1651.974000,-0.534197
1651.975000,-0.636163
1651.976000,-0.618331
1651.977000,-0.499433
1651.978000,-0.597348
1651.979000,-0.554234
1651.980000,-0.505395
1651.981000,-0.265242
1651.982000,-0.255999
1651.983000,-0.148337
1651.984000,-0.164816
1651.985000,-0.092224
1651.986000,-0.144369
1651.987000,-0.001743
1651.988000,-0.047045
1651.989000,0.224988
1651.990000,0.112537
1651.991000,0.134984
1651.992000,0.218585
1651.993000,0.434701
1651.994000,0.675735
1651.995000,0.865277
1651.996000,1.010559
1651.997000,1.067734
1651.998000,0.911018
1651.999000,1.022763
1652.000000,1.205825
1652.001000,1.320029
1652.002000,1.373127
1652.003000,1.401504
1652.004000,1.584654
1652.005000,1.562432
1652.006000,1.530288
1652.007000,1.442236
1652.008000,1.525429
1652.009000,1.573435
1652.010000,1.568220
1652.011000,1.684503
1652.012000,1.684869
1652.013000,1.629375
1652.014000,1.672251
1652.015000,1.775706
1652.016000,1.875798
1652.017000,2.046378
1652.018000,1.997734
1652.019000,1.825754
1652.020000,1.677686
1652.021000,1.776932
1652.022000,1.802726
1652.023000,1.860254
1652.024000,1.871539
1652.025000,1.868598
1652.026000,1.860338
1652.027000,1.833444
1652.028000,1.812604
1652.029000,1.726241
1652.030000,1.742540
1652.031000,1.639073
1652.032000,1.612807
1652.033000,1.561494
1652.034000,1.664604
1652.035000,1.735076
1652.036000,1.810725
1652.037000,1.762993
1652.038000,1.494603
1652.039000,1.516819
1652.040000,1.511822
1652.041000,1.615855
1652.042000,1.611644
1652.043000,1.481342
1652.044000,1.572486
1652.045000,1.611838
1652.046000,1.407475
1652.047000,1.333398
1652.048000,1.216168
1652.049000,1.292320
1652.050000,1.223542
1652.051000,1.208370
1652.052000,1.197423
1652.053000,0.915135
1652.054000,1.007217
1652.055000,0.978320
1652.056000,1.054516
1652.057000,1.078828
1652.058000,0.896239
1652.059000,0.996251
1652.060000,1.002715
1652.061000,1.004379
1652.062000,0.936391
1652.063000,0.875701
1652.064000,0.925480
1652.065000,0.880074
1652.066000,0.862700
1652.067000,0.867777
1652.068000,0.900295
1652.069000,0.926830
1652.070000,0.986937
1652.071000,1.098573
1652.072000,1.007892
1652.073000,1.038793
1652.074000,1.104765
1652.075000,0.998927
1652.076000,1.089079
1652.077000,1.060272
1652.078000,1.129842
1652.079000,1.249777
1652.080000,1.178241
1652.081000,0.916877
1652.082000,0.974518
1652.083000,1.105961
1652.084000,1.101278
1652.085000,1.252406
1652.086000,1.133004
1652.087000,1.147733
1652.088000,1.056584
1652.089000,1.025501
1652.090000,0.941619
1652.091000,0.758945
1652.092000,0.738947
1652.093000,0.980342
1652.094000,1.208884
1652.095000,1.072073
1652.096000,1.125930
1652.097000,0.955976
1652.098000,0.892664
1652.099000,0.996461
1652.100000,0.839893
1652.101000,0.978800
1652.102000,0.749782
1652.103000,0.798981
1652.104000,0.750930
1652.105000,0.933026
1652.106000,1.161545
1652.107000,1.044624
1652.108000,1.008973
1652.109000,0.821786
1652.110000,0.633721
1652.111000,0.527948
1652.112000,0.555329
1652.113000,0.557932
1652.114000,0.556519
1652.115000,0.865220
1652.116000,0.908013
1652.117000,0.931933
1652.118000,0.939477
1652.119000,0.931829
1652.120000,0.951253
1652.121000,0.767758
1652.122000,0.688178
1652.123000,0.531537
1652.124000,0.472879
1652.125000,0.453559
1652.126000,0.604516
1652.127000,0.505359
1652.128000,0.345462
1652.129000,0.373237
1652.130000,0.314316
1652.131000,0.187584
1652.132000,0.141818
1652.133000,-0.100901
1652.134000,-0.215467
1652.135000,-0.199379
1652.136000,-0.213097
1652.137000,-0.409779
1652.138000,-0.367395
1652.139000,-0.243136
1652.140000,-0.282469
1652.141000,-0.239280
1652.142000,-0.191265
1652.143000,-0.040811
1652.144000,-0.135393
1652.145000,-0.284505
1652.146000,-0.381902
1652.147000,-0.384582
1652.148000,-0.404347
1652.149000,-0.454569
1652.150000,-0.504180
1652.151000,-0.436174
1652.152000,-0.472577
1652.153000,-0.473169
1652.154000,-0.413985
1652.155000,-0.310686
1652.156000,-0.198271
1652.157000,-0.279179
1652.158000,-0.395433
1652.159000,-0.536121
1652.160000,-0.632335
1652.161000,-0.704114
1652.162000,-0.882362
1652.163000,-0.857045
1652.164000,-0.815728
1652.165000,-0.864497
1652.166000,-0.844133
1652.167000,-1.009016
1652.168000,-1.034809
1652.169000,-1.007235
1652.170000,-1.008940
1652.171000,-1.298382
1652.172000,-1.301421
1652.173000,-1.334126
1652.174000,-1.364314
1652.175000,-1.337069
1652.176000,-1.337389
1652.177000,-1.328356
1652.178000,-1.377348
1652.179000,-1.664138
1652.180000,-1.664472
1652.181000,-1.527772
1652.182000,-1.646594
1652.183000,-1.524602
1652.184000,-1.457800
1652.185000,-1.298140
1652.186000,-1.196859
1652.187000,-1.026798
1652.188000,-1.041834
1652.189000,-1.197621
1652.190000,-1.075614
1652.191000,-1.036007
1652.192000,-1.170354
1652.193000,-1.139177
1652.194000,-1.057629
1652.195000,-1.193220
1652.196000,-1.217971
1652.197000,-1.175818
1652.198000,-1.029101
1652.199000,-0.964296
1652.200000,-0.954149
1652.201000,-0.997739
1652.202000,-0.899045
1652.203000,-0.942050
1652.204000,-0.999638
1652.205000,-1.103333
1652.206000,-1.295009
1652.207000,-1.461559
1652.208000,-1.410722
1652.209000,-1.423313
1652.210000,-1.262406
1652.211000,-1.160522
1652.212000,-1.192522
1652.213000,-1.128250
1652.214000,-1.177789
1652.215000,-0.960253
1652.216000,-1.049784
1652.217000,-0.894694
1652.218000,-1.003968
1652.219000,-0.991390
1652.220000,-0.793039
1652.221000,-0.626654
1652.222000,-0.870100
1652.223000,-1.073798
1652.224000,-0.971178
1652.225000,-0.947406
1652.226000,-0.976499
1652.227000,-1.033472
1652.228000,-1.070707
1652.229000,-1.109387
1652.230000,-1.151985
1652.231000,-1.071952
1652.232000,-1.002847
1652.233000,-1.076780
1652.234000,-1.236265
1652.235000,-1.175799
1652.236000,-1.136849
1652.237000,-1.253756
1652.238000,-1.094035
1652.239000,-1.141021
1652.240000,-1.221151
1652.241000,-0.932767
1652.242000,-0.949994
1652.243000,-0.907076
1652.244000,-0.970961
1652.245000,-0.950539
1652.246000,-0.837805
1652.247000,-0.808942
1652.248000,-0.952956
1652.249000,-0.868817
1652.250000,-0.836852
1652.251000,-0.784515
1652.252000,-0.657304
1652.253000,-0.729103
1652.254000,-0.742948
1652.255000,-0.542300
1652.256000,-0.515579
1652.257000,-0.413254
1652.258000,-0.368927
1652.259000,-0.482072
1652.260000,-0.640023
1652.261000,-0.541503
1652.262000,-0.619152
1652.263000,-0.647479
1652.264000,-0.681046
1652.265000,-0.678895
1652.266000,-0.487623
1652.267000,-0.554852
1652.268000,-0.580231
1652.269000,-0.598133
1652.270000,-0.543605
1652.271000,-0.590456
1652.272000,-0.610686
1652.273000,-0.497088
1652.274000,-0.441264
1652.275000,-0.574044
1652.276000,-0.564176
1652.277000,-0.398701
1652.278000,-0.450422
1652.279000,-0.471507
1652.280000,-0.448511
1652.281000,-0.481504
1652.282000,-0.496691
1652.283000,-0.410835
1652.284000,-0.389150
1652.285000,-0.265739
1652.286000,-0.123800
1652.287000,-0.063747
1652.288000,0.028424
1652.289000,0.120835
1652.290000,-0.040330
1652.291000,-0.134717
1652.292000,-0.132646
1652.293000,0.016913
1652.294000,-0.083443
1652.295000,-0.099233
1652.296000,0.000467
1652.297000,-0.004099
1652.298000,0.051574
1652.299000,-0.005645
1652.300000,0.035684
1652.301000,0.086576
1652.302000,0.016512
1652.303000,0.134141
1652.304000,0.130356
1652.305000,0.170150
1652.306000,0.195398
1652.307000,0.178212
1652.308000,0.279925
1652.309000,0.455995
1652.310000,0.446222
1652.311000,0.532960
1652.312000,0.386255
1652.313000,0.459117
1652.314000,0.465086
1652.315000,0.521451
1652.316000,0.530179
1652.317000,0.651185
1652.318000,0.602883
1652.319000,0.689897
1652.320000,0.549725
1652.321000,0.546573
1652.322000,0.515798
1652.323000,0.506247
1652.324000,0.486310
1652.325000,0.475788
1652.326000,0.496510
1652.327000,0.588611
1652.328000,0.675871
1652.329000,0.587538
1652.330000,0.702318
1652.331000,0.419967
1652.332000,0.375315
1652.333000,0.402489
1652.334000,0.503822
1652.335000,0.514804
1652.336000,0.654378
1652.337000,0.555998
1652.338000,0.522419
1652.339000,0.543619
1652.340000,0.481483
1652.341000,0.610772
1652.342000,0.490566
1652.343000,0.455047
1652.344000,0.441998
1652.345000,0.395304
1652.346000,0.445049
1652.347000,0.670736
1652.348000,0.853687
1652.349000,0.632752
1652.350000,0.763550
1652.351000,0.697343
1652.352000,0.656055
1652.353000,0.642069
1652.354000,0.654698
1652.355000,0.515546
1652.356000,0.539185
1652.357000,0.704355
1652.358000,0.725064
1652.359000,0.721822
1652.360000,0.663274
1652.361000,0.822957
1652.362000,0.928726
1652.363000,1.035466
1652.364000,0.969378
1652.365000,0.883324
1652.366000,0.787328
1652.367000,0.843880
1652.368000,0.686256
1652.369000,0.738981
1652.370000,0.729817
1652.371000,0.598964
1652.372000,0.541962
1652.373000,0.686295
1652.374000,0.774909
1652.375000,0.939325
1652.376000,0.923619
1652.377000,0.662106
1652.378000,0.693988
1652.379000,0.615453
1652.380000,0.730219
1652.381000,0.633170
1652.382000,0.579735
1652.383000,0.626742
1652.384000,0.424720
1652.385000,0.378808
1652.386000,0.387915
1652.387000,0.270446
1652.388000,0.355520
1652.389000,0.324720
1652.390000,0.329500
1652.391000,0.391984
1652.392000,0.376048
1652.393000,0.462496
1652.394000,0.470919
1652.395000,0.476197
1652.396000,0.490156
1652.397000,0.357702
1652.398000,0.418533
1652.399000,0.438180
1652.400000,0.323705
1652.401000,0.443084
1652.402000,0.436525
1652.403000,0.434129
1652.404000,0.623020
1652.405000,0.670148
1652.406000,0.690200
1652.407000,0.646732
1652.408000,0.842996
1652.409000,0.908038
1652.410000,0.889739
1652.411000,0.825314
1652.412000,0.721702
1652.413000,0.744097
1652.414000,0.706967
1652.415000,0.484449
1652.416000,0.712436
1652.417000,0.474047
1652.418000,0.455943
1652.419000,0.446171
1652.420000,0.344005
1652.421000,0.284907
1652.422000,0.312230
1652.423000,0.277332
1652.424000,0.359276
1652.425000,0.146000
1652.426000,-0.038838
1652.427000,-0.154347
1652.428000,-0.289369
1652.429000,-0.346050
1652.430000,-0.437810
1652.431000,-0.552031
1652.432000,-0.494410
1652.433000,-0.638474
1652.434000,-0.615547
1652.435000,-0.651808
1652.436000,-0.622233
1652.437000,-0.703300
1652.438000,-0.644989
1652.439000,-0.612566
1652.440000,-0.525422
1652.441000,-0.652804
1652.442000,-0.625573
1652.443000,-0.536984
1652.444000,-0.496208
1652.445000,-0.466958
1652.446000,-0.390632
1652.447000,-0.313910
1652.448000,-0.294915
1652.449000,-0.320024
1652.450000,-0.389233
1652.451000,-0.291742
1652.452000,-0.416692
1652.453000,-0.486498
1652.454000,-0.528341
1652.455000,-0.517336
1652.456000,-0.427837
1652.457000,-0.300802
1652.458000,-0.318580
1652.459000,-0.354858
1652.460000,-0.508310
1652.461000,-0.401185
1652.462000,-0.335987
1652.463000,-0.221762
1652.464000,-0.371636
1652.465000,-0.340060
1652.466000,-0.432399
1652.467000,-0.458493
1652.468000,-0.525734
1652.469000,-0.525904
1652.470000,-0.597705
1652.471000,-0.353009
1652.472000,-0.326424
1652.473000,-0.486990
1652.474000,-0.460901
1652.475000,-0.577833
1652.476000,-0.778400
1652.477000,-0.775621
1652.478000,-0.933044
1652.479000,-0.819294
1652.480000,-0.936624
1652.481000,-0.949008
1652.482000,-1.059196
1652.483000,-1.146451
1652.484000,-1.116809
1652.485000,-1.399281
1652.486000,-1.472404
1652.487000,-1.549962
1652.488000,-1.626170
1652.489000,-1.684253
1652.490000,-1.692702
1652.491000,-1.831830
1652.492000,-1.964620
1652.493000,-1.970383
1652.494000,-1.938809
1652.495000,-1.924637
1652.496000,-1.772244
1652.497000,-1.851926
1652.498000,-1.754172
1652.499000,-1.708629
1652.500000,-1.677551
1652.501000,-1.655829
1652.502000,-1.682384
1652.503000,-1.640525
1652.504000,-1.445720
1652.505000,-1.415216
1652.506000,-1.379618
1652.507000,-1.317130
1652.508000,-1.209767
1652.509000,-1.113001
1652.510000,-1.030445
1652.511000,-0.933107
1652.512000,-0.950272
1652.513000,-1.107759
1652.514000,-1.156259
1652.515000,-1.153254
1652.516000,-1.038090
1652.517000,-0.935306
1652.518000,-0.881732
1652.519000,-0.812664
1652.520000,-0.669974
1652.521000,-0.771698
1652.522000,-0.756072
1652.523000,-0.754301
1652.524000,-0.693722
1652.525000,-0.749180
1652.526000,-0.797125
1652.527000,-0.932184
1652.528000,-0.982934
1652.529000,-1.051300
1652.530000,-1.141276
1652.531000,-1.096562
1652.532000,-1.006258
1652.533000,-0.845026
1652.534000,-0.833897
1652.535000,-0.553493
1652.536000,-0.559249
1652.537000,-0.446076
1652.538000,-0.605547
1652.539000,-0.433922
1652.540000,-0.416784
1652.541000,-0.551371
1652.542000,-0.662102
1652.543000,-0.619560
1652.544000,-0.733608
1652.545000,-0.757844
1652.546000,-0.798388
1652.547000,-0.657459
1652.548000,-0.736816
1652.549000,-0.740525
1652.550000,-0.531901
1652.551000,-0.486221
1652.552000,-0.497632
1652.553000,-0.496570
1652.554000,-0.645526
1652.555000,-0.710298
1652.556000,-0.783108
1652.557000,-0.820338
1652.558000,-0.587308
1652.559000,-0.449282
1652.560000,-0.324548
1652.561000,-0.229301
1652.562000,-0.218366
1652.563000,-0.081288
1652.564000,-0.032415
1652.565000,-0.056012
1652.566000,-0.102726
1652.567000,0.000226
1652.568000,0.074884
1652.569000,-0.192979
1652.570000,-0.232220
1652.571000,-0.345628
1652.572000,-0.458796
1652.573000,-0.691507
1652.574000,-0.741475
1652.575000,-0.605475
1652.576000,-0.545208
1652.577000,-0.536344
1652.578000,-0.566496
1652.579000,-0.730361
1652.580000,-0.735220
1652.581000,-0.729882
1652.582000,-0.482878
1652.583000,-0.479708
1652.584000,-0.323941
1652.585000,-0.427581
1652.586000,-0.385785
1652.587000,-0.365699
1652.588000,-0.534712
1652.589000,-0.345439
1652.590000,-0.451204
1652.591000,-0.543189
1652.592000,-0.461616
1652.593000,-0.256305
1652.594000,-0.158842
1652.595000,-0.116158
1652.596000,-0.133419
1652.597000,-0.015037
1652.598000,0.039325
1652.599000,0.118643
1652.600000,0.061165
1652.601000,0.008118
1652.602000,-0.033917
1652.603000,0.074787
1652.604000,0.343406
1652.605000,0.353925
1652.606000,0.290897
1652.607000,0.152705
1652.608000,0.182898
1652.609000,0.188078
1652.610000,0.137364
1652.611000,0.160956
1652.612000,0.256371
1652.613000,0.441153
1652.614000,0.555402
1652.615000,0.708451
1652.616000,0.585815
1652.617000,0.612923
1652.618000,0.848752
1652.619000,0.844409
1652.620000,1.089639
1652.621000,1.214791
1652.622000,1.414485
1652.623000,1.349627
1652.624000,1.508386
1652.625000,1.394808
1652.626000,1.342514
1652.627000,1.525077
1652.628000,1.437849
1652.629000,1.444431
1652.630000,1.515254
1652.631000,1.592364
1652.632000,1.620312
1652.633000,1.702191
1652.634000,1.681469
1652.635000,1.701349
1652.636000,1.658331
1652.637000,1.647015
1652.638000,1.584562
1652.639000,1.415638
1652.640000,1.298227
1652.641000,1.229981
1652.642000,1.326218
1652.643000,1.258174
1652.644000,1.305390
1652.645000,1.062702
1652.646000,0.806735
1652.647000,0.841975
1652.648000,0.798665
1652.649000,0.842694
1652.650000,0.949206
1652.651000,0.810517
1652.652000,0.759567
1652.653000,0.778822
1652.654000,0.603835
1652.655000,0.881454
1652.656000,0.961785
1652.657000,0.973010
1652.658000,0.944480
1652.659000,0.872066
1652.660000,0.908113
1652.661000,0.994136
1652.662000,0.941892
1652.663000,1.001858
1652.664000,1.028186
1652.665000,0.822719
1652.666000,0.830508
1652.667000,0.820468
1652.668000,0.890372
1652.669000,0.916461
1652.670000,0.949191
1652.671000,1.060204
1652.672000,1.046508
1652.673000,1.018958
1652.674000,1.100159
1652.675000,1.015349
1652.676000,0.970329
1652.677000,0.998895
1652.678000,0.913965
1652.679000,0.809577
1652.680000,0.784636
1652.681000,0.534068
1652.682000,0.435696
1652.683000,0.258744
1652.684000,0.461180
1652.685000,0.406651
1652.686000,0.427039
1652.687000,0.597255
1652.688000,0.585373
1652.689000,0.473822
1652.690000,0.426755
1652.691000,0.450566
1652.692000,0.512475
1652.693000,0.596580
1652.694000,0.587611
1652.695000,0.530548
1652.696000,0.630198
1652.697000,0.792977
1652.698000,0.762904
1652.699000,0.619177
1652.700000,0.490600
1652.701000,0.545400
1652.702000,0.398432
1652.703000,0.340265
1652.704000,0.323453
1652.705000,0.321162
1652.706000,0.047522
1652.707000,0.010232
1652.708000,-0.105723
1652.709000,-0.064703
1652.710000,0.024346
1652.711000,0.068948
1652.712000,0.119232
1652.713000,0.111246
1652.714000,-0.112183
1652.715000,-0.106498
1652.716000,-0.054664
1652.717000,-0.009620
1652.718000,-0.168364
1652.719000,-0.388926
1652.720000,-0.354653
1652.721000,-0.359372
1652.722000,-0.480481
1652.723000,-0.267613
1652.724000,-0.249104
1652.725000,-0.207652
1652.726000,-0.174630
1652.727000,-0.166518
1652.728000,-0.283864
1652.729000,-0.310767
1652.730000,-0.239688
1652.731000,-0.360684
1652.732000,-0.265892
1652.733000,-0.245809
1652.734000,-0.133847
1652.735000,-0.094954
1652.736000,-0.132717
1652.737000,0.028637
1652.738000,0.186485
1652.739000,0.054960
1652.740000,-0.181935
1652.741000,-0.184736
1652.742000,-0.118265
1652.743000,-0.304754
1652.744000,-0.146373
1652.745000,-0.138683
1652.746000,-0.087055
1652.747000,-0.035142
1652.748000,-0.094034
1652.749000,-0.092367
1652.750000,0.017296
1652.751000,0.031361
1652.752000,0.141829
1652.753000,0.058522
1652.754000,0.313205
1652.755000,0.255865
1652.756000,0.233922
1652.757000,0.224088
1652.758000,0.177442
1652.759000,0.214663
1652.760000,0.185296
1652.761000,-0.070032
1652.762000,-0.176062
1652.763000,-0.299403
1652.764000,-0.369197
1652.765000,-0.367229
1652.766000,-0.353318
1652.767000,-0.356287
1652.768000,-0.328898
1652.769000,-0.393771
1652.770000,-0.529060
1652.771000,-0.566143
1652.772000,-0.546624
1652.773000,-0.281422
1652.774000,-0.119694
1652.775000,-0.328861
1652.776000,-0.427570
1652.777000,-0.334142
1652.778000,-0.165243
1652.779000,-0.210507
1652.780000,-0.018891
1652.781000,0.029158
1652.782000,0.071815
1652.783000,0.161571
1652.784000,0.113861
1652.785000,0.034104
1652.786000,-0.032452
1652.787000,-0.048485
1652.788000,-0.052520
1652.789000,0.031056
1652.790000,0.132838
1652.791000,0.120102
1652.792000,0.152506
1652.793000,0.173976
1652.794000,0.277778
1652.795000,0.345353
1652.796000,0.228557
1652.797000,0.306303
1652.798000,0.342995
1652.799000,0.596255
1652.800000,0.604691
1652.801000,0.478403
1652.802000,0.583965
1652.803000,0.642181
1652.804000,0.655020
1652.805000,0.740503
1652.806000,0.821737
1652.807000,0.601784
1652.808000,0.775176
1652.809000,0.778602
1652.810000,0.677142
1652.811000,0.825200
1652.812000,0.672224
1652.813000,0.825424
1652.814000,0.822617
1652.815000,0.751815
1652.816000,0.723286
1652.817000,0.877893
1652.818000,0.801935
1652.819000,0.783772
1652.820000,0.743093
1652.821000,0.650405
1652.822000,0.420480
1652.823000,0.330556
1652.824000,0.232746
1652.825000,0.127738
1652.826000,0.039036
1652.827000,0.214208
1652.828000,0.187924
1652.829000,0.167199
1652.830000,0.216875
1652.831000,0.247878
1652.832000,0.319380
1652.833000,0.449014
1652.834000,0.505500
1652.835000,0.467494
1652.836000,0.683096
1652.837000,0.597558
1652.838000,0.482169
1652.839000,0.509599
1652.840000,0.628146
1652.841000,0.431469
1652.842000,0.444718
1652.843000,0.258449
1652.844000,0.159568
1652.845000,0.141005
1652.846000,0.206456
1652.847000,0.140801
1652.848000,0.135114
1652.849000,-0.176248
1652.850000,-0.021558
1652.851000,-0.013177
1652.852000,-0.001634
1652.853000,0.014891
1652.854000,0.022679
1652.855000,0.008212
1652.856000,0.085760
1652.857000,0.301897
1652.858000,0.305451
1652.859000,0.233923
1652.860000,0.271547
1652.861000,0.284357
1652.862000,0.574941
1652.863000,0.665360
1652.864000,0.835691
1652.865000,0.973136
1652.866000,0.892677
1652.867000,1.045129
1652.868000,1.110431
1652.869000,1.226031
1652.870000,1.260252
1652.871000,1.161872
1652.872000,1.040786
1652.873000,1.217535
1652.874000,1.182084
1652.875000,1.089173
1652.876000,0.989041
1652.877000,0.907478
1652.878000,1.037810
1652.879000,1.013715
1652.880000,1.098942
1652.881000,1.202496
1652.882000,1.161625
1652.883000,0.989555
1652.884000,0.958578
1652.885000,0.983816
1652.886000,1.127166
1652.887000,1.286919
1652.888000,1.033383
1652.889000,0.955925
1652.890000,0.722094
1652.891000,0.954874
1652.892000,0.946393
1652.893000,0.916417
1652.894000,0.748516
1652.895000,0.656219
1652.896000,0.617678
1652.897000,0.562267
1652.898000,0.704922
1652.899000,0.565734
1652.900000,0.502552
1652.901000,0.442841
1652.902000,0.446608
1652.903000,0.250393
1652.904000,0.157865
1652.905000,-0.007857
1652.906000,0.048133
1652.907000,-0.068183
1652.908000,0.031280
1652.909000,0.188486
1652.910000,0.082911
1652.911000,-0.002765
1652.912000,-0.042466
1652.913000,0.124382
1652.914000,0.045595
1652.915000,0.068998
1652.916000,-0.030541
1652.917000,0.007444
1652.918000,-0.104521
1652.919000,-0.195650
1652.920000,-0.349079
1652.921000,-0.351141
1652.922000,-0.310993
1652.923000,-0.307801
1652.924000,-0.453080
1652.925000,-0.496786
1652.926000,-0.496051
1652.927000,-0.494452
1652.928000,-0.435604
1652.929000,-0.473738
1652.930000,-0.583802
1652.931000,-0.581259
1652.932000,-0.582776
1652.933000,-0.429899
1652.934000,-0.300328
1652.935000,-0.337232
1652.936000,-0.499444
1652.937000,-0.433242
1652.938000,-0.164907
1652.939000,-0.046977
1652.940000,-0.092212
1652.941000,-0.113367
1652.942000,-0.059445
1652.943000,-0.116448
1652.944000,-0.358159
1652.945000,-0.458714
1652.946000,-0.445766
1652.947000,-0.422989
1652.948000,-0.382625
1652.949000,-0.333974
1652.950000,-0.571255
1652.951000,-0.634857
1652.952000,-0.607429
1652.953000,-0.499357
1652.954000,-0.414589
1652.955000,-0.269587
1652.956000,-0.293873
1652.957000,-0.199044
1652.958000,-0.326209
1652.959000,-0.353031
1652.960000,-0.260178
1652.961000,-0.247159
1652.962000,-0.263560
1652.963000,-0.477416
1652.964000,-0.293909
1652.965000,-0.384499
1652.966000,-0.453108
1652.967000,-0.474885
1652.968000,-0.322772
1652.969000,-0.203827
1652.970000,-0.306800
1652.971000,-0.294906
1652.972000,-0.249129
1652.973000,-0.322548
1652.974000,-0.208966
1652.975000,-0.217038
1652.976000,-0.247427
1652.977000,-0.297779
1652.978000,-0.212029
1652.979000,-0.331592
1652.980000,-0.393761
1652.981000,-0.249029
1652.982000,-0.357589
1652.983000,-0.230065
1652.984000,-0.420411
1652.985000,-0.329697
1652.986000,-0.309299
1652.987000,-0.421997
1652.988000,-0.514422
1652.989000,-0.577788
1652.990000,-0.491752
1652.991000,-0.430662
1652.992000,-0.416632
1652.993000,-0.559399
1652.994000,-0.655569
1652.995000,-0.622800
1652.996000,-0.781512
1652.997000,-0.848657
1652.998000,-0.608030
1652.999000,-0.582212
1653.000000,-0.474450
1653.001000,-0.560138
1653.002000,-0.423690
1653.003000,-0.109226
1653.004000,-0.157000
1653.005000,-0.283179
1653.006000,-0.298831
1653.007000,-0.285941
1653.008000,-0.308585
1653.009000,-0.226553
1653.010000,-0.143143
1653.011000,-0.115255
1653.012000,0.024226
1653.013000,0.032147
1653.014000,0.135148
1653.015000,0.090736
1653.016000,0.060887
1653.017000,0.144742
1653.018000,0.234892
1653.019000,0.356638
1653.020000,0.253315
1653.021000,0.175250
1653.022000,0.151091
1653.023000,0.278840
1653.024000,0.179324
1653.025000,0.367172
1653.026000,0.413165
1653.027000,0.270621
1653.028000,0.345630
1653.029000,0.579434
1653.030000,0.399224
1653.031000,0.217464
1653.032000,0.234397
1653.033000,0.318841
1653.034000,0.324150
1653.035000,0.383400
1653.036000,0.472947
1653.037000,0.620005
1653.038000,0.557702
1653.039000,0.580471
1653.040000,0.610204
1653.041000,0.399159
1653.042000,0.573852
1653.043000,0.669802
1653.044000,0.607887
1653.045000,0.568232
1653.046000,0.485242
1653.047000,0.504160
1653.048000,0.498292
1653.049000,0.294760
1653.050000,0.155004
1653.051000,0.011767
1653.052000,-0.075348
1653.053000,-0.038184
1653.054000,-0.012909
1653.055000,0.054260
1653.056000,0.004667
1653.057000,0.009169
1653.058000,0.043875
1653.059000,-0.075830
1653.060000,0.007127
1653.061000,0.155473
1653.062000,0.213967
1653.063000,0.206665
1653.064000,0.256434
1653.065000,0.185480
1653.066000,0.151203
1653.067000,0.166501
1653.068000,0.134105
1653.069000,0.102199
1653.070000,0.143923
1653.071000,-0.083218
1653.072000,-0.046774
1653.073000,-0.138635
1653.074000,-0.324686
1653.075000,-0.514360
1653.076000,-0.607922
1653.077000,-0.500503
1653.078000,-0.302794
1653.079000,-0.343948
1653.080000,-0.169524
1653.081000,-0.223812
1653.082000,-0.197738
1653.083000,-0.279666
1653.084000,-0.228406
1653.085000,-0.138548
1653.086000,0.193502
1653.087000,0.009134
1653.088000,-0.030754
1653.089000,-0.213256
1653.090000,-0.192036
1653.091000,-0.082122
1653.092000,-0.218555
1653.093000,-0.359552
1653.094000,-0.309111
1653.095000,-0.365145
1653.096000,-0.247883
1653.097000,-0.487841
1653.098000,-0.599874
1653.099000,-0.492152
1653.100000,-0.448908
1653.101000,-0.597318
1653.102000,-0.650088
1653.103000,-0.648929
1653.104000,-0.436952
1653.105000,-0.566768
1653.106000,-0.561532
1653.107000,-0.644574
1653.108000,-0.656724
1653.109000,-0.493530
1653.110000,-0.366473
1653.111000,-0.396238
1653.112000,-0.375147
1653.113000,-0.351436
1653.114000,-0.290372
1653.115000,-0.268535
1653.116000,-0.431695
1653.117000,-0.488021
1653.118000,-0.356144
1653.119000,-0.427733
1653.120000,-0.589325
1653.121000,-0.491872
1653.122000,-0.504828
1653.123000,-0.488100
1653.124000,-0.362674
1653.125000,-0.514936
1653.126000,-0.588358
1653.127000,-0.740696
1653.128000,-0.764669
1653.129000,-0.850458
1653.130000,-0.804196
1653.131000,-0.806837
1653.132000,-0.596981
1653.133000,-0.523949
1653.134000,-0.468771
1653.135000,-0.492423
1653.136000,-0.471427
1653.137000,-0.289419
1653.138000,-0.323321
1653.139000,-0.500969
1653.140000,-0.570658
1653.141000,-0.925512
1653.142000,-1.043089
1653.143000,-0.992203
1653.144000,-0.989859
1653.145000,-1.081867
1653.146000,-0.991685
1653.147000,-0.960669
1653.148000,-1.077442
1653.149000,-0.938762
1653.150000,-0.866695
1653.151000,-0.761849
1653.152000,-0.609647
1653.153000,-0.561927
1653.154000,-0.481046
1653.155000,-0.463323
1653.156000,-0.550602
1653.157000,-0.569614
1653.158000,-0.488522
1653.159000,-0.410899
1653.160000,-0.429031
1653.161000,-0.391663
1653.162000,-0.414670
1653.163000,-0.433220
1653.164000,-0.494289
1653.165000,-0.524900
1653.166000,-0.543143
1653.167000,-0.399824
1653.168000,-0.515374
1653.169000,-0.391553
1653.170000,-0.203317
1653.171000,-0.181951
1653.172000,-0.341548
1653.173000,-0.424768
1653.174000,-0.304445
1653.175000,-0.194208
1653.176000,-0.405052
1653.177000,-0.429988
1653.178000,-0.391265
1653.179000,-0.424581
1653.180000,-0.427305
1653.181000,-0.432637
1653.182000,-0.474382
1653.183000,-0.304882
1653.184000,-0.172236
1653.185000,-0.307024
1653.186000,-0.181251
1653.187000,-0.299837
1653.188000,-0.194102
1653.189000,-0.299163
1653.190000,-0.338466
1653.191000,-0.551602
1653.192000,-0.615985
1653.193000,-0.554838
1653.194000,-0.583825
1653.195000,-0.640594
1653.196000,-0.562658
1653.197000,-0.583780
1653.198000,-0.498841
1653.199000,-0.446469
1653.200000,-0.563435
1653.201000,-0.644895
1653.202000,-0.544174
1653.203000,-0.569559
1653.204000,-0.511121
1653.205000,-0.484904
1653.206000,-0.435728
1653.207000,-0.470310
1653.208000,-0.316823
1653.209000,-0.424579
1653.210000,-0.404824
1653.211000,-0.332092
1653.212000,-0.200274
1653.213000,-0.282299
1653.214000,-0.381654
1653.215000,-0.285877
1653.216000,-0.352558
1653.217000,-0.463207
1653.218000,-0.496111
1653.219000,-0.634762
1653.220000,-0.686905
1653.221000,-0.661405
1653.222000,-0.794757
1653.223000,-0.663872
1653.224000,-0.714605
1653.225000,-0.948632
1653.226000,-0.775325
1653.227000,-0.810628
1653.228000,-0.690414
1653.229000,-0.811114
1653.230000,-0.811365
1653.231000,-0.693811
1653.232000,-0.571715
1653.233000,-0.389912
1653.234000,-0.176790
1653.235000,-0.297602
1653.236000,-0.442880
1653.237000,-0.421337
1653.238000,-0.287323
1653.239000,-0.262599
1653.240000,-0.367808
1653.241000,-0.254318
1653.242000,-0.159835
1653.243000,-0.170236
1653.244000,-0.077848
1653.245000,-0.053886
1653.246000,-0.095243
1653.247000,0.203493
1653.248000,0.118611
1653.249000,0.046906
1653.250000,0.124771
1653.251000,0.075936
1653.252000,0.105096
1653.253000,0.135147
1653.254000,0.281173
1653.255000,0.302027
1653.256000,0.266381
1653.257000,0.189980
1653.258000,0.283983
1653.259000,0.335818
1653.260000,0.419838
1653.261000,0.492228
1653.262000,0.569581
1653.263000,0.477670
1653.264000,0.788917
1653.265000,0.681262
1653.266000,0.797749
1653.267000,0.814043
1653.268000,0.861668
1653.269000,0.982868
1653.270000,0.926013
1653.271000,0.867386
1653.272000,0.731615
1653.273000,0.700691
1653.274000,0.691016
1653.275000,0.698262
1653.276000,0.614810
1653.277000,0.571965
1653.278000,0.426834
1653.279000,0.452550
1653.280000,0.418251
1653.281000,0.345800
1653.282000,0.354095
1653.283000,0.326184
1653.284000,0.324488
1653.285000,0.294361
1653.286000,0.341166
1653.287000,0.254415
1653.288000,0.271489
1653.289000,0.301527
1653.290000,0.372769
1653.291000,0.356644
1653.292000,0.168398
1653.293000,0.157641
1653.294000,0.213409
1653.295000,0.363533
1653.296000,0.443008
1653.297000,0.436577
1653.298000,0.425079
1653.299000,0.320324
1653.300000,0.342125
1653.301000,0.332301
1653.302000,0.441363
1653.303000,0.434929
1653.304000,0.286826
1653.305000,0.278133
1653.306000,0.427009
1653.307000,0.368518
1653.308000,0.336111
1653.309000,0.315418
1653.310000,0.285751
1653.311000,0.375704
1653.312000,0.424817
1653.313000,0.385404
1653.314000,0.547098
1653.315000,0.514042
1653.316000,0.394944
1653.317000,0.278140
1653.318000,0.327531
1653.319000,0.213728
1653.320000,0.332530
1653.321000,0.420067
1653.322000,0.403434
1653.323000,0.388170
1653.324000,0.332240
1653.325000,0.436690
1653.326000,0.687697
1653.327000,0.719182
1653.328000,0.678299
1653.329000,0.654282
1653.330000,0.620244
1653.331000,0.637981
1653.332000,0.650690
1653.333000,0.552167
1653.334000,0.646238
1653.335000,0.525250
1653.336000,0.500928
1653.337000,0.569520
1653.338000,0.421028
1653.339000,0.502934
1653.340000,0.508403
1653.341000,0.419986
1653.342000,0.359533
1653.343000,0.402563
1653.344000,0.315604
1653.345000,0.239270
1653.346000,0.120021
1653.347000,0.252837
1653.348000,0.374170
1653.349000,0.371931
1653.350000,0.537555
1653.351000,0.438488
1653.352000,0.615293
1653.353000,0.493480
1653.354000,0.531375
1653.355000,0.530567
1653.356000,0.605350
1653.357000,0.624982
1653.358000,0.483888
1653.359000,0.569675
1653.360000,0.544338
1653.361000,0.629585
1653.362000,0.671568
1653.363000,0.675392
1653.364000,0.619565
1653.365000,0.593661
1653.366000,0.649828
1653.367000,0.599560
1653.368000,0.598558
1653.369000,0.596372
1653.370000,0.704733
1653.371000,0.721956
1653.372000,0.833072
1653.373000,0.779157
1653.374000,0.792624
1653.375000,0.522576
1653.376000,0.286607
1653.377000,0.241049
1653.378000,0.191287
1653.379000,0.159078
1653.380000,0.145316
1653.381000,0.139419
1653.382000,0.138464
1653.383000,0.058516
1653.384000,-0.010176
1653.385000,-0.212920
1653.386000,-0.181831
1653.387000,-0.275436
1653.388000,-0.486740
1653.389000,-0.535799
1653.390000,-0.594061
1653.391000,-0.517907
1653.392000,-0.738273
1653.393000,-0.646317
1653.394000,-0.507673
1653.395000,-0.387788
1653.396000,-0.314537
1653.397000,-0.338761
1653.398000,-0.380526
1653.399000,-0.479154
1653.400000,-0.362889
1653.401000,-0.321144
1653.402000,-0.146522
1653.403000,-0.245210
1653.404000,-0.239394
1653.405000,-0.393815
1653.406000,-0.427273
1653.407000,-0.498707
1653.408000,-0.518996
1653.409000,-0.412340
1653.410000,-0.243211
1653.411000,-0.269863
1653.412000,-0.170441
1653.413000,-0.092862
1653.414000,0.129463
1653.415000,0.088861
1653.416000,0.117365
1653.417000,0.255606
1653.418000,0.260901
1653.419000,0.251891
1653.420000,0.421547
1653.421000,0.473870
1653.422000,0.554076
1653.423000,0.607603
1653.424000,0.462512
1653.425000,0.431238
1653.426000,0.382552
1653.427000,0.513278
1653.428000,0.325230
1653.429000,0.109946
1653.430000,0.026746
1653.431000,-0.064715
1653.432000,-0.215014
1653.433000,-0.257584
1653.434000,-0.336706
1653.435000,-0.266248
1653.436000,-0.210616
1653.437000,-0.041461
1653.438000,-0.213413
1653.439000,-0.023239
1653.440000,0.008082
1653.441000,0.109569
1653.442000,0.061699
1653.443000,0.118338
1653.444000,0.094397
1653.445000,0.121463
1653.446000,0.170747
1653.447000,0.079149
1653.448000,-0.090662
1653.449000,-0.241470
1653.450000,0.063259
1653.451000,0.013739
1653.452000,0.028942
1653.453000,-0.105943
1653.454000,0.082312
1653.455000,-0.101716
1653.456000,-0.208366
1653.457000,-0.221707
1653.458000,-0.244984
1653.459000,-0.420548
1653.460000,-0.344435
1653.461000,-0.301218
1653.462000,-0.179492
1653.463000,-0.248165
1653.464000,-0.242595
1653.465000,-0.408973
1653.466000,-0.353212
1653.467000,-0.287160
1653.468000,-0.000592
1653.469000,0.051699
1653.470000,-0.127380
1653.471000,0.007040
1653.472000,-0.116647
1653.473000,0.100553
1653.474000,0.003667
1653.475000,-0.088098
1653.476000,-0.071023
1653.477000,-0.257534
1653.478000,-0.356574
1653.479000,-0.149434
1653.480000,-0.226209
1653.481000,-0.258816
1653.482000,-0.144475
1653.483000,-0.203563
1653.484000,-0.232430
1653.485000,-0.148833
1653.486000,-0.172440
1653.487000,-0.202382
1653.488000,-0.213335
1653.489000,-0.161573
1653.490000,-0.158617
1653.491000,-0.064755
1653.492000,-0.183063
1653.493000,-0.176845
1653.494000,-0.345219
1653.495000,-0.322179
1653.496000,-0.330072
1653.497000,-0.330068
1653.498000,-0.251296
1653.499000,-0.107959
1653.500000,0.105351
1653.501000,0.082151
1653.502000,0.078969
1653.503000,0.160673
1653.504000,0.071478
1653.505000,-0.139155
1653.506000,-0.008380
1653.507000,-0.064512
1653.508000,-0.097164
1653.509000,0.014198
1653.510000,-0.010929
1653.511000,-0.108364
1653.512000,-0.328808
1653.513000,-0.423491
1653.514000,-0.470980
1653.515000,-0.506246
1653.516000,-0.371189
1653.517000,-0.425265
1653.518000,-0.437170
1653.519000,-0.389132
1653.520000,-0.489197
1653.521000,-0.443213
1653.522000,-0.354465
1653.523000,-0.504912
1653.524000,-0.534112
1653.525000,-0.318127
1653.526000,-0.343814
1653.527000,-0.291340
1653.528000,-0.234052
1653.529000,-0.380131
1653.530000,-0.242060
1653.531000,-0.294164
1653.532000,-0.267483
1653.533000,-0.236014
1653.534000,-0.287999
1653.535000,-0.294147
1653.536000,-0.164131
1653.537000,-0.243582
1653.538000,-0.248896
1653.539000,-0.027874
1653.540000,-0.255456
1653.541000,-0.438310
1653.542000,-0.466652
1653.543000,-0.435374
1653.544000,-0.417590
1653.545000,-0.522754
1653.546000,-0.453057
1653.547000,-0.528651
1653.548000,-0.553221
1653.549000,-0.761667
1653.550000,-0.729744
1653.551000,-0.933532
1653.552000,-0.832547
1653.553000,-0.952956
1653.554000,-0.711464
1653.555000,-0.669043
1653.556000,-0.683452
1653.557000,-0.753944
1653.558000,-0.868479
1653.559000,-0.855583
1653.560000,-0.956270
1653.561000,-1.077501
1653.562000,-1.108939
1653.563000,-1.084916
1653.564000,-1.114753
1653.565000,-1.042951
1653.566000,-1.013300
1653.567000,-0.998648
1653.568000,-0.943321
1653.569000,-0.941873
1653.570000,-0.905049
1653.571000,-0.900014
1653.572000,-1.149121
1653.573000,-1.209745
1653.574000,-1.074479
1653.575000,-1.033357
1653.576000,-0.993285
1653.577000,-0.931651
1653.578000,-0.866846
1653.579000,-0.927801
1653.580000,-0.978729
1653.581000,-1.032028
1653.582000,-0.884506
1653.583000,-0.994616
1653.584000,-0.817022
1653.585000,-0.793627
1653.586000,-0.754717
1653.587000,-0.857772
1653.588000,-0.781600
1653.589000,-0.807447
1653.590000,-0.862943
1653.591000,-0.970357
1653.592000,-0.886975
1653.593000,-0.679460
1653.594000,-0.596134
1653.595000,-0.488006
1653.596000,-0.349361
1653.597000,-0.439989
1653.598000,-0.314719
1653.599000,-0.220940
1653.600000,-0.191762
1653.601000,-0.113097
1653.602000,0.049097
1653.603000,-0.150694
1653.604000,-0.171101
1653.605000,0.011820
1653.606000,-0.060586
1653.607000,0.027561
1653.608000,-0.170585
1653.609000,-0.293307
1653.610000,-0.273948
1653.611000,-0.370460
1653.612000,-0.244290
1653.613000,-0.174100
1653.614000,-0.143204
1653.615000,-0.018482
1653.616000,-0.020266
1653.617000,0.008161
1653.618000,-0.082573
1653.619000,-0.147827
1653.620000,-0.071767
1653.621000,-0.329583
1653.622000,-0.206692
1653.623000,-0.217867
1653.624000,-0.218705
1653.625000,-0.075171
1653.626000,-0.217997
1653.627000,-0.161278
1653.628000,-0.105454
1653.629000,-0.084461
1653.630000,-0.098073
1653.631000,-0.090818
1653.632000,0.205063
1653.633000,0.084181
1653.634000,0.051993
1653.635000,0.024355
1653.636000,0.130525
1653.637000,0.285464
1653.638000,0.347637
1653.639000,0.207892
1653.640000,0.284349
1653.641000,0.589561
1653.642000,0.681929
1653.643000,0.552014
1653.644000,0.552432
1653.645000,0.515241
1653.646000,0.684014
1653.647000,0.577223
1653.648000,0.568472
1653.649000,0.736039
1653.650000,0.769059
1653.651000,0.619150
1653.652000,0.434440
1653.653000,0.314665
1653.654000,0.423279
1653.655000,0.457862
1653.656000,0.421134
1653.657000,0.406385
1653.658000,0.490643
1653.659000,0.382632
1653.660000,0.405033
1653.661000,0.351342
1653.662000,0.409242
1653.663000,0.459726
1653.664000,0.417507
1653.665000,0.499417
1653.666000,0.668208
1653.667000,0.469490
1653.668000,0.407661
1653.669000,0.485893
1653.670000,0.523516
1653.671000,0.559399
1653.672000,0.402290
1653.673000,0.468879
1653.674000,0.661312
1653.675000,0.638024
1653.676000,0.709188
1653.677000,0.733935
1653.678000,0.674347
1653.679000,0.777781
1653.680000,0.677362
1653.681000,0.684556
1653.682000,0.588723
1653.683000,0.672058
1653.684000,0.616094
1653.685000,0.676227
1653.686000,0.651627
1653.687000,0.839813
1653.688000,0.782284
1653.689000,0.787408
1653.690000,0.858312
1653.691000,0.900137
1653.692000,0.750520
1653.693000,0.657221
1653.694000,0.621537
1653.695000,0.635620
1653.696000,0.538919
1653.697000,0.638562
1653.698000,0.901390
1653.699000,0.735869
1653.700000,0.621954
1653.701000,0.532616
1653.702000,0.647228
1653.703000,0.627280
1653.704000,0.587473
1653.705000,0.623965
1653.706000,0.725155
1653.707000,0.447759
1653.708000,0.506424
1653.709000,0.481614
1653.710000,0.648554
1653.711000,0.452702
1653.712000,0.337947
1653.713000,0.252792
1653.714000,0.282989
1653.715000,0.283870
1653.716000,0.231662
1653.717000,0.277050
1653.718000,0.215244
1653.719000,0.182589
1653.720000,0.253412
1653.721000,0.174381
1653.722000,0.012822
1653.723000,-0.079349
1653.724000,0.056295
1653.725000,0.197274
1653.726000,0.175599
1653.727000,0.194177
1653.728000,0.298478
1653.729000,0.249171
1653.730000,0.170144
1653.731000,0.211885
1653.732000,0.251761
1653.733000,0.361396
1653.734000,0.597893
1653.735000,0.612424
1653.736000,0.669290
1653.737000,0.783398
1653.738000,0.827554
1653.739000,0.816655
1653.740000,0.783136
1653.741000,0.710820
1653.742000,0.711516
1653.743000,0.723337
1653.744000,0.737603
1653.745000,0.941158
1653.746000,0.686311
1653.747000,0.654442
1653.748000,0.609440
1653.749000,0.650626
1653.750000,0.531083
1653.751000,0.492403
1653.752000,0.365959
1653.753000,0.481269
1653.754000,0.280531
1653.755000,0.151839
1653.756000,0.317381
1653.757000,0.565313
1653.758000,0.480213
1653.759000,0.380536
1653.760000,0.311362
1653.761000,0.310172
1653.762000,0.312463
1653.763000,0.351171
1653.764000,0.432579
1653.765000,0.356474
1653.766000,0.386404
1653.767000,0.299966
1653.768000,0.337446
1653.769000,0.137028
1653.770000,-0.082231
1653.771000,-0.150955
1653.772000,-0.172166
1653.773000,-0.153599
1653.774000,-0.047545
1653.775000,-0.133791
1653.776000,-0.030647
1653.777000,-0.148510
1653.778000,-0.088230
1653.779000,-0.058622
1653.780000,-0.132905
1653.781000,-0.285379
1653.782000,-0.081369
1653.783000,-0.030101
1653.784000,-0.027946
1653.785000,-0.132971
1653.786000,0.010640
1653.787000,-0.035141
1653.788000,-0.163271
1653.789000,-0.210277
1653.790000,-0.131372
1653.791000,-0.060609
1653.792000,-0.068708
1653.793000,-0.116984
1653.794000,-0.112950
1653.795000,-0.100562
1653.796000,-0.168319
1653.797000,-0.140158
1653.798000,-0.172658
1653.799000,-0.168715
1653.800000,-0.117262
1653.801000,-0.168369
1653.802000,-0.215164
1653.803000,-0.265660
1653.804000,-0.346527
1653.805000,-0.298742
1653.806000,-0.466495
1653.807000,-0.539115
1653.808000,-0.485229
1653.809000,-0.530755
1653.810000,-0.370145
1653.811000,-0.198139
1653.812000,-0.116215
1653.813000,-0.118277
1653.814000,-0.276393
1653.815000,-0.308618
1653.816000,-0.338716
1653.817000,-0.324887
1653.818000,-0.439407
1653.819000,-0.580536
1653.820000,-0.782232
1653.821000,-0.560673
1653.822000,-0.570216
1653.823000,-0.512316
1653.824000,-0.464566
1653.825000,-0.381210
1653.826000,-0.252271
1653.827000,-0.245656
1653.828000,-0.314684
1653.829000,-0.319736
1653.830000,-0.258318
1653.831000,-0.217699
1653.832000,-0.244765
1653.833000,-0.308600
1653.834000,-0.408440
1653.835000,-0.385878
1653.836000,-0.375488
1653.837000,-0.451843
1653.838000,-0.438042
1653.839000,-0.456339
1653.840000,-0.504990
1653.841000,-0.337817
1653.842000,-0.373179
1653.843000,-0.292588
1653.844000,-0.280974
1653.845000,-0.213597
1653.846000,-0.252349
1653.847000,-0.462143
1653.848000,-0.568607
1653.849000,-0.388941
1653.850000,-0.502219
1653.851000,-0.446257
1653.852000,-0.502017
1653.853000,-0.585115
1653.854000,-0.472806
1653.855000,-0.402975
1653.856000,-0.299744
1653.857000,-0.364143
1653.858000,-0.370385
1653.859000,-0.302273
1653.860000,-0.131335
1653.861000,-0.047208
1653.862000,0.025929
1653.863000,0.176171
1653.864000,0.176584
1653.865000,0.227343
1653.866000,0.146482
1653.867000,0.312428
1653.868000,0.280893
1653.869000,0.157030
1653.870000,0.121109
1653.871000,0.032875
1653.872000,-0.062742
1653.873000,-0.104628
1653.874000,-0.027812
1653.875000,-0.014731
1653.876000,-0.167736
1653.877000,-0.185958
1653.878000,-0.179554
1653.879000,-0.281633
1653.880000,-0.228501
1653.881000,-0.194187
1653.882000,-0.320930
1653.883000,-0.343971
1653.884000,-0.373597
1653.885000,-0.406724
1653.886000,-0.309266
1653.887000,-0.382045
1653.888000,-0.312805
1653.889000,-0.232726
1653.890000,-0.293384
1653.891000,-0.244809
1653.892000,-0.168098
1653.893000,-0.071289
1653.894000,-0.240641
1653.895000,-0.079115
1653.896000,0.073087
1653.897000,0.064271
1653.898000,0.047902
1653.899000,0.134255
1653.900000,0.185547
1653.901000,0.102659
1653.902000,0.025063
1653.903000,0.122526
1653.904000,0.206259
1653.905000,0.043528
1653.906000,0.028417
1653.907000,-0.005147
1653.908000,-0.021251
1653.909000,0.145245
1653.910000,-0.044220
1653.911000,-0.051459
1653.912000,-0.078602
1653.913000,0.058270
1653.914000,-0.122191
1653.915000,-0.003144
1653.916000,0.105334
1653.917000,0.218055
1653.918000,0.232343
1653.919000,0.153916
1653.920000,0.258908
1653.921000,0.359360
1653.922000,0.273378
1653.923000,0.111586
1653.924000,0.069488
1653.925000,0.044409
1653.926000,-0.034720
1653.927000,0.126169
1653.928000,0.220389
1653.929000,0.294615
1653.930000,0.443731
1653.931000,0.401568
1653.932000,0.334656
1653.933000,0.315564
1653.934000,0.209493
1653.935000,0.269290
1653.936000,0.382459
1653.937000,0.440160
1653.938000,0.319576
1653.939000,0.309929
1653.940000,0.318446
1653.941000,0.239723
1653.942000,0.490035
1653.943000,0.493650
1653.944000,0.345430
1653.945000,0.327931
1653.946000,0.177413
1653.947000,0.119787
1653.948000,0.174202
1653.949000,0.282889
1653.950000,0.248839
1653.951000,-0.035686
1653.952000,0.037997
1653.953000,0.000418
1653.954000,0.087136
1653.955000,0.089068
1653.956000,-0.004046
1653.957000,0.162360
1653.958000,0.367129
1653.959000,0.549718
1653.960000,0.556705
1653.961000,0.373808
1653.962000,0.237514
1653.963000,0.367307
1653.964000,0.234219
1653.965000,0.571208
1653.966000,0.582705
1653.967000,0.496241
1653.968000,0.626157
1653.969000,0.640344
1653.970000,0.681867
1653.971000,0.870945
1653.972000,0.843297
1653.973000,0.885814
1653.974000,0.830787
1653.975000,0.957783
1653.976000,0.857427
1653.977000,0.989614
1653.978000,0.815885
1653.979000,0.711081
1653.980000,0.763829
1653.981000,0.901807
1653.982000,1.018470
1653.983000,0.733652
1653.984000,0.843510
1653.985000,0.892379
1653.986000,0.854849
1653.987000,0.862183
1653.988000,0.631509
1653.989000,0.709716
1653.990000,0.546161
1653.991000,0.485338
1653.992000,0.492085
1653.993000,0.394833
1653.994000,0.562157
1653.995000,0.513535
1653.996000,0.439142
1653.997000,0.264935
1653.998000,0.180443
1653.999000,0.138401
1654.000000,0.160867
1654.001000,0.217289
1654.002000,0.130217
1654.003000,0.185097
1654.004000,0.165821
1654.005000,0.064084
1654.006000,-0.078422
1654.007000,-0.092197
1654.008000,-0.238129
1654.009000,-0.491577
1654.010000,-0.626218
1654.011000,-0.541192
1654.012000,-0.447476
1654.013000,-0.589267
1654.014000,-0.540203
1654.015000,-0.502844
1654.016000,-0.705170
1654.017000,-0.832356
1654.018000,-0.841164
1654.019000,-0.738140
1654.020000,-0.753102
1654.021000,-0.722783
1654.022000,-0.684332
1654.023000,-0.667182
1654.024000,-0.457254
1654.025000,-0.449247
1654.026000,-0.479247
1654.027000,-0.556853
1654.028000,-0.333323
1654.029000,-0.486323
1654.030000,-0.388152
1654.031000,-0.348092
1654.032000,-0.533855
1654.033000,-0.470727
1654.034000,-0.522701
1654.035000,-0.500086
1654.036000,-0.480915
1654.037000,-0.438223
1654.038000,-0.415621
1654.039000,-0.552417
1654.040000,-0.504285
1654.041000,-0.508446
1654.042000,-0.463045
1654.043000,-0.438292
1654.044000,-0.466070
1654.045000,-0.588661
1654.046000,-0.735128
1654.047000,-0.729315
1654.048000,-0.822809
1654.049000,-0.777712
1654.050000,-0.940961
1654.051000,-0.789400
1654.052000,-0.695799
1654.053000,-0.756072
1654.054000,-0.658702
1654.055000,-0.636225
1654.056000,-0.582315
1654.057000,-0.529597
1654.058000,-0.528751
1654.059000,-0.458454
1654.060000,-0.700144
1654.061000,-0.810179
1654.062000,-0.732249
1654.063000,-0.976325
1654.064000,-0.780331
1654.065000,-0.746987
1654.066000,-0.737669
1654.067000,-0.748990
1654.068000,-0.623518
1654.069000,-0.443058
1654.070000,-0.512605
1654.071000,-0.273526
1654.072000,-0.392908
1654.073000,-0.423740
1654.074000,-0.426804
1654.075000,-0.464639
1654.076000,-0.383882
1654.077000,-0.481977
1654.078000,-0.473824
1654.079000,-0.452224
1654.080000,-0.501726
1654.081000,-0.440805
1654.082000,-0.447401
1654.083000,-0.227147
1654.084000,-0.201152
1654.085000,-0.036200
1654.086000,-0.004292
1654.087000,-0.089495
1654.088000,-0.242837
1654.089000,-0.189027
1654.090000,-0.205672
1654.091000,-0.299383
1654.092000,-0.303145
1654.093000,-0.340132
1654.094000,-0.278515
1654.095000,-0.124430
1654.096000,0.123727
1654.097000,0.300012
1654.098000,0.239286
1654.099000,0.273694
1654.100000,0.451014
1654.101000,0.505794
1654.102000,0.499281
1654.103000,0.579881
1654.104000,0.506145
1654.105000,0.507877
1654.106000,0.432792
1654.107000,0.444389
1654.108000,0.346720
1654.109000,0.139565
1654.110000,0.251413
1654.111000,0.159996
1654.112000,0.113463
1654.113000,0.027189
1654.114000,-0.038038
1654.115000,-0.052707
1654.116000,-0.163464
1654.117000,-0.455563
1654.118000,-0.261030
1654.119000,-0.187084
1654.120000,-0.233092
1654.121000,-0.295128
1654.122000,-0.388264
1654.123000,-0.362708
1654.124000,-0.398474
1654.125000,-0.276767
1654.126000,-0.402541
1654.127000,-0.467450
1654.128000,-0.511162
1654.129000,-0.567730
1654.130000,-0.461567
1654.131000,-0.346404
1654.132000,-0.360990
1654.133000,-0.358430
1654.134000,-0.472931
1654.135000,-0.240828
1654.136000,-0.334000
1654.137000,-0.404936
1654.138000,-0.460165
1654.139000,-0.527889
1654.140000,-0.527374
1654.141000,-0.594719
1654.142000,-0.638580
1654.143000,-0.592111
1654.144000,-0.534436
1654.145000,-0.543128
1654.146000,-0.480469
1654.147000,-0.374746
1654.148000,-0.189099
1654.149000,-0.204353
1654.150000,-0.078473
1654.151000,-0.137389
1654.152000,-0.403528
1654.153000,-0.314864
1654.154000,-0.443664
1654.155000,-0.359710
1654.156000,-0.419423
1654.157000,-0.334743
1654.158000,-0.323901
1654.159000,-0.230709
1654.160000,-0.243241
1654.161000,-0.237383
1654.162000,-0.224244
1654.163000,-0.150209
1654.164000,-0.012125
1654.165000,0.009336
1654.166000,0.033931
1654.167000,0.113471
1654.168000,0.112455
1654.169000,-0.054431
1654.170000,0.075324
1654.171000,0.153034
1654.172000,0.186078
1654.173000,0.148334
1654.174000,0.088144
1654.175000,0.109492
1654.176000,0.053101
1654.177000,-0.070490
1654.178000,-0.022798
1654.179000,-0.008731
1654.180000,0.000423
1654.181000,0.133121
1654.182000,0.237537
1654.183000,0.171530
1654.184000,0.401945
1654.185000,0.425506
1654.186000,0.404125
1654.187000,0.532020
1654.188000,0.424429
1654.189000,0.395524
1654.190000,0.535015
1654.191000,0.504729
1654.192000,0.661996
1654.193000,0.613365
1654.194000,0.496146
1654.195000,0.489428
1654.196000,0.484408
1654.197000,0.672220
1654.198000,0.747898
1654.199000,0.672512
1654.200000,0.891503
1654.201000,0.873912
1654.202000,0.851630
1654.203000,0.912489
1654.204000,1.014782
1654.205000,0.955815
1654.206000,0.791822
1654.207000,0.728627
1654.208000,0.711195
1654.209000,0.487299
1654.210000,0.563804
1654.211000,0.671283
1654.212000,0.673822
1654.213000,0.633719
1654.214000,0.558134
1654.215000,0.593289
1654.216000,0.690994
1654.217000,0.734661
1654.218000,0.806728
1654.219000,0.763583
1654.220000,0.747493
1654.221000,0.905880
1654.222000,0.999628
1654.223000,0.906920
1654.224000,0.780509
1654.225000,0.714736
1654.226000,0.683258
1654.227000,0.712634
1654.228000,0.706629
1654.229000,0.505594
1654.230000,0.591173
1654.231000,0.664925
1654.232000,0.734467
1654.233000,0.610735
1654.234000,0.609723
1654.235000,0.505376
1654.236000,0.461545
1654.237000,0.377373
1654.238000,0.361200
1654.239000,0.392158
1654.240000,0.473156
1654.241000,0.464996
1654.242000,0.415269
1654.243000,0.493971
1654.244000,0.668372
1654.245000,0.602521
1654.246000,0.482523
1654.247000,0.212019
1654.248000,0.247135
1654.249000,0.164612
1654.250000,0.051954
1654.251000,-0.033130
1654.252000,0.004743
1654.253000,-0.075735
1654.254000,-0.082779
1654.255000,-0.146708
1654.256000,-0.250767
1654.257000,-0.315333
1654.258000,-0.157501
1654.259000,-0.194660
1654.260000,-0.267806
1654.261000,-0.408240
1654.262000,-0.465352
1654.263000,-0.496498
1654.264000,-0.468358
1654.265000,-0.479116
1654.266000,-0.567620
1654.267000,-0.442885
1654.268000,-0.493042
1654.269000,-0.687447
1654.270000,-0.587267
1654.271000,-0.417206
1654.272000,-0.452889
1654.273000,-0.632744
1654.274000,-0.540114
1654.275000,-0.334042
1654.276000,-0.400351
1654.277000,-0.634097
1654.278000,-0.498665
1654.279000,-0.565735
1654.280000,-0.644264
1654.281000,-0.446217
1654.282000,-0.564734
1654.283000,-0.575089
1654.284000,-0.601236
1654.285000,-0.584062
1654.286000,-0.615369
1654.287000,-0.775807
1654.288000,-0.813900
1654.289000,-0.782013
1654.290000,-0.763047
1654.291000,-0.739710
1654.292000,-0.762991
1654.293000,-0.797153
1654.294000,-0.806244
1654.295000,-0.673819
1654.296000,-0.681849
1654.297000,-0.711080
1654.298000,-0.620595
1654.299000,-0.664047
1654.300000,-0.627296
1654.301000,-0.604119
1654.302000,-0.522165
1654.303000,-0.445716
1654.304000,-0.352536
1654.305000,-0.252333
1654.306000,-0.378233
1654.307000,-0.509856
1654.308000,-0.680843
1654.309000,-0.623682
1654.310000,-0.611437
1654.311000,-0.626291
1654.312000,-0.505769
1654.313000,-0.577154
1654.314000,-0.516082
1654.315000,-0.654295
1654.316000,-0.645408
1654.317000,-0.561492
1654.318000,-0.495112
1654.319000,-0.458925
1654.320000,-0.646267
1654.321000,-0.657314
1654.322000,-0.630392
1654.323000,-0.563039
1654.324000,-0.424489
1654.325000,-0.420378
1654.326000,-0.407076
1654.327000,-0.368551
1654.328000,-0.197128
1654.329000,-0.141395
1654.330000,-0.227557
1654.331000,-0.357627
1654.332000,-0.433037
1654.333000,-0.419279
1654.334000,-0.596349
1654.335000,-0.667219
1654.336000,-0.662143
1654.337000,-0.759234
1654.338000,-0.504730
1654.339000,-0.563872
1654.340000,-0.322801
1654.341000,-0.320045
1654.342000,-0.100373
1654.343000,-0.159577
1654.344000,-0.130365
1654.345000,-0.220907
1654.346000,-0.142003
1654.347000,-0.246336
1654.348000,-0.229490
1654.349000,-0.369157
1654.350000,-0.480037
1654.351000,-0.582349
1654.352000,-0.438894
1654.353000,-0.409943
1654.354000,-0.423606
1654.355000,-0.348914
1654.356000,-0.156673
1654.357000,-0.281988
1654.358000,-0.333996
1654.359000,-0.228653
1654.360000,-0.099065
1654.361000,-0.211921
1654.362000,-0.159552
1654.363000,0.010729
1654.364000,0.091780
1654.365000,0.210886
1654.366000,0.467365
1654.367000,0.431678
1654.368000,0.413117
1654.369000,0.301001
1654.370000,0.261375
1654.371000,0.315726
1654.372000,0.405974
1654.373000,0.286818
1654.374000,0.486839
1654.375000,0.585853
1654.376000,0.574083
1654.377000,0.723805
1654.378000,0.823748
1654.379000,0.801675
1654.380000,0.682841
1654.381000,0.692849
1654.382000,0.710624
1654.383000,0.725523
1654.384000,0.839186
1654.385000,0.735901
1654.386000,0.778798
1654.387000,0.840402
1654.388000,0.875971
1654.389000,0.746160
1654.390000,0.935429
1654.391000,0.870680
1654.392000,0.861700
1654.393000,0.890004
1654.394000,1.034410
1654.395000,0.990392
1654.396000,0.984504
1654.397000,1.030819
1654.398000,1.157324
1654.399000,1.229393
1654.400000,1.320353
1654.401000,1.449687
1654.402000,1.500340
1654.403000,1.654403
1654.404000,1.604764
1654.405000,1.519254
1654.406000,1.503883
1654.407000,1.506210
1654.408000,1.542134
1654.409000,1.559380
1654.410000,1.471127
1654.411000,1.469870
1654.412000,1.300912
1654.413000,1.260966
1654.414000,1.250870
1654.415000,1.217528
1654.416000,1.164853
1654.417000,1.166735
1654.418000,1.150261
1654.419000,1.186140
1654.420000,1.006755
1654.421000,0.931980
1654.422000,1.167824
1654.423000,1.147376
1654.424000,1.109770
1654.425000,1.227183
1654.426000,1.337808
1654.427000,1.217224
1654.428000,1.172990
1654.429000,1.213183
1654.430000,1.145380
1654.431000,1.004659
1654.432000,1.087768
1654.433000,1.123528
1654.434000,1.167322
1654.435000,1.204064
1654.436000,1.057983
1654.437000,1.071924
1654.438000,0.988263
1654.439000,1.011680
1654.440000,0.960272
1654.441000,0.983251
1654.442000,0.985592
1654.443000,0.914165
1654.444000,1.022984
1654.445000,0.868617
1654.446000,0.694603
1654.447000,0.770978
1654.448000,0.675553
1654.449000,0.459230
1654.450000,0.399458
1654.451000,0.315521
1654.452000,0.283470
1654.453000,0.207533
1654.454000,0.319978
1654.455000,0.283527
1654.456000,0.154123
1654.457000,0.320779
1654.458000,0.530512
1654.459000,0.198959
1654.460000,0.074047
1654.461000,-0.012239
1654.462000,0.142671
1654.463000,0.105014
1654.464000,0.132568
1654.465000,0.104176
1654.466000,0.129485
1654.467000,-0.094472
1654.468000,-0.089780
1654.469000,0.026066
1654.470000,0.100142
1654.471000,0.061925
1654.472000,0.044520
1654.473000,0.172424
1654.474000,0.077468
1654.475000,0.066012
1654.476000,0.059350
1654.477000,-0.096965
1654.478000,-0.167645
1654.479000,-0.281490
1654.480000,-0.309038
1654.481000,-0.401954
1654.482000,-0.592343
1654.483000,-0.629197
1654.484000,-0.891487
1654.485000,-0.756786
1654.486000,-0.696116
1654.487000,-0.637568
1654.488000,-0.654773
1654.489000,-0.500745
1654.490000,-0.602346
1654.491000,-0.736645
1654.492000,-0.656936
1654.493000,-0.670504
1654.494000,-0.742278
1654.495000,-0.910341
1654.496000,-0.829350
1654.497000,-0.871226
1654.498000,-0.916634
1654.499000,-0.941158
1654.500000,-0.858102
1654.501000,-0.839755
1654.502000,-0.730989
1654.503000,-0.730374
1654.504000,-0.593281
1654.505000,-0.569381
1654.506000,-0.269887
1654.507000,-0.260860
1654.508000,-0.421285
1654.509000,-0.373164
1654.510000,-0.391142
1654.511000,-0.598378
1654.512000,-0.568079
1654.513000,-0.612780
1654.514000,-0.582117
1654.515000,-0.705971
1654.516000,-0.502677
1654.517000,-0.672205
1654.518000,-0.660590
1654.519000,-0.475428
1654.520000,-0.506202
1654.521000,-0.400442
1654.522000,-0.269597
1654.523000,-0.140839
1654.524000,-0.134466
1654.525000,-0.019757
1654.526000,-0.339059
1654.527000,-0.383640
1654.528000,-0.510189
1654.529000,-0.456082
1654.530000,-0.457199
1654.531000,-0.585331
1654.532000,-0.554160
1654.533000,-0.441004
1654.534000,-0.334619
1654.535000,-0.340829
1654.536000,-0.268731
1654.537000,-0.264595
1654.538000,-0.096081
1654.539000,-0.035380
1654.540000,-0.066252
1654.541000,-0.089946
1654.542000,-0.134153
1654.543000,-0.158699
1654.544000,-0.102541
1654.545000,-0.175201
1654.546000,-0.265159
1654.547000,-0.253261
1654.548000,-0.254476
1654.549000,-0.232876
1654.550000,-0.412377
1654.551000,-0.374223
1654.552000,-0.134785
1654.553000,-0.217564
1654.554000,-0.296859
1654.555000,-0.235344
1654.556000,-0.060869
1654.557000,-0.153876
1654.558000,-0.187898
1654.559000,-0.256214
1654.560000,-0.171700
1654.561000,-0.162734
1654.562000,-0.217033
1654.563000,-0.241753
1654.564000,-0.168352
1654.565000,-0.120336
1654.566000,-0.037379
1654.567000,0.000126
1654.568000,0.064980
1654.569000,0.114156
1654.570000,0.122822
1654.571000,0.152755
1654.572000,0.254802
1654.573000,0.223194
1654.574000,0.219731
1654.575000,0.274483
1654.576000,0.412084
1654.577000,0.448828
1654.578000,0.626408
1654.579000,0.743131
1654.580000,0.842474
1654.581000,0.692378
1654.582000,0.794300
1654.583000,0.552261
1654.584000,0.402365
1654.585000,0.320573
1654.586000,0.190082
1654.587000,0.224402
1654.588000,0.221691
1654.589000,0.193833
1654.590000,0.246964
1654.591000,0.193230
1654.592000,0.227428
1654.593000,0.142199
1654.594000,0.263799
1654.595000,0.040328
1654.596000,-0.128009
1654.597000,-0.166666
1654.598000,-0.153391
1654.599000,-0.193955
1654.600000,-0.093864
1654.601000,-0.123427
1654.602000,-0.056637
1654.603000,-0.024536
1654.604000,-0.075654
1654.605000,-0.124855
1654.606000,-0.076925
1654.607000,-0.026130
1654.608000,-0.017475
1654.609000,0.018862
1654.610000,-0.131658
1654.611000,-0.247867
1654.612000,-0.220730
1654.613000,-0.147644
1654.614000,0.039381
1654.615000,-0.040543
1654.616000,-0.221528
1654.617000,-0.164518
1654.618000,-0.401359
1654.619000,-0.395352
1654.620000,-0.519020
1654.621000,-0.642419
1654.622000,-0.617634
1654.623000,-0.563654
1654.624000,-0.492314
1654.625000,-0.405552
1654.626000,-0.573737
1654.627000,-0.507154
1654.628000,-0.342729
1654.629000,-0.295102
1654.630000,-0.388311
1654.631000,-0.369934
1654.632000,-0.354872
1654.633000,-0.302428
1654.634000,-0.188380
1654.635000,-0.073056
1654.636000,-0.039621
1654.637000,-0.020658
1654.638000,0.023089
1654.639000,-0.036454
1654.640000,-0.196649
1654.641000,-0.281930
1654.642000,-0.184940
1654.643000,0.013927
1654.644000,-0.063929
1654.645000,-0.051191
1654.646000,-0.110149
1654.647000,-0.143796
1654.648000,-0.243154
1654.649000,-0.107640
1654.650000,-0.119235
1654.651000,-0.187845
1654.652000,-0.238631
1654.653000,-0.266940
1654.654000,-0.153187
1654.655000,-0.070533
1654.656000,-0.193195
1654.657000,-0.200728
1654.658000,-0.161746
1654.659000,-0.180644
1654.660000,-0.022435
1654.661000,0.021957
1654.662000,0.064987
1654.663000,-0.027588
1654.664000,-0.221156
1654.665000,-0.109637
1654.666000,-0.165915
1654.667000,-0.205694
1654.668000,-0.316194
1654.669000,-0.222027
1654.670000,-0.427430
1654.671000,-0.342975
1654.672000,-0.459416
1654.673000,-0.498092
1654.674000,-0.481838
1654.675000,-0.445507
1654.676000,-0.465812
1654.677000,-0.470074
1654.678000,-0.503055
1654.679000,-0.455952
1654.680000,-0.420956
1654.681000,-0.384435
1654.682000,-0.382021
1654.683000,-0.492022
1654.684000,-0.436950
1654.685000,-0.410471
1654.686000,-0.377859
1654.687000,-0.125407
1654.688000,-0.119683
1654.689000,-0.176997
1654.690000,-0.205456
1654.691000,-0.119385
1654.692000,0.017332
1654.693000,0.080503
1654.694000,-0.047137
1654.695000,-0.259306
1654.696000,-0.145369
1654.697000,-0.203937
1654.698000,-0.202510
1654.699000,-0.111627
1654.700000,-0.026057
1654.701000,0.037284
1654.702000,0.015518
1654.703000,-0.016949
1654.704000,-0.083277
1654.705000,0.071040
1654.706000,0.178495
1654.707000,0.050147
1654.708000,0.310787
1654.709000,0.100818
1654.710000,0.004190
1654.711000,-0.105515
1654.712000,-0.093871
1654.713000,-0.052933
1654.714000,-0.198314
1654.715000,-0.244873
1654.716000,-0.262740
1654.717000,-0.278568
1654.718000,-0.240046
1654.719000,-0.212355
1654.720000,-0.102422
1654.721000,0.006528
1654.722000,0.159758
1654.723000,0.238185
1654.724000,0.268524
1654.725000,0.081521
1654.726000,0.098337
1654.727000,0.122754
1654.728000,-0.065375
1654.729000,0.045140
1654.730000,0.047110
1654.731000,0.267058
1654.732000,0.276756
1654.733000,0.179809
1654.734000,0.084079
1654.735000,-0.006498
1654.736000,-0.219258
1654.737000,-0.323298
1654.738000,-0.258051
1654.739000,-0.277850
1654.740000,-0.109532
1654.741000,-0.077053
1654.742000,-0.194051
1654.743000,-0.112059
1654.744000,-0.086637
1654.745000,-0.138532
1654.746000,-0.005105
1654.747000,-0.247220
1654.748000,-0.180800
1654.749000,-0.110335
1654.750000,-0.098910
1654.751000,-0.121036
1654.752000,-0.109872
1654.753000,-0.054072
1654.754000,-0.136954
1654.755000,-0.070587
1654.756000,-0.066243
1654.757000,-0.083868
1654.758000,-0.045966
1654.759000,-0.235789
1654.760000,-0.010494
1654.761000,-0.080438
1654.762000,0.002740
1654.763000,-0.012278
1654.764000,-0.082276
1654.765000,-0.119882
1654.766000,-0.051268
1654.767000,-0.155206
1654.768000,-0.121971
1654.769000,-0.197457
1654.770000,-0.246373
1654.771000,-0.304810
1654.772000,-0.364000
1654.773000,-0.359243
1654.774000,-0.296989
1654.775000,-0.147841
1654.776000,-0.344056
1654.777000,-0.310158
1654.778000,-0.169548
1654.779000,-0.249447
1654.780000,-0.342481
1654.781000,-0.487871
1654.782000,-0.500862
1654.783000,-0.365391
1654.784000,-0.298663
1654.785000,-0.196054
1654.786000,-0.234813
1654.787000,-0.416995
1654.788000,-0.308869
1654.789000,-0.361410
1654.790000,-0.245456
1654.791000,-0.175936
1654.792000,-0.157958
1654.793000,-0.008459
1654.794000,0.043329
1654.795000,0.047413
1654.796000,0.137071
1654.797000,-0.001368
1654.798000,-0.015978
1654.799000,-0.097640
1654.800000,-0.171233
1654.801000,-0.058069
1654.802000,-0.066366
1654.803000,0.007052
1654.804000,-0.007105
1654.805000,0.066183
1654.806000,-0.033461
1654.807000,-0.098376
1654.808000,-0.068655
1654.809000,-0.179252
1654.810000,-0.233680
1654.811000,-0.253386
1654.812000,-0.291528
1654.813000,-0.334258
1654.814000,-0.228684
1654.815000,-0.459660
1654.816000,-0.458807
1654.817000,-0.414112
1654.818000,-0.319985
1654.819000,-0.437067
1654.820000,-0.402551
1654.821000,-0.425040
1654.822000,-0.350916
1654.823000,-0.405853
1654.824000,-0.269837
1654.825000,-0.269598
1654.826000,-0.098109
1654.827000,-0.106714
1654.828000,-0.146563
1654.829000,-0.213606
1654.830000,-0.249000
1654.831000,-0.230854
1654.832000,-0.286518
1654.833000,-0.281094
1654.834000,-0.313722
1654.835000,-0.198025
1654.836000,-0.204391
1654.837000,-0.268468
1654.838000,-0.258239
1654.839000,-0.299202
1654.840000,-0.380740
1654.841000,-0.172898
1654.842000,-0.073111
1654.843000,-0.150934
1654.844000,-0.309709
1654.845000,-0.408834
1654.846000,-0.538430
1654.847000,-0.481086
1654.848000,-0.300425
1654.849000,-0.226061
1654.850000,-0.294259
1654.851000,-0.399862
1654.852000,-0.371345
1654.853000,-0.290124
1654.854000,-0.277781
1654.855000,-0.252292
1654.856000,-0.112961
1654.857000,-0.178771
1654.858000,-0.093547
1654.859000,-0.126904
1654.860000,-0.210857
1654.861000,-0.235157
1654.862000,-0.171273
1654.863000,-0.164870
1654.864000,-0.118178
1654.865000,-0.125130
1654.866000,-0.158506
1654.867000,-0.117644
1654.868000,-0.144593
1654.869000,-0.159312
1654.870000,-0.270030
1654.871000,-0.225900
1654.872000,-0.286328
1654.873000,-0.084295
1654.874000,-0.114068
1654.875000,-0.130401
1654.876000,0.069306
1654.877000,0.170819
1654.878000,0.221311
1654.879000,0.177086
1654.880000,0.159097
1654.881000,0.086315
1654.882000,0.179592
1654.883000,0.148232
1654.884000,0.173044
1654.885000,0.268870
1654.886000,0.299838
1654.887000,0.309231
1654.888000,0.366644
1654.889000,0.134215
1654.890000,0.127443
1654.891000,0.214897
1654.892000,0.319074
1654.893000,0.543132
1654.894000,0.550592
1654.895000,0.673952
1654.896000,0.515152
1654.897000,0.518621
1654.898000,0.466655
1654.899000,0.562942
1654.900000,0.532864
1654.901000,0.469691
1654.902000,0.366747
1654.903000,0.356285
1654.904000,0.303745
1654.905000,0.407117
1654.906000,0.281146
1654.907000,0.320174
1654.908000,0.419197
1654.909000,0.436978
1654.910000,0.463087
1654.911000,0.194124
1654.912000,0.182268
1654.913000,0.239968
1654.914000,0.408321
1654.915000,0.469364
1654.916000,0.413168
1654.917000,0.542101
1654.918000,0.739008
1654.919000,0.753590
1654.920000,0.472839
1654.921000,0.450745
1654.922000,0.384871
1654.923000,0.371308
1654.924000,0.565550
1654.925000,0.565227
1654.926000,0.483900
1654.927000,0.390748
1654.928000,0.345306
1654.929000,0.345833
1654.930000,0.412527
1654.931000,0.304832
1654.932000,0.078229
1654.933000,0.099031
1654.934000,0.012020
1654.935000,-0.011203
1654.936000,0.123844
1654.937000,0.061240
1654.938000,0.107116
1654.939000,0.045025
1654.940000,0.003202
1654.941000,-0.186054
1654.942000,-0.226180
1654.943000,-0.311654
1654.944000,-0.307153
1654.945000,-0.235507
1654.946000,-0.210653
1654.947000,-0.265704
1654.948000,-0.148810
1654.949000,-0.112839
1654.950000,-0.231347
1654.951000,-0.203677
1654.952000,-0.295157
1654.953000,-0.300158
1654.954000,-0.330504
1654.955000,-0.365757
1654.956000,-0.567308
1654.957000,-0.674825
1654.958000,-0.718825
1654.959000,-0.804866
1654.960000,-0.962228
1654.961000,-0.901876
1654.962000,-1.024734
1654.963000,-0.882930
1654.964000,-0.868085
1654.965000,-0.696314
1654.966000,-0.575637
1654.967000,-0.659766
1654.968000,-0.574490
1654.969000,-0.453324
1654.970000,-0.411561
1654.971000,-0.505436
1654.972000,-0.528798
1654.973000,-0.501273
1654.974000,-0.484986
1654.975000,-0.396954
1654.976000,-0.450603
1654.977000,-0.336320
1654.978000,-0.303437
1654.979000,-0.115049
1654.980000,-0.131153
1654.981000,-0.269952
1654.982000,-0.424392
1654.983000,-0.372508
1654.984000,-0.393947
1654.985000,-0.587372
1654.986000,-0.701767
1654.987000,-0.575462
1654.988000,-0.395053
1654.989000,-0.493593
1654.990000,-0.634123
1654.991000,-0.477211
1654.992000,-0.246918
1654.993000,-0.116566
1654.994000,-0.133937
1654.995000,-0.331851
1654.996000,-0.344444
1654.997000,-0.310465
1654.998000,-0.220481
1654.999000,-0.254597
1655.000000,-0.309965
1655.001000,-0.257919
1655.002000,-0.193095
1655.003000,-0.146222
1655.004000,-0.235228
1655.005000,-0.192983
1655.006000,-0.343294
1655.007000,-0.423393
1655.008000,-0.451633
1655.009000,-0.478392
1655.010000,-0.415208
1655.011000,-0.419197
1655.012000,-0.360170
1655.013000,-0.323281
1655.014000,-0.337165
1655.015000,-0.338472
1655.016000,-0.329116
1655.017000,-0.139940
1655.018000,-0.060987
1655.019000,-0.146809
1655.020000,-0.223914
1655.021000,-0.076894
1655.022000,0.002305
1655.023000,0.169486
1655.024000,0.161315
1655.025000,0.115748
1655.026000,0.028620
1655.027000,0.063395
1655.028000,0.146912
1655.029000,0.077749
1655.030000,0.103071
1655.031000,0.126860
1655.032000,0.324028
1655.033000,0.049663
1655.034000,0.158536
1655.035000,0.022589
1655.036000,-0.028785
1655.037000,-0.028643
1655.038000,0.021881
1655.039000,0.047028
1655.040000,0.057382
1655.041000,-0.110771
1655.042000,-0.063732
1655.043000,0.064433
1655.044000,0.040114
1655.045000,0.071530
1655.046000,-0.028176
1655.047000,-0.010425
1655.048000,-0.011892
1655.049000,-0.113008
1655.050000,-0.011824
1655.051000,-0.040027
1655.052000,0.045650
1655.053000,0.192077
1655.054000,0.316303
1655.055000,0.384914
1655.056000,0.489413
1655.057000,0.570219
1655.058000,0.340949
1655.059000,0.282955
1655.060000,0.098899
1655.061000,0.292023
1655.062000,0.206018
1655.063000,0.164347
1655.064000,0.278938
1655.065000,0.283171
1655.066000,0.474615
1655.067000,0.528266
1655.068000,0.480449
1655.069000,0.430236
1655.070000,0.342280
1655.071000,0.376211
1655.072000,0.548133
1655.073000,0.477343
1655.074000,0.566762
1655.075000,0.420589
1655.076000,0.591429
1655.077000,0.679402
1655.078000,0.778595
1655.079000,0.752675
1655.080000,0.781090
1655.081000,0.917421
1655.082000,0.818077
1655.083000,0.851609
1655.084000,0.890937
1655.085000,0.778634
1655.086000,0.844707
1655.087000,1.033221
1655.088000,0.894347
1655.089000,0.948572
1655.090000,0.904311
1655.091000,0.867897
1655.092000,0.800323
1655.093000,0.672570
1655.094000,0.758580
1655.095000,0.776110
1655.096000,0.709545
1655.097000,0.727017
1655.098000,0.704912
1655.099000,0.738448
1655.100000,0.718072
1655.101000,0.630255
1655.102000,0.672720
1655.103000,0.725206
1655.104000,0.819237
1655.105000,0.776279
1655.106000,0.591973
1655.107000,0.583973
1655.108000,0.520237
1655.109000,0.481679
1655.110000,0.337415
1655.111000,0.422345
1655.112000,0.505007
1655.113000,0.429773
1655.114000,0.449285
1655.115000,0.455797
1655.116000,0.517214
1655.117000,0.616913
1655.118000,0.794099
1655.119000,0.677729
1655.120000,0.607627
1655.121000,0.537819
1655.122000,0.533947
1655.123000,0.546899
1655.124000,0.505670
1655.125000,0.370933
1655.126000,0.341927
1655.127000,0.183790
1655.128000,0.310333
1655.129000,0.433620
1655.130000,0.314569
1655.131000,0.279571
1655.132000,0.184498
1655.133000,0.281849
1655.134000,0.236943
1655.135000,0.277761
1655.136000,0.176377
1655.137000,0.178651
1655.138000,0.066982
1655.139000,-0.016220
1655.140000,-0.184582
1655.141000,-0.279644
1655.142000,-0.482103
1655.143000,-0.440247
1655.144000,-0.296406
1655.145000,-0.034563
1655.146000,0.039497
1655.147000,0.019062
1655.148000,-0.065099
1655.149000,-0.190902
1655.150000,0.016976
1655.151000,-0.026481
1655.152000,0.018863
1655.153000,0.082494
1655.154000,0.023561
1655.155000,-0.036641
1655.156000,0.131934
1655.157000,0.070327
1655.158000,0.164797
1655.159000,-0.143207
1655.160000,-0.053245
1655.161000,-0.129550
1655.162000,-0.170958
1655.163000,0.001930
1655.164000,0.057569
1655.165000,0.125011
1655.166000,0.056379
1655.167000,0.133922
1655.168000,-0.114687
1655.169000,-0.206687
1655.170000,-0.218694
1655.171000,-0.397531
1655.172000,-0.148702
1655.173000,-0.171064
1655.174000,-0.057733
1655.175000,-0.088227
1655.176000,-0.125589
1655.177000,-0.209546
1655.178000,-0.246429
1655.179000,-0.282190
1655.180000,-0.290785
1655.181000,-0.186404
1655.182000,-0.171609
1655.183000,-0.077431
1655.184000,-0.135278
1655.185000,-0.145590
1655.186000,-0.058800
1655.187000,-0.213769
1655.188000,-0.372683
1655.189000,-0.509342
1655.190000,-0.730857
1655.191000,-0.723443
1655.192000,-0.545023
1655.193000,-0.474653
1655.194000,-0.401255
1655.195000,-0.383543
1655.196000,-0.307328
1655.197000,-0.402139
1655.198000,-0.290156
1655.199000,-0.285717
1655.200000,-0.264674
1655.201000,-0.346465
1655.202000,-0.532021
1655.203000,-0.456159
1655.204000,-0.465828
1655.205000,-0.380707
1655.206000,-0.421065
1655.207000,-0.399336
1655.208000,-0.328607
1655.209000,-0.313844
1655.210000,-0.145944
1655.211000,-0.180358
1655.212000,-0.254970
1655.213000,-0.416631
1655.214000,-0.465246
1655.215000,-0.468366
1655.216000,-0.549383
1655.217000,-0.537317
1655.218000,-0.630072
1655.219000,-0.504651
1655.220000,-0.452893
1655.221000,-0.315761
1655.222000,-0.249803
1655.223000,-0.262869
1655.224000,-0.308590
1655.225000,-0.057967
1655.226000,-0.073849
1655.227000,-0.198688
1655.228000,-0.151505
1655.229000,-0.118848
1655.230000,-0.143368
1655.231000,-0.065914
1655.232000,-0.016604
1655.233000,0.043116
1655.234000,0.193128
1655.235000,0.154144
1655.236000,0.195359
1655.237000,0.156011
1655.238000,0.114199
1655.239000,-0.136893
1655.240000,-0.268979
1655.241000,-0.292134
1655.242000,-0.199074
1655.243000,-0.115989
1655.244000,-0.089503
1655.245000,-0.102523
1655.246000,-0.097582
1655.247000,-0.073083
1655.248000,-0.119234
1655.249000,-0.081785
1655.250000,0.074800
1655.251000,0.161683
1655.252000,0.073169
1655.253000,0.007581
1655.254000,0.042877
1655.255000,-0.072780
1655.256000,-0.109199
1655.257000,-0.027057
1655.258000,0.155183
1655.259000,0.103902
1655.260000,0.047910
1655.261000,0.307146
1655.262000,0.339547
1655.263000,0.338554
1655.264000,0.391731
1655.265000,0.404949
1655.266000,0.624562
1655.267000,0.817843
1655.268000,0.796316
1655.269000,0.986807
1655.270000,0.970542
1655.271000,0.901820
1655.272000,1.057050
1655.273000,0.896472
1655.274000,0.820824
1655.275000,0.834673
1655.276000,0.741676
1655.277000,0.738676
1655.278000,0.945642
1655.279000,0.863755
1655.280000,0.865243
1655.281000,0.858324
1655.282000,0.851455
1655.283000,0.850089
1655.284000,0.877079
1655.285000,0.901095
1655.286000,0.799979
1655.287000,0.530431
1655.288000,0.457662
1655.289000,0.496809
1655.290000,0.647179
1655.291000,0.595948
1655.292000,0.585532
1655.293000,0.648364
1655.294000,0.390083
1655.295000,0.585565
1655.296000,0.543466
1655.297000,0.584276
1655.298000,0.512775
1655.299000,0.560958
1655.300000,0.514509
1655.301000,0.585856
1655.302000,0.540039
1655.303000,0.576044
1655.304000,0.596001
1655.305000,0.681067
1655.306000,0.690022
1655.307000,0.760920
1655.308000,0.793855
1655.309000,0.759518
1655.310000,0.727207
1655.311000,0.820809
1655.312000,0.728725
1655.313000,0.713107
1655.314000,0.686876
1655.315000,0.841370
1655.316000,0.835011
1655.317000,0.830209
1655.318000,0.802279
1655.319000,0.904305
1655.320000,0.848451
1655.321000,0.671397
1655.322000,0.690986
1655.323000,0.739775
1655.324000,0.677495
1655.325000,0.478820
1655.326000,0.450214
1655.327000,0.484999
1655.328000,0.451288
1655.329000,0.397193
1655.330000,0.424912
1655.331000,0.342778
1655.332000,0.387835
1655.333000,0.356695
1655.334000,0.313035
1655.335000,0.309844
1655.336000,0.417124
1655.337000,0.381870
1655.338000,0.444540
1655.339000,0.489466
1655.340000,0.596095
1655.341000,0.602011
1655.342000,0.317336
1655.343000,0.429565
1655.344000,0.429501
1655.345000,0.485794
1655.346000,0.186327
1655.347000,0.153493
1655.348000,0.362832
1655.349000,0.453665
1655.350000,0.620341
1655.351000,0.674131
1655.352000,0.633444
1655.353000,0.457923
1655.354000,0.387364
1655.355000,0.131090
1655.356000,0.239215
1655.357000,0.390529
1655.358000,0.362888
1655.359000,0.356206
1655.360000,0.546210
1655.361000,0.620887
1655.362000,0.528429
1655.363000,0.744284
1655.364000,0.868156
1655.365000,0.940567
1655.366000,0.992537
1655.367000,0.806171
1655.368000,0.873235
1655.369000,0.818049
1655.370000,0.751427
1655.371000,0.646900
1655.372000,0.713161
1655.373000,0.721513
1655.374000,0.668991
1655.375000,0.668275
1655.376000,0.577642
1655.377000,0.602294
1655.378000,0.656763
1655.379000,0.443771
1655.380000,0.559776
1655.381000,0.269289
1655.382000,0.343961
1655.383000,0.331889
1655.384000,0.287411
1655.385000,0.147655
1655.386000,0.206801
1655.387000,0.341766
1655.388000,0.165622
1655.389000,0.223841
1655.390000,0.164783
1655.391000,0.160645
1655.392000,0.206252
1655.393000,0.135804
1655.394000,0.176919
1655.395000,0.121574
1655.396000,0.195644
1655.397000,0.061688
1655.398000,0.063569
1655.399000,0.094305
1655.400000,-0.002899
1655.401000,0.024334
1655.402000,0.259164
1655.403000,0.402869
1655.404000,0.505178
1655.405000,0.340290
1655.406000,0.303704
1655.407000,0.242964
1655.408000,0.419464
1655.409000,0.363483
1655.410000,0.384500
1655.411000,0.381438
1655.412000,0.377346
1655.413000,0.536303
1655.414000,0.394982
1655.415000,0.371436
1655.416000,0.321808
1655.417000,0.311712
1655.418000,0.032204
1655.419000,-0.079832
1655.420000,-0.124146
1655.421000,-0.120839
1655.422000,-0.095955
1655.423000,-0.073848
1655.424000,-0.090657
1655.425000,-0.078445
1655.426000,-0.167337
1655.427000,-0.266983
1655.428000,-0.228537
1655.429000,-0.275120
1655.430000,-0.369229
1655.431000,-0.242947
1655.432000,-0.357850
1655.433000,-0.376555
1655.434000,-0.389451
1655.435000,-0.237093
1655.436000,-0.299441
1655.437000,-0.472256
1655.438000,-0.496101
1655.439000,-0.494717
1655.440000,-0.575698
1655.441000,-0.499084
1655.442000,-0.475922
1655.443000,-0.643201
1655.444000,-0.648733
1655.445000,-0.790772
1655.446000,-0.828512
1655.447000,-0.806772
1655.448000,-0.787411
1655.449000,-0.870105
1655.450000,-0.756449
1655.451000,-0.662781
1655.452000,-0.532977
1655.453000,-0.353116
1655.454000,-0.411448
1655.455000,-0.314762
1655.456000,-0.301912
1655.457000,-0.241772
1655.458000,-0.251481
1655.459000,-0.331159
1655.460000,-0.425573
1655.461000,-0.422567
1655.462000,-0.375581
1655.463000,-0.350300
1655.464000,-0.401533
1655.465000,-0.342195
1655.466000,-0.355415
1655.467000,-0.330502
1655.468000,-0.521298
1655.469000,-0.483383
1655.470000,-0.377522
1655.471000,-0.366134
1655.472000,-0.422973
1655.473000,-0.576755
1655.474000,-0.532688
1655.475000,-0.442735
1655.476000,-0.459074
1655.477000,-0.576681
1655.478000,-0.546737
1655.479000,-0.622648
1655.480000,-0.510643
1655.481000,-0.735790
1655.482000,-0.740917
1655.483000,-0.814269
1655.484000,-0.841522
1655.485000,-0.830806
1655.486000,-0.885340
1655.487000,-0.768985
1655.488000,-0.833834
1655.489000,-0.849594
1655.490000,-0.860763
1655.491000,-1.005632
1655.492000,-0.986880
1655.493000,-0.906840
1655.494000,-0.871321
1655.495000,-0.850891
1655.496000,-0.926647
1655.497000,-1.062777
1655.498000,-1.120672
1655.499000,-1.123586
1655.500000,-0.988665
1655.501000,-0.966386
1655.502000,-0.957769
1655.503000,-0.904352
1655.504000,-1.054536
1655.505000,-1.091486
1655.506000,-1.070690
1655.507000,-1.129356
1655.508000,-1.097845
1655.509000,-1.129494
1655.510000,-1.023328
1655.511000,-1.022408
1655.512000,-1.142408
1655.513000,-0.773303
1655.514000,-0.830357
1655.515000,-0.781661
1655.516000,-0.753840
1655.517000,-0.580434
1655.518000,-0.578641
1655.519000,-0.632390
1655.520000,-0.559368
1655.521000,-0.686607
1655.522000,-0.787560
1655.523000,-0.725766
1655.524000,-0.990179
1655.525000,-1.082495
1655.526000,-0.910829
1655.527000,-0.812975
1655.528000,-0.983512
1655.529000,-1.102758
1655.530000,-1.166106
1655.531000,-1.137867
1655.532000,-1.202964
1655.533000,-1.149468
1655.534000,-1.124801
1655.535000,-1.001935
1655.536000,-0.948324
1655.537000,-0.697809
1655.538000,-0.768745
1655.539000,-0.695735
1655.540000,-0.900028
1655.541000,-1.046158
1655.542000,-1.212187
1655.543000,-1.170983
1655.544000,-1.168940
1655.545000,-1.044528
1655.546000,-0.920683
1655.547000,-0.990052
1655.548000,-0.978234
1655.549000,-0.817489
1655.550000,-0.885335
1655.551000,-0.676921
1655.552000,-0.661498
1655.553000,-0.491488
1655.554000,-0.516407
1655.555000,-0.482163
1655.556000,-0.484300
1655.557000,-0.383715
1655.558000,-0.352220
1655.559000,-0.276696
1655.560000,-0.144670
1655.561000,-0.025606
1655.562000,-0.038050
1655.563000,-0.145316
1655.564000,-0.212723
1655.565000,-0.182999
1655.566000,-0.155846
1655.567000,-0.294686
1655.568000,-0.249137
1655.569000,-0.261147
1655.570000,-0.129076
1655.571000,-0.278800
1655.572000,-0.237610
1655.573000,-0.344066
1655.574000,-0.331998
1655.575000,-0.258873
1655.576000,-0.168305
1655.577000,-0.289703
1655.578000,-0.222189
1655.579000,-0.175471
1655.580000,-0.197217
1655.581000,-0.177908
1655.582000,-0.177565
1655.583000,-0.114241
1655.584000,-0.096238
1655.585000,-0.023124
1655.586000,0.075667
1655.587000,0.304266
1655.588000,0.226603
1655.589000,0.017274
1655.590000,-0.093934
1655.591000,0.076994
1655.592000,0.025518
1655.593000,0.037086
1655.594000,0.121695
1655.595000,0.142827
1655.596000,0.324462
1655.597000,0.310069
1655.598000,0.386752
1655.599000,0.378870
1655.600000,0.409737
1655.601000,0.560077
1655.602000,0.615398
1655.603000,0.567070
1655.604000,0.580001
1655.605000,0.669538
1655.606000,0.791588
1655.607000,0.640907
1655.608000,0.643719
1655.609000,0.724662
1655.610000,0.650631
1655.611000,0.668621
1655.612000,0.411458
1655.613000,0.525686
1655.614000,0.362191
1655.615000,0.334930
1655.616000,0.322765
1655.617000,0.158350
1655.618000,0.233578
1655.619000,0.381048
1655.620000,0.279066
1655.621000,0.240401
1655.622000,0.298104
1655.623000,0.268917
1655.624000,0.209633
1655.625000,0.233274
1655.626000,0.272078
1655.627000,0.030759
1655.628000,0.046840
1655.629000,0.025861
1655.630000,-0.021527
1655.631000,-0.067563
1655.632000,-0.167132
1655.633000,0.000977
1655.634000,0.265280
1655.635000,0.287990
1655.636000,0.298772
1655.637000,0.258294
1655.638000,0.410691
1655.639000,0.511015
1655.640000,0.488754
1655.641000,0.412228
1655.642000,0.465674
1655.643000,0.600879
1655.644000,0.677879
1655.645000,0.724414
1655.646000,0.660466
1655.647000,0.653782
1655.648000,0.634501
1655.649000,0.507880
1655.650000,0.387212
1655.651000,0.298216
1655.652000,0.369233
1655.653000,0.328861
1655.654000,0.327727
1655.655000,0.130509
1655.656000,0.290702
1655.657000,0.488632
1655.658000,0.410013
1655.659000,0.230780
1655.660000,0.419492
1655.661000,0.381360
1655.662000,0.368962
1655.663000,0.474055
1655.664000,0.356715
1655.665000,0.368214
1655.666000,0.309178
1655.667000,0.222714
1655.668000,0.158393
1655.669000,0.122540
1655.670000,0.063859
1655.671000,-0.117636
1655.672000,-0.154085
1655.673000,-0.038105
1655.674000,-0.114392
1655.675000,-0.342076
1655.676000,-0.166869
1655.677000,-0.425078
1655.678000,-0.364811
1655.679000,-0.312200
1655.680000,-0.153621
1655.681000,-0.187594
1655.682000,-0.128993
1655.683000,-0.034220
1655.684000,-0.021552
1655.685000,-0.061334
1655.686000,0.024867
1655.687000,0.039659
1655.688000,0.044511
1655.689000,-0.122434
1655.690000,-0.164853
1655.691000,-0.153905
1655.692000,-0.369241
1655.693000,-0.377877
1655.694000,-0.323046
1655.695000,-0.322996
1655.696000,-0.276030
1655.697000,-0.385535
1655.698000,-0.373306
1655.699000,-0.348724
1655.700000,-0.455636
1655.701000,-0.436895
1655.702000,-0.586021
1655.703000,-0.379829
1655.704000,-0.499935
1655.705000,-0.400909
1655.706000,-0.409720
1655.707000,-0.341066
1655.708000,-0.296449
1655.709000,-0.175043
1655.710000,-0.270182
1655.711000,-0.305616
1655.712000,-0.208037
1655.713000,-0.186020
1655.714000,-0.460051
1655.715000,-0.442324
1655.716000,-0.254526
1655.717000,-0.276651
1655.718000,-0.262331
1655.719000,-0.133818
1655.720000,-0.191581
1655.721000,-0.270442
1655.722000,-0.153187
1655.723000,-0.025175
1655.724000,-0.026767
1655.725000,-0.185713
1655.726000,-0.219768
1655.727000,-0.372528
1655.728000,-0.248548
1655.729000,-0.155527
1655.730000,-0.150232
1655.731000,-0.022679
1655.732000,-0.050808
1655.733000,-0.100821
1655.734000,-0.158350
1655.735000,-0.149090
1655.736000,-0.299631
1655.737000,-0.181406
1655.738000,-0.083155
1655.739000,-0.191801
1655.740000,-0.155601
1655.741000,-0.212963
1655.742000,-0.114107
1655.743000,-0.155672
1655.744000,-0.268228
1655.745000,-0.224932
1655.746000,-0.326833
1655.747000,-0.083021
1655.748000,-0.094414
1655.749000,-0.174524
1655.750000,-0.099118
1655.751000,-0.249774
1655.752000,-0.281332
1655.753000,-0.338491
1655.754000,-0.307569
1655.755000,-0.291919
1655.756000,-0.066028
1655.757000,-0.004630
1655.758000,0.075603
1655.759000,0.060982
1655.760000,0.138045
1655.761000,0.305010
1655.762000,0.305525
1655.763000,0.232656
1655.764000,0.275582
1655.765000,0.153893
1655.766000,0.229746
1655.767000,0.064690
1655.768000,0.130771
1655.769000,0.223175
1655.770000,0.258079
1655.771000,0.134666
1655.772000,0.342553
1655.773000,0.231995
1655.774000,0.314781
1655.775000,0.271093
1655.776000,0.259230
1655.777000,0.295521
1655.778000,0.278589
1655.779000,0.107995
1655.780000,0.011229
1655.781000,-0.224142
1655.782000,-0.195157
1655.783000,-0.224785
1655.784000,-0.225552
1655.785000,-0.104243
1655.786000,-0.006470
1655.787000,-0.071089
1655.788000,-0.115314
1655.789000,-0.192878
1655.790000,-0.042594
1655.791000,0.156301
1655.792000,0.245732
1655.793000,0.212091
1655.794000,0.106476
1655.795000,0.263655
1655.796000,0.357938
1655.797000,0.417760
1655.798000,0.357341
1655.799000,0.487274
1655.800000,0.418735
1655.801000,0.229736
1655.802000,0.298478
1655.803000,0.407261
1655.804000,0.429869
1655.805000,0.358891
1655.806000,0.408370
1655.807000,0.342518
1655.808000,0.228934
1655.809000,0.301078
1655.810000,0.201401
1655.811000,0.078543
1655.812000,0.165254
1655.813000,0.093883
1655.814000,0.065879
1655.815000,0.022238
1655.816000,0.059093
1655.817000,0.198428
1655.818000,0.422024
1655.819000,0.354293
1655.820000,0.352116
1655.821000,0.343593
1655.822000,0.246502
1655.823000,0.236982
1655.824000,0.170021
1655.825000,-0.066585
1655.826000,-0.269576
1655.827000,-0.252336
1655.828000,-0.204789
1655.829000,-0.324250
1655.830000,-0.278771
1655.831000,-0.509857
1655.832000,-0.380849
1655.833000,-0.202160
1655.834000,-0.224906
1655.835000,-0.118512
1655.836000,-0.029212
1655.837000,0.034155
1655.838000,-0.064579
1655.839000,-0.049966
1655.840000,0.010744
1655.841000,0.022824
1655.842000,0.138180
1655.843000,0.107024
1655.844000,-0.025621
1655.845000,0.083881
1655.846000,0.026778
1655.847000,0.118855
1655.848000,0.146342
1655.849000,0.180118
1655.850000,0.359309
1655.851000,0.376804
1655.852000,0.490153
1655.853000,0.272927
1655.854000,0.267003
1655.855000,0.428981
1655.856000,0.269619
1655.857000,0.169375
1655.858000,0.237740
1655.859000,0.238528
1655.860000,0.236800
1655.861000,0.195320
1655.862000,0.346886
1655.863000,0.325303
1655.864000,0.244118
1655.865000,0.179990
1655.866000,0.349738
1655.867000,0.344867
1655.868000,0.225805
1655.869000,0.195612
1655.870000,0.170111
1655.871000,0.186704
1655.872000,0.149103
1655.873000,0.213724
1655.874000,0.238058
1655.875000,0.123325
1655.876000,0.181375
1655.877000,0.323869
1655.878000,0.303283
1655.879000,0.462780
1655.880000,0.378673
1655.881000,0.557127
1655.882000,0.683853
1655.883000,0.690491
1655.884000,0.921942
1655.885000,0.960595
1655.886000,1.102939
1655.887000,1.282811
1655.888000,1.317080
1655.889000,1.089682
1655.890000,1.071231
1655.891000,1.145423
1655.892000,1.263518
1655.893000,1.333089
1655.894000,1.344902
1655.895000,1.415859
1655.896000,1.334766
1655.897000,1.276406
1655.898000,1.360617
1655.899000,1.339433
1655.900000,1.274798
1655.901000,1.166812
1655.902000,1.084161
1655.903000,1.142770
1655.904000,1.084366
1655.905000,1.137859
1655.906000,1.256797
1655.907000,1.157481
1655.908000,1.064464
1655.909000,0.989284
1655.910000,0.919019
1655.911000,0.762971
1655.912000,0.639616
1655.913000,0.689752
1655.914000,0.519502
1655.915000,0.456476
1655.916000,0.569223
1655.917000,0.711725
1655.918000,0.613987
1655.919000,0.343593
1655.920000,0.477579
1655.921000,0.361684
1655.922000,0.344939
1655.923000,0.417047
1655.924000,0.615625
1655.925000,0.375566
1655.926000,0.502049
1655.927000,0.428864
1655.928000,0.522674
1655.929000,0.663022
1655.930000,0.668965
1655.931000,0.717575
1655.932000,0.567364
1655.933000,0.404854
1655.934000,0.516911
1655.935000,0.629996
1655.936000,0.573145
1655.937000,0.643436
1655.938000,0.608636
1655.939000,0.549235
1655.940000,0.508239
1655.941000,0.589711
1655.942000,0.456968
1655.943000,0.451190
1655.944000,0.295637
1655.945000,0.256372
1655.946000,0.051386
1655.947000,-0.160895
1655.948000,-0.041320
1655.949000,0.005969
1655.950000,0.044610
1655.951000,0.017708
1655.952000,0.241965
1655.953000,0.216017
1655.954000,0.116645
1655.955000,0.085661
1655.956000,-0.134834
1655.957000,-0.169138
1655.958000,-0.383219
1655.959000,-0.212299
1655.960000,-0.198028
1655.961000,-0.332345
1655.962000,-0.338740
1655.963000,-0.187544
1655.964000,-0.147778
1655.965000,-0.154899
1655.966000,-0.047005
1655.967000,-0.153529
1655.968000,-0.227114
1655.969000,-0.276219
1655.970000,-0.364862
1655.971000,-0.504440
1655.972000,-0.441789
1655.973000,-0.438348
1655.974000,-0.601511
1655.975000,-0.543830
1655.976000,-0.539371
1655.977000,-0.600538
1655.978000,-0.667175
1655.979000,-0.573436
1655.980000,-0.498073
1655.981000,-0.477977
1655.982000,-0.613117
1655.983000,-0.728840
1655.984000,-0.573462
1655.985000,-0.659699
1655.986000,-0.694898
1655.987000,-0.587724
1655.988000,-0.655939
1655.989000,-0.600680
1655.990000,-0.591782
1655.991000,-0.575683
1655.992000,-0.521439
1655.993000,-0.470508
1655.994000,-0.693110
1655.995000,-0.700394
1655.996000,-0.688163
1655.997000,-0.823821
1655.998000,-0.666392
1655.999000,-0.624499
1656.000000,-0.385518
1656.001000,-0.376926
1656.002000,-0.393776
1656.003000,-0.194621
1656.004000,0.039186
1656.005000,-0.009523
1656.006000,0.162613
1656.007000,0.114942
1656.008000,0.114314
1656.009000,0.059799
1656.010000,-0.049269
1656.011000,0.015425
1656.012000,0.007875
1656.013000,0.005962
1656.014000,-0.290506
1656.015000,-0.362698
1656.016000,-0.255500
1656.017000,-0.273183
1656.018000,-0.264361
1656.019000,-0.516116
1656.020000,-0.395083
1656.021000,-0.270275
1656.022000,-0.269980
1656.023000,-0.208888
1656.024000,-0.233703
1656.025000,-0.040408
1656.026000,-0.120122
1656.027000,-0.056631
1656.028000,0.158940
1656.029000,0.162834
1656.030000,0.154912
1656.031000,0.162493
1656.032000,0.192488
1656.033000,0.057048
1656.034000,0.100771
1656.035000,0.093313
1656.036000,-0.035347
1656.037000,0.070890
1656.038000,0.115837
1656.039000,-0.218670
1656.040000,-0.399318
1656.041000,-0.475252
1656.042000,-0.339517
1656.043000,-0.348318
1656.044000,-0.596468
1656.045000,-0.740731
1656.046000,-0.779350
1656.047000,-0.701770
1656.048000,-0.736379
1656.049000,-0.887490
1656.050000,-0.867865
1656.051000,-0.869657
1656.052000,-0.674563
1656.053000,-0.454593
1656.054000,-0.282995
1656.055000,-0.202529
1656.056000,-0.087040
1656.057000,0.061027
1656.058000,0.172856
1656.059000,0.104117
1656.060000,0.090328
1656.061000,0.001196
1656.062000,0.051444
1656.063000,-0.000945
1656.064000,-0.073179
1656.065000,-0.167811
1656.066000,-0.150975
1656.067000,-0.206698
1656.068000,-0.293170
1656.069000,-0.334618
1656.070000,-0.350435
1656.071000,-0.193443
1656.072000,-0.255712
1656.073000,-0.168849
1656.074000,-0.206797
1656.075000,-0.414612
1656.076000,-0.404054
1656.077000,-0.301174
1656.078000,-0.328695
1656.079000,-0.139412
1656.080000,-0.219128
1656.081000,-0.208966
1656.082000,-0.396285
1656.083000,-0.424233
1656.084000,-0.401892
1656.085000,-0.446554
1656.086000,-0.479578
1656.087000,-0.394150
1656.088000,-0.450805
1656.089000,-0.390702
1656.090000,-0.240560
1656.091000,-0.234240
1656.092000,-0.445330
1656.093000,-0.600276
1656.094000,-0.558729
1656.095000,-0.519573
1656.096000,-0.490629
1656.097000,-0.474028
1656.098000,-0.531816
1656.099000,-0.575265
1656.100000,-0.524087
1656.101000,-0.585836
1656.102000,-0.494477
1656.103000,-0.467960
1656.104000,-0.378552
1656.105000,-0.367214
1656.106000,-0.417881
1656.107000,-0.295758
1656.108000,-0.408140
1656.109000,-0.406834
1656.110000,-0.387924
1656.111000,-0.421449
1656.112000,-0.561515
1656.113000,-0.625055
1656.114000,-0.620271
1656.115000,-0.611607
1656.116000,-0.544055
1656.117000,-0.421850
1656.118000,-0.293362
1656.119000,-0.387193
1656.120000,-0.457583
1656.121000,-0.356787
1656.122000,-0.318417
1656.123000,-0.260115
1656.124000,-0.412183
1656.125000,-0.480850
1656.126000,-0.507912
1656.127000,-0.750519
1656.128000,-0.534135
1656.129000,-0.393348
1656.130000,-0.422026
1656.131000,-0.497188
1656.132000,-0.583841
1656.133000,-0.460735
1656.134000,-0.612149
1656.135000,-0.634944
1656.136000,-0.581994
1656.137000,-0.745516
1656.138000,-0.771417
1656.139000,-0.779525
1656.140000,-0.706273
1656.141000,-0.807264
1656.142000,-0.768928
1656.143000,-0.991849
1656.144000,-1.146198
1656.145000,-1.143698
1656.146000,-1.110515
1656.147000,-0.906384
1656.148000,-0.518748
1656.149000,-0.642304
1656.150000,-0.632766
1656.151000,-0.814215
1656.152000,-0.794699
1656.153000,-0.740345
1656.154000,-0.979976
1656.155000,-1.013735
1656.156000,-1.106684
1656.157000,-1.140742
1656.158000,-1.052419
1656.159000,-0.824133
1656.160000,-0.962057
1656.161000,-0.980878
1656.162000,-0.858140
1656.163000,-0.953253
1656.164000,-1.054932
1656.165000,-1.098338
1656.166000,-1.065952
1656.167000,-1.066207
1656.168000,-1.003717
1656.169000,-0.872499
1656.170000,-0.556901
1656.171000,-0.576212
1656.172000,-0.675138
1656.173000,-0.477682
1656.174000,-0.489535
1656.175000,-0.387354
1656.176000,-0.485300
1656.177000,-0.575821
1656.178000,-0.621575
1656.179000,-0.594563
1656.180000,-0.601967
1656.181000,-0.623047
1656.182000,-0.613383
1656.183000,-0.398658
1656.184000,-0.344093
1656.185000,-0.374150
1656.186000,-0.500639
1656.187000,-0.448345
1656.188000,-0.345634
1656.189000,-0.338163
1656.190000,-0.337518
1656.191000,-0.312310
1656.192000,-0.123406
1656.193000,-0.146758
1656.194000,-0.294852
1656.195000,0.138104
1656.196000,0.136325
1656.197000,0.156859
1656.198000,0.288635
1656.199000,0.170000
1656.200000,0.152295
1656.201000,0.212761
1656.202000,0.302888
1656.203000,0.475265
1656.204000,0.543143
1656.205000,0.673563
1656.206000,0.536553
1656.207000,0.772932
1656.208000,0.726994
1656.209000,0.770803
1656.210000,0.877487
1656.211000,0.791022
1656.212000,0.733867
1656.213000,0.608827
1656.214000,0.694145
1656.215000,0.735473
1656.216000,0.914059
1656.217000,1.030004
1656.218000,1.180473
1656.219000,1.123680
1656.220000,0.954255
1656.221000,1.003280
1656.222000,0.851973
1656.223000,0.759328
1656.224000,0.828633
1656.225000,0.964493
1656.226000,0.983580
1656.227000,1.074684
1656.228000,1.063091
1656.229000,1.130608
1656.230000,1.077494
1656.231000,1.051033
1656.232000,0.967635
1656.233000,0.837148
1656.234000,0.787318
1656.235000,0.780785
1656.236000,0.787348
1656.237000,0.809092
1656.238000,0.750236
1656.239000,0.881059
1656.240000,0.777959
1656.241000,0.975462
1656.242000,0.941337
1656.243000,0.924929
1656.244000,0.908457
1656.245000,0.907583
1656.246000,0.840453
1656.247000,0.926234
1656.248000,0.819683
1656.249000,0.854400
1656.250000,0.980254
1656.251000,1.141131
1656.252000,1.001884
1656.253000,1.015893
1656.254000,0.814939
1656.255000,1.004790
1656.256000,1.001167
1656.257000,0.711201
1656.258000,0.617375
1656.259000,0.537704
1656.260000,0.513469
1656.261000,0.581182
1656.262000,0.806875
1656.263000,1.004168
1656.264000,0.957418
1656.265000,0.859687
1656.266000,0.841844
1656.267000,0.946070
1656.268000,0.933735
1656.269000,1.107182
1656.270000,0.956792
1656.271000,1.015312
1656.272000,1.077955
1656.273000,0.975455
1656.274000,1.051345
1656.275000,1.066143
1656.276000,1.205859
1656.277000,1.214630
1656.278000,1.214166
1656.279000,1.424866
1656.280000,1.576276
1656.281000,1.432551
1656.282000,1.523035
1656.283000,1.579090
1656.284000,1.585886
1656.285000,1.479402
1656.286000,1.386344
1656.287000,1.522309
1656.288000,1.480183
1656.289000,1.496231
1656.290000,1.228651
1656.291000,1.066581
1656.292000,1.148545
1656.293000,1.180969
1656.294000,1.301422
1656.295000,1.325729
1656.296000,1.220706
1656.297000,1.317098
1656.298000,1.184031
1656.299000,1.175493
1656.300000,1.277070
1656.301000,1.290741
1656.302000,1.228585
1656.303000,1.221314
1656.304000,1.145592
1656.305000,1.083750
1656.306000,1.230509
1656.307000,1.105064
1656.308000,1.093502
1656.309000,1.164025
1656.310000,1.057143
1656.311000,1.077250
1656.312000,1.015634
1656.313000,0.896757
1656.314000,1.187733
1656.315000,1.032905
1656.316000,0.967889
1656.317000,0.836348
1656.318000,0.699857
1656.319000,0.785417
1656.320000,0.672367
1656.321000,0.487204
1656.322000,0.361527
1656.323000,0.340134
1656.324000,0.548598
1656.325000,0.566213
1656.326000,0.137159
1656.327000,0.292768
1656.328000,0.198529
1656.329000,0.157629
1656.330000,0.117649
1656.331000,0.066329
1656.332000,0.073416
1656.333000,0.064882
1656.334000,0.107340
1656.335000,0.101855
1656.336000,0.185080
1656.337000,0.431363
1656.338000,0.300150
1656.339000,0.278904
1656.340000,0.241338
1656.341000,0.122677
1656.342000,0.107805
1656.343000,0.038285
1656.344000,0.049161
1656.345000,0.243076
1656.346000,0.328870
1656.347000,0.121926
1656.348000,0.024893
1656.349000,0.206345
1656.350000,0.342751
1656.351000,0.222525
1656.352000,0.119835
1656.353000,0.186812
1656.354000,0.307691
1656.355000,0.074993
1656.356000,0.141160
1656.357000,0.112998
1656.358000,0.022262
1656.359000,-0.024172
1656.360000,-0.079182
1656.361000,-0.030002
1656.362000,0.034305
1656.363000,0.020535
1656.364000,-0.016320
1656.365000,-0.025020
1656.366000,-0.281442
1656.367000,-0.351940
1656.368000,-0.449343
1656.369000,-0.400319
1656.370000,-0.249277
1656.371000,-0.195902
1656.372000,-0.273764
1656.373000,-0.387420
1656.374000,-0.462352
1656.375000,-0.569230
1656.376000,-0.398381
1656.377000,-0.358411
1656.378000,-0.365037
1656.379000,-0.413566
1656.380000,-0.631687
1656.381000,-0.500155
1656.382000,-0.527762
1656.383000,-0.755310
1656.384000,-0.620667
1656.385000,-0.798146
1656.386000,-0.635004
1656.387000,-0.556648
1656.388000,-0.562482
1656.389000,-0.735263
1656.390000,-0.926793
1656.391000,-1.075976
1656.392000,-0.859177
1656.393000,-0.985804
1656.394000,-0.919323
1656.395000,-0.944833
1656.396000,-0.934322
1656.397000,-0.819444
1656.398000,-0.782942
1656.399000,-0.680131
1656.400000,-0.492220
1656.401000,-0.463847
1656.402000,-0.626381
1656.403000,-0.655139
1656.404000,-0.734369
1656.405000,-0.952191
1656.406000,-0.971424
1656.407000,-0.841383
1656.408000,-0.826512
1656.409000,-0.786876
1656.410000,-0.739488
1656.411000,-0.609363
1656.412000,-0.613784
1656.413000,-0.531917
1656.414000,-0.710209
1656.415000,-0.576149
1656.416000,-0.421058
1656.417000,-0.533799
1656.418000,-0.568789
1656.419000,-0.580634
1656.420000,-0.767548
1656.421000,-0.839278
1656.422000,-0.666253
1656.423000,-0.745796
1656.424000,-0.696990
1656.425000,-0.776408
1656.426000,-0.861980
1656.427000,-0.620171
1656.428000,-0.600735
1656.429000,-0.744207
1656.430000,-0.639562
1656.431000,-0.622716
1656.432000,-0.601929
1656.433000,-0.646268
1656.434000,-0.685526
1656.435000,-0.651458
1656.436000,-0.703512
1656.437000,-0.602185
1656.438000,-0.634807
1656.439000,-0.709128
1656.440000,-0.831084
1656.441000,-0.742551
1656.442000,-0.605614
1656.443000,-0.649056
1656.444000,-0.617817
1656.445000,-0.479433
1656.446000,-0.434637
1656.447000,-0.220606
1656.448000,-0.063524
1656.449000,0.068750
1656.450000,0.084732
1656.451000,-0.051397
1656.452000,-0.116014
1656.453000,-0.112756
1656.454000,-0.028254
1656.455000,-0.013617
1656.456000,0.119874
1656.457000,-0.092696
1656.458000,-0.034896
1656.459000,-0.020219
1656.460000,0.062668
1656.461000,0.155264
1656.462000,0.181436
1656.463000,0.091133
1656.464000,0.138745
1656.465000,0.117142
1656.466000,0.022489
1656.467000,0.038134
1656.468000,-0.131682
1656.469000,-0.194871
1656.470000,-0.152721
1656.471000,-0.185754
1656.472000,-0.098720
1656.473000,-0.342281
1656.474000,-0.407083
1656.475000,-0.319404
1656.476000,-0.303192
1656.477000,-0.302478
1656.478000,-0.630305
1656.479000,-0.714249
1656.480000,-0.682983
1656.481000,-0.841565
1656.482000,-0.922702
1656.483000,-0.885015
1656.484000,-0.798531
1656.485000,-0.779192
1656.486000,-0.691137
1656.487000,-0.627006
1656.488000,-0.509838
1656.489000,-0.541085
1656.490000,-0.577513
1656.491000,-0.594263
1656.492000,-0.495557
1656.493000,-0.517211
1656.494000,-0.668212
1656.495000,-0.607177
1656.496000,-0.323226
1656.497000,-0.372416
1656.498000,-0.432458
1656.499000,-0.416157
1656.500000,-0.186122
1656.501000,-0.487587
1656.502000,-0.547986
1656.503000,-0.545933
1656.504000,-0.511004
1656.505000,-0.373655
1656.506000,-0.408078
1656.507000,-0.551436
1656.508000,-0.348825
1656.509000,-0.205112
1656.510000,-0.265058
1656.511000,-0.195173
1656.512000,-0.177711
1656.513000,-0.231902
1656.514000,-0.162649
1656.515000,-0.124467
1656.516000,-0.045032
1656.517000,-0.152953
1656.518000,-0.052918
1656.519000,-0.144945
1656.520000,-0.170127
1656.521000,-0.264413
1656.522000,-0.283393
1656.523000,-0.307769
1656.524000,-0.189839
1656.525000,-0.443796
1656.526000,-0.482131
1656.527000,-0.507416
1656.528000,-0.610529
1656.529000,-0.499100
1656.530000,-0.430701
1656.531000,-0.279455
1656.532000,-0.362721
1656.533000,-0.404577
1656.534000,-0.643958
1656.535000,-0.655936
1656.536000,-0.471397
1656.537000,-0.486539
1656.538000,-0.624215
1656.539000,-0.655412
1656.540000,-0.421980
1656.541000,-0.496938
1656.542000,-0.418987
1656.543000,-0.374362
1656.544000,-0.219692
1656.545000,-0.116741
1656.546000,-0.102134
1656.547000,0.051898
1656.548000,0.103477
1656.549000,0.166898
1656.550000,0.286039
1656.551000,0.230714
1656.552000,0.163244
1656.553000,0.093597
1656.554000,0.199259
1656.555000,0.031293
1656.556000,0.051997
1656.557000,0.012188
1656.558000,-0.190199
1656.559000,-0.156992
1656.560000,-0.211855
1656.561000,-0.184045
1656.562000,-0.326698
1656.563000,-0.358552
1656.564000,-0.293958
1656.565000,-0.286660
1656.566000,-0.402659
1656.567000,-0.290920
1656.568000,-0.218767
1656.569000,-0.169917
1656.570000,-0.030260
1656.571000,-0.150879
1656.572000,-0.045595
1656.573000,-0.145382
1656.574000,-0.194442
1656.575000,-0.249594
1656.576000,-0.247057
1656.577000,-0.303000
1656.578000,-0.320350
1656.579000,-0.204222
1656.580000,-0.143647
1656.581000,-0.024150
1656.582000,0.058310
1656.583000,0.135200
1656.584000,0.101418
1656.585000,0.256474
1656.586000,0.207826
1656.587000,-0.019221
1656.588000,-0.093492
1656.589000,0.067431
1656.590000,-0.004606
1656.591000,-0.047431
1656.592000,0.004578
1656.593000,0.279089
1656.594000,0.412278
1656.595000,0.353011
1656.596000,0.392689
1656.597000,0.297336
1656.598000,0.245849
1656.599000,0.168105
1656.600000,0.235183
1656.601000,0.459517
1656.602000,0.456897
1656.603000,0.187610
1656.604000,0.063755
1656.605000,0.343549
1656.606000,0.299849
1656.607000,0.244924
1656.608000,0.289890
1656.609000,0.268944
1656.610000,0.284598
1656.611000,0.258689
1656.612000,0.260836
1656.613000,0.272217
1656.614000,0.220751
1656.615000,0.091664
1656.616000,-0.053217
1656.617000,0.104890
1656.618000,0.174556
1656.619000,0.184133
1656.620000,0.156669
1656.621000,0.356480
1656.622000,0.444680
1656.623000,0.269987
1656.624000,0.461621
1656.625000,0.473289
1656.626000,0.452014
1656.627000,0.530841
1656.628000,0.592989
1656.629000,0.608016
1656.630000,0.616730
1656.631000,0.691255
1656.632000,0.659423
1656.633000,0.694770
1656.634000,0.871042
1656.635000,0.905599
1656.636000,0.857224
1656.637000,0.907892
1656.638000,0.738200
1656.639000,0.821773
1656.640000,0.717753
1656.641000,0.781679
1656.642000,0.709802
1656.643000,0.715367
1656.644000,0.713972
1656.645000,0.737996
1656.646000,0.680891
1656.647000,0.647404
1656.648000,0.632910
1656.649000,0.729445
1656.650000,0.599600
1656.651000,0.561542
1656.652000,0.560830
1656.653000,0.637725
1656.654000,0.740259
1656.655000,0.791375
1656.656000,0.706417
1656.657000,0.801177
1656.658000,0.820884
1656.659000,0.736627
1656.660000,0.712227
1656.661000,0.593858
1656.662000,0.707910
1656.663000,0.933061
1656.664000,0.956845
1656.665000,0.645974
1656.666000,0.658833
1656.667000,0.765564
1656.668000,0.761474
1656.669000,0.765374
1656.670000,0.881279
1656.671000,0.984656
1656.672000,0.884263
1656.673000,0.878763
1656.674000,0.772069
1656.675000,0.760056
1656.676000,0.763648
1656.677000,0.757026
1656.678000,0.864143
1656.679000,0.919021
1656.680000,0.979102
1656.681000,1.016175
1656.682000,0.909345
1656.683000,0.855087
1656.684000,0.925482
1656.685000,0.724372
1656.686000,0.653102
1656.687000,0.770420
1656.688000,0.835648
1656.689000,0.870400
1656.690000,0.690088
1656.691000,0.439916
1656.692000,0.373802
1656.693000,0.485527
1656.694000,0.507519
1656.695000,0.467357
1656.696000,0.477495
1656.697000,0.518369
1656.698000,0.409381
1656.699000,0.481074
1656.700000,0.447668
1656.701000,0.553951
1656.702000,0.773340
1656.703000,0.593544
1656.704000,0.664275
1656.705000,0.572667
1656.706000,0.509256
1656.707000,0.416047
1656.708000,0.251397
1656.709000,-0.032813
1656.710000,-0.049426
1656.711000,-0.074188
1656.712000,-0.050970
1656.713000,-0.169505
1656.714000,-0.234980
1656.715000,-0.287713
1656.716000,-0.315398
1656.717000,-0.372335
1656.718000,-0.343797
1656.719000,-0.417659
1656.720000,-0.443023
1656.721000,-0.487063
1656.722000,-0.579249
1656.723000,-0.621682
1656.724000,-0.769304
1656.725000,-0.675620
1656.726000,-0.661206
1656.727000,-0.568767
1656.728000,-0.748009
1656.729000,-0.639358
1656.730000,-0.481676
1656.731000,-0.404879
1656.732000,-0.549580
1656.733000,-0.678114
1656.734000,-0.726588
1656.735000,-0.726168
1656.736000,-0.865952
1656.737000,-0.905098
1656.738000,-0.862420
1656.739000,-0.835936
1656.740000,-0.675549
1656.741000,-0.622646
1656.742000,-0.688292
1656.743000,-0.663524
1656.744000,-0.561887
1656.745000,-0.490366
1656.746000,-0.377233
1656.747000,-0.470392
1656.748000,-0.677501
1656.749000,-0.703487
1656.750000,-0.740711
1656.751000,-0.532484
1656.752000,-0.358140
1656.753000,-0.480278
1656.754000,-0.439832
1656.755000,-0.024120
1656.756000,-0.058078
1656.757000,-0.073982
1656.758000,-0.203371
1656.759000,-0.173592
1656.760000,-0.250324
1656.761000,-0.107154
1656.762000,-0.126927
1656.763000,-0.030787
1656.764000,-0.071106
1656.765000,0.014768
1656.766000,-0.013793
1656.767000,0.058904
1656.768000,-0.049232
1656.769000,0.099288
1656.770000,0.257683
1656.771000,0.272811
1656.772000,0.296411
1656.773000,0.345042
1656.774000,0.276165
1656.775000,0.299685
1656.776000,0.232709
1656.777000,0.095655
1656.778000,0.014028
1656.779000,-0.041525
1656.780000,0.167671
1656.781000,0.094185
1656.782000,0.051814
1656.783000,-0.041763
1656.784000,-0.119822
1656.785000,-0.139217
1656.786000,-0.267914
1656.787000,-0.343314
1656.788000,-0.587374
1656.789000,-0.697682
1656.790000,-0.698597
1656.791000,-0.728096
1656.792000,-0.748820
1656.793000,-0.558598
1656.794000,-0.657569
1656.795000,-0.657068
1656.796000,-0.587625
1656.797000,-0.618276
1656.798000,-0.451431
1656.799000,-0.454273
1656.800000,-0.441405
1656.801000,-0.382705
1656.802000,-0.522152
1656.803000,-0.461740
1656.804000,-0.513392
1656.805000,-0.726981
1656.806000,-0.725324
1656.807000,-0.596684
1656.808000,-0.485360
1656.809000,-0.440946
1656.810000,-0.579011
1656.811000,-0.609911
1656.812000,-0.859759
1656.813000,-0.768010
1656.814000,-0.859925
1656.815000,-1.060599
1656.816000,-0.986517
1656.817000,-0.959519
1656.818000,-0.834902
1656.819000,-0.840433
1656.820000,-0.748829
1656.821000,-0.607217
1656.822000,-0.415881
1656.823000,-0.308235
1656.824000,-0.245454
1656.825000,-0.310192
1656.826000,-0.198552
1656.827000,-0.161004
1656.828000,-0.023854
1656.829000,0.170612
1656.830000,0.016189
1656.831000,-0.111940
1656.832000,0.032306
1656.833000,0.124706
1656.834000,0.107329
1656.835000,0.126063
1656.836000,0.076963
1656.837000,0.008798
1656.838000,-0.099844
1656.839000,0.004031
1656.840000,0.100086
1656.841000,0.079174
1656.842000,-0.114878
1656.843000,-0.159143
1656.844000,-0.086932
1656.845000,0.146200
1656.846000,0.057707
1656.847000,0.014986
1656.848000,-0.100436
1656.849000,-0.198321
1656.850000,-0.139126
1656.851000,-0.217717
1656.852000,-0.372393
1656.853000,-0.469661
1656.854000,-0.396481
1656.855000,-0.244929
1656.856000,-0.141653
1656.857000,0.026113
1656.858000,0.016619
1656.859000,-0.040213
1656.860000,0.057485
1656.861000,0.228231
1656.862000,0.270590
1656.863000,0.171571
1656.864000,0.019171
1656.865000,0.085305
1656.866000,0.052969
1656.867000,0.201463
1656.868000,0.174495
1656.869000,-0.015968
1656.870000,-0.098748
1656.871000,-0.061516
1656.872000,0.049868
1656.873000,0.117047
1656.874000,0.281356
1656.875000,0.264996
1656.876000,0.231315
1656.877000,0.297897
1656.878000,0.326708
1656.879000,0.287526
1656.880000,0.294664
1656.881000,0.353972
1656.882000,0.305858
1656.883000,0.141644
1656.884000,0.139867
1656.885000,0.120218
1656.886000,0.292623
1656.887000,0.183605
1656.888000,0.158543
1656.889000,0.195229
1656.890000,0.221436
1656.891000,0.092164
1656.892000,0.171204
1656.893000,0.099431
1656.894000,0.031813
1656.895000,0.241018
1656.896000,0.292877
1656.897000,0.303612
1656.898000,0.279036
1656.899000,0.193145
1656.900000,0.181616
1656.901000,0.030211
1656.902000,0.030448
1656.903000,0.002328
1656.904000,-0.075074
1656.905000,-0.159417
1656.906000,-0.337158
1656.907000,-0.322009
1656.908000,-0.224737
1656.909000,-0.184753
1656.910000,0.020058
1656.911000,-0.078641
1656.912000,-0.200209
1656.913000,-0.194337
1656.914000,0.021190
1656.915000,-0.007434
1656.916000,0.145326
1656.917000,0.104513
1656.918000,-0.019843
1656.919000,0.188327
1656.920000,0.199232
1656.921000,0.196865
1656.922000,0.213658
1656.923000,0.232305
1656.924000,0.319367
1656.925000,0.299232
1656.926000,0.286946
1656.927000,0.312490
1656.928000,0.357583
1656.929000,0.382728
1656.930000,0.316602
1656.931000,0.194898
1656.932000,0.245082
1656.933000,0.204376
1656.934000,0.033345
1656.935000,-0.026978
1656.936000,-0.155324
1656.937000,-0.195232
1656.938000,0.001853
1656.939000,0.102480
1656.940000,0.161422
1656.941000,0.056417
1656.942000,0.173323
1656.943000,0.170291
1656.944000,0.224194
1656.945000,0.309368
1656.946000,0.276286
1656.947000,0.165370
1656.948000,-0.080329
1656.949000,-0.101113
1656.950000,0.008727
1656.951000,0.050405
1656.952000,-0.072308
1656.953000,-0.091648
1656.954000,-0.136485
1656.955000,0.007441
1656.956000,0.032913
1656.957000,0.056053
1656.958000,0.003762
1656.959000,0.045702
1656.960000,0.178035
1656.961000,0.072347
1656.962000,-0.054647
1656.963000,-0.118107
1656.964000,-0.205319
1656.965000,-0.208443
1656.966000,-0.062864
1656.967000,-0.196275
1656.968000,-0.204952
1656.969000,-0.141117
1656.970000,-0.133178
1656.971000,-0.321805
1656.972000,-0.283026
1656.973000,-0.362976
1656.974000,-0.361890
1656.975000,-0.591907
1656.976000,-0.604835
1656.977000,-0.432945
1656.978000,-0.514916
1656.979000,-0.511021
1656.980000,-0.559000
1656.981000,-0.552767
1656.982000,-0.636626
1656.983000,-0.569888
1656.984000,-0.653025
1656.985000,-0.784679
1656.986000,-1.029084
1656.987000,-1.030079
1656.988000,-0.936069
1656.989000,-0.864590
1656.990000,-0.868940
1656.991000,-0.838759
1656.992000,-0.881787
1656.993000,-0.935780
1656.994000,-0.888665
1656.995000,-0.811223
1656.996000,-0.740713
1656.997000,-0.761307
1656.998000,-0.943565
1656.999000,-0.980498
1657.000000,-0.969113
1657.001000,-0.931534
1657.002000,-0.635657
1657.003000,-0.667598
1657.004000,-0.661645
1657.005000,-0.726847
1657.006000,-0.697375
1657.007000,-0.696424
1657.008000,-0.705158
1657.009000,-0.949574
1657.010000,-1.008448
1657.011000,-1.020381
1657.012000,-0.987367
1657.013000,-0.962944
1657.014000,-0.902465
1657.015000,-0.999170
1657.016000,-0.947159
1657.017000,-0.839533
1657.018000,-0.870578
1657.019000,-0.864574
1657.020000,-0.740191
1657.021000,-0.628535
1657.022000,-0.699739
1657.023000,-0.673280
1657.024000,-0.396517
1657.025000,-0.316479
1657.026000,-0.239044
1657.027000,-0.135917
1657.028000,-0.243470
1657.029000,-0.178519
1657.030000,-0.127851
1657.031000,-0.085137
1657.032000,-0.045726
1657.033000,-0.045874
1657.034000,-0.092888
1657.035000,-0.102995
1657.036000,-0.216538
1657.037000,-0.203905
1657.038000,-0.174608
1657.039000,0.029445
1657.040000,0.153929
1657.041000,0.157703
1657.042000,0.120913
1657.043000,0.129347
1657.044000,0.089259
1657.045000,0.044824
1657.046000,0.203433
1657.047000,0.295640
1657.048000,0.257029
1657.049000,0.324907
1657.050000,0.231397
1657.051000,0.519950
1657.052000,0.484477
1657.053000,0.598438
1657.054000,0.743682
1657.055000,0.737205
1657.056000,0.480486
1657.057000,0.544819
1657.058000,0.660828
1657.059000,0.686363
1657.060000,0.723388
1657.061000,0.807189
1657.062000,0.620352
1657.063000,0.589324
1657.064000,0.607294
1657.065000,0.713176
1657.066000,0.787602
1657.067000,0.708188
1657.068000,0.932438
1657.069000,0.901500
1657.070000,0.950186
1657.071000,0.905918
1657.072000,0.889405
1657.073000,0.940563
1657.074000,0.844082
1657.075000,0.961202
1657.076000,1.036697
1657.077000,0.887171
1657.078000,0.883354
1657.079000,0.972458
1657.080000,1.093673
1657.081000,0.880858
1657.082000,0.996030
1657.083000,0.877053
1657.084000,0.886194
1657.085000,0.854918
1657.086000,0.855284
1657.087000,0.832045
1657.088000,0.653645
1657.089000,0.529746
1657.090000,0.668923
1657.091000,0.776922
1657.092000,0.851846
1657.093000,0.854989
1657.094000,0.803963
1657.095000,0.900048
1657.096000,1.010062
1657.097000,1.010756
1657.098000,1.027047
1657.099000,0.881967
1657.100000,0.822404
1657.101000,0.732176
1657.102000,0.724678
1657.103000,0.697918
1657.104000,0.584857
1657.105000,0.552234
1657.106000,0.834869
1657.107000,0.924685
1657.108000,1.068697
1657.109000,1.007379
1657.110000,1.204643
1657.111000,1.358523
1657.112000,1.330933
1657.113000,1.074767
1657.114000,1.182505
1657.115000,1.195243
1657.116000,1.064192
1657.117000,1.307157
1657.118000,1.609755
1657.119000,1.539397
1657.120000,1.381532
1657.121000,1.315642
1657.122000,1.246348
1657.123000,1.305388
1657.124000,1.322510
1657.125000,1.512806
1657.126000,1.323893
1657.127000,1.339166
1657.128000,1.453765
1657.129000,1.333311
1657.130000,1.269409
1657.131000,1.223474
1657.132000,1.161621
1657.133000,1.293356
1657.134000,1.143873
1657.135000,1.156402
1657.136000,1.036652
1657.137000,1.110994
1657.138000,1.181724
1657.139000,1.147067
1657.140000,1.128102
1657.141000,1.065203
1657.142000,0.849780
1657.143000,0.795810
1657.144000,0.757214
1657.145000,0.630952
1657.146000,0.543648
1657.147000,0.643040
1657.148000,0.433035
1657.149000,0.284760
1657.150000,0.312562
1657.151000,0.532539
1657.152000,0.610706
1657.153000,0.698940
1657.154000,0.508842
1657.155000,0.384523
1657.156000,0.425431
1657.157000,0.516814
1657.158000,0.480420
1657.159000,0.374115
1657.160000,0.177711
1657.161000,0.041684
1657.162000,-0.119717
1657.163000,-0.015791
1657.164000,-0.070339
1657.165000,-0.129883
1657.166000,0.050103
1657.167000,-0.017615
1657.168000,0.076291
1657.169000,0.174328
1657.170000,0.263873
1657.171000,0.227643
1657.172000,0.186678
1657.173000,0.227232
1657.174000,0.167282
1657.175000,0.211960
1657.176000,0.259676
1657.177000,0.068701
1657.178000,0.085075
1657.179000,0.132791
1657.180000,0.347250
1657.181000,0.330532
1657.182000,0.209727
1657.183000,0.358362
1657.184000,0.307348
1657.185000,0.327225
1657.186000,0.288629
1657.187000,0.509523
1657.188000,0.647835
1657.189000,0.750883
1657.190000,0.752260
1657.191000,0.734946
1657.192000,0.752178
1657.193000,0.691666
1657.194000,0.588983
1657.195000,0.629140
1657.196000,0.317200
1657.197000,0.196975
1657.198000,0.211665
1657.199000,0.092524
1657.200000,-0.037195
1657.201000,-0.083589
1657.202000,-0.164554
1657.203000,-0.134311
1657.204000,-0.201705
1657.205000,-0.212915
1657.206000,-0.140269
1657.207000,-0.226528
1657.208000,-0.415183
1657.209000,-0.382540
1657.210000,-0.428150
1657.211000,-0.440578
1657.212000,-0.348942
1657.213000,-0.388558
1657.214000,-0.393107
1657.215000,-0.462794
1657.216000,-0.476026
1657.217000,-0.473187
1657.218000,-0.586249
1657.219000,-0.704248
1657.220000,-0.631038
1657.221000,-0.610935
1657.222000,-0.509921
1657.223000,-0.441105
1657.224000,-0.538985
1657.225000,-0.613400
1657.226000,-0.719684
1657.227000,-0.609941
1657.228000,-0.601757
1657.229000,-0.672494
1657.230000,-0.692352
1657.231000,-0.852087
1657.232000,-0.795827
1657.233000,-0.644879
1657.234000,-0.548244
1657.235000,-0.418516
1657.236000,-0.359492
1657.237000,-0.364494
1657.238000,-0.500813
1657.239000,-0.489061
1657.240000,-0.568108
1657.241000,-0.396640
1657.242000,-0.459804
1657.243000,-0.339695
1657.244000,-0.185086
1657.245000,-0.241236
1657.246000,-0.266760
1657.247000,-0.252382
1657.248000,-0.234812
1657.249000,-0.271154
1657.250000,-0.343883
1657.251000,-0.416198
1657.252000,-0.387101
1657.253000,-0.365564
1657.254000,-0.387698
1657.255000,-0.401921
1657.256000,-0.447490
1657.257000,-0.452402
1657.258000,-0.423680
1657.259000,-0.192543
1657.260000,-0.169750
1657.261000,-0.097958
1657.262000,-0.194856
1657.263000,-0.061227
1657.264000,-0.142255
1657.265000,-0.288785
1657.266000,-0.243073
1657.267000,-0.224773
1657.268000,-0.291059
1657.269000,-0.402730
1657.270000,-0.476498
1657.271000,-0.554307
1657.272000,-0.595132
1657.273000,-0.615709
1657.274000,-0.580021
1657.275000,-0.497078
1657.276000,-0.546244
1657.277000,-0.531122
1657.278000,-0.663786
1657.279000,-0.771042
1657.280000,-0.674030
1657.281000,-0.633174
1657.282000,-0.519125
1657.283000,-0.535105
1657.284000,-0.356438
1657.285000,-0.578279
1657.286000,-0.687742
1657.287000,-0.951568
1657.288000,-0.863986
1657.289000,-0.662628
1657.290000,-0.677737
1657.291000,-0.724952
1657.292000,-0.824273
1657.293000,-0.994511
1657.294000,-1.061514
1657.295000,-1.087060
1657.296000,-1.084406
1657.297000,-1.031083
1657.298000,-0.898012
1657.299000,-0.933481
1657.300000,-0.990473
1657.301000,-0.859868
1657.302000,-0.978749
1657.303000,-0.814638
1657.304000,-0.644553
1657.305000,-0.752643
1657.306000,-0.743608
1657.307000,-0.669025
1657.308000,-0.507085
1657.309000,-0.461956
1657.310000,-0.491546
1657.311000,-0.415315
1657.312000,-0.335052
1657.313000,-0.287535
1657.314000,-0.114558
1657.315000,-0.208595
1657.316000,-0.189973
1657.317000,-0.191612
1657.318000,-0.265178
1657.319000,-0.330431
1657.320000,-0.247956
1657.321000,-0.218201
1657.322000,0.037951
1657.323000,-0.128568
1657.324000,-0.091717
1657.325000,0.021040
1657.326000,0.131778
1657.327000,-0.058790
1657.328000,-0.114472
1657.329000,-0.177874
1657.330000,-0.152905
1657.331000,-0.302518
1657.332000,-0.225865
1657.333000,-0.097272
1657.334000,-0.053291
1657.335000,0.070282
1657.336000,0.192544
1657.337000,0.353213
1657.338000,0.665873
1657.339000,0.625822
1657.340000,0.609887
1657.341000,0.569950
1657.342000,0.481830
1657.343000,0.457207
1657.344000,0.395224
1657.345000,0.382330
1657.346000,0.242898
1657.347000,0.441756
1657.348000,0.410413
1657.349000,0.680668
1657.350000,0.535055
1657.351000,0.764224
1657.352000,0.486349
1657.353000,0.475825
1657.354000,0.336623
1657.355000,0.235875
1657.356000,0.246035
1657.357000,0.262175
1657.358000,0.179003
1657.359000,0.185612
1657.360000,0.185289
1657.361000,0.210247
1657.362000,0.146354
1657.363000,0.185842
1657.364000,0.272902
1657.365000,0.205904
1657.366000,0.090389
1657.367000,-0.043632
1657.368000,-0.110714
1657.369000,-0.182670
1657.370000,-0.021290
1657.371000,0.067711
1657.372000,0.141183
1657.373000,0.095533
1657.374000,0.003105
1657.375000,0.135007
1657.376000,0.324552
1657.377000,0.450477
1657.378000,0.268261
1657.379000,0.080539
1657.380000,-0.128910
1657.381000,-0.122421
1657.382000,0.107267
1657.383000,0.017286
1657.384000,0.009771
1657.385000,0.153557
1657.386000,0.041233
1657.387000,0.013641
1657.388000,0.128955
1657.389000,0.067329
1657.390000,-0.043494
1657.391000,-0.192346
1657.392000,-0.138835
1657.393000,-0.066841
1657.394000,-0.232183
1657.395000,-0.191454
1657.396000,-0.166732
1657.397000,-0.278566
1657.398000,-0.036410
1657.399000,0.077869
1657.400000,0.002282
1657.401000,-0.222815
1657.402000,-0.206105
1657.403000,-0.204908
1657.404000,-0.157694
1657.405000,0.009698
1657.406000,-0.014695
1657.407000,-0.206816
1657.408000,-0.343263
1657.409000,-0.428607
1657.410000,-0.392077
1657.411000,-0.393262
1657.412000,-0.564579
1657.413000,-0.566408
1657.414000,-0.568181
1657.415000,-0.544600
1657.416000,-0.506003
1657.417000,-0.533355
1657.418000,-0.692051
1657.419000,-0.773127
1657.420000,-0.777294
1657.421000,-0.709413
1657.422000,-0.442040
1657.423000,-0.513669
1657.424000,-0.607438
1657.425000,-0.476268
1657.426000,-0.496071
1657.427000,-0.500316
1657.428000,-0.576628
1657.429000,-0.707569
1657.430000,-0.880823
1657.431000,-0.900563
1657.432000,-0.909607
1657.433000,-0.794462
1657.434000,-0.549047
1657.435000,-0.729459
1657.436000,-0.767106
1657.437000,-0.966920
1657.438000,-0.906167
1657.439000,-0.917283
1657.440000,-0.798775
1657.441000,-0.762939
1657.442000,-0.691593
1657.443000,-0.688408
1657.444000,-0.646758
1657.445000,-0.639029
1657.446000,-0.547584
1657.447000,-0.587151
1657.448000,-0.695361
1657.449000,-0.719699
1657.450000,-0.810077
1657.451000,-0.650786
1657.452000,-0.681451
1657.453000,-0.698352
1657.454000,-0.656607
1657.455000,-0.636200
1657.456000,-0.847630
1657.457000,-0.647559
1657.458000,-0.686187
1657.459000,-0.655716
1657.460000,-0.587485
1657.461000,-0.718709
1657.462000,-0.723673
1657.463000,-0.677860
1657.464000,-0.611338
1657.465000,-0.782028
1657.466000,-0.715555
1657.467000,-0.847192
1657.468000,-0.949907
1657.469000,-0.812266
1657.470000,-0.797331
1657.471000,-0.710072
1657.472000,-0.790334
1657.473000,-0.740617
1657.474000,-0.747238
1657.475000,-0.708820
1657.476000,-0.756001
1657.477000,-0.822458
1657.478000,-0.906627
1657.479000,-0.842122
1657.480000,-0.821969
1657.481000,-0.790143
1657.482000,-0.807563
1657.483000,-0.791693
1657.484000,-0.726212
1657.485000,-0.663773
1657.486000,-0.665116
1657.487000,-0.563291
1657.488000,-0.569863
1657.489000,-0.602954
1657.490000,-0.561959
1657.491000,-0.544496
1657.492000,-0.407833
1657.493000,-0.471561
1657.494000,-0.352186
1657.495000,-0.572913
1657.496000,-0.583884
1657.497000,-0.421033
1657.498000,-0.238703
1657.499000,-0.250668
1657.500000,-0.141659
1657.501000,-0.174504
1657.502000,-0.122066
1657.503000,-0.114767
1657.504000,-0.185079
1657.505000,0.106342
1657.506000,0.157901
1657.507000,0.059283
1657.508000,0.134220
1657.509000,0.085281
1657.510000,0.104830
1657.511000,0.125694
1657.512000,-0.066768
1657.513000,-0.153248
1657.514000,-0.005115
1657.515000,-0.098905
1657.516000,0.027018
1657.517000,0.106933
1657.518000,0.052420
1657.519000,0.037789
1657.520000,0.050809
1657.521000,0.267856
1657.522000,0.277687
1657.523000,0.461697
1657.524000,0.504954
1657.525000,0.607915
1657.526000,0.616819
1657.527000,0.564304
1657.528000,0.582147
1657.529000,0.526466
1657.530000,0.496646
1657.531000,0.479104
1657.532000,0.428651
1657.533000,0.405401
1657.534000,0.396269
1657.535000,0.536093
1657.536000,0.498262
1657.537000,0.392942
1657.538000,0.344872
1657.539000,0.460226
1657.540000,0.392442
1657.541000,0.532214
1657.542000,0.649381
1657.543000,0.773401
1657.544000,0.838304
1657.545000,0.585964
1657.546000,0.939401
1657.547000,0.779611
1657.548000,0.860325
1657.549000,0.853587
1657.550000,0.961458
1657.551000,0.896069
1657.552000,0.864558
1657.553000,0.914562
1657.554000,0.930994
1657.555000,0.996271
1657.556000,1.053350
1657.557000,1.023031
1657.558000,0.956752
1657.559000,0.873454
1657.560000,0.937859
1657.561000,0.857797
1657.562000,0.805925
1657.563000,0.900777
1657.564000,0.755054
1657.565000,0.714289
1657.566000,0.676541
1657.567000,0.565657
1657.568000,0.413544
1657.569000,0.400716
1657.570000,0.308861
1657.571000,0.230219
1657.572000,0.293157
1657.573000,0.307460
1657.574000,0.438239
1657.575000,0.296551
1657.576000,0.206888
1657.577000,0.304213
1657.578000,0.204186
1657.579000,0.192588
1657.580000,0.245890
1657.581000,0.212295
1657.582000,0.107948
1657.583000,0.122812
1657.584000,0.295178
1657.585000,0.488951
1657.586000,0.477734
1657.587000,0.477997
1657.588000,0.516129
1657.589000,0.540694
1657.590000,0.352809
1657.591000,0.236005
1657.592000,0.387272
1657.593000,0.259278
1657.594000,0.235385
1657.595000,0.218621
1657.596000,0.317989
1657.597000,0.196341
1657.598000,0.245905
1657.599000,0.216637
1657.600000,0.151205
1657.601000,-0.078500
1657.602000,-0.305428
1657.603000,-0.491942
1657.604000,-0.553242
1657.605000,-0.620870
1657.606000,-0.479300
1657.607000,-0.752853
1657.608000,-0.621377
1657.609000,-0.590835
1657.610000,-0.647911
1657.611000,-0.523968
1657.612000,-0.621617
1657.613000,-0.581397
1657.614000,-0.535193
1657.615000,-0.427431
1657.616000,-0.289873
1657.617000,-0.250681
1657.618000,-0.181247
1657.619000,-0.291461
1657.620000,-0.266030
1657.621000,-0.340327
1657.622000,-0.351441
1657.623000,-0.371108
1657.624000,-0.226504
1657.625000,-0.493229
1657.626000,-0.479578
1657.627000,-0.398805
1657.628000,-0.454906
1657.629000,-0.308881
1657.630000,-0.209137
1657.631000,-0.191387
1657.632000,-0.386786
1657.633000,-0.306870
1657.634000,-0.219453
1657.635000,-0.187220
1657.636000,-0.065263
1657.637000,-0.115104
1657.638000,-0.093659
1657.639000,-0.120878
1657.640000,-0.149214
1657.641000,-0.180975
1657.642000,-0.121940
1657.643000,-0.096927
1657.644000,0.008958
1657.645000,0.050141
1657.646000,0.011684
1657.647000,0.094898
1657.648000,-0.178118
1657.649000,-0.217615
1657.650000,-0.083018
1657.651000,-0.163379
1657.652000,-0.262334
1657.653000,-0.079780
1657.654000,-0.119813
1657.655000,-0.054095
1657.656000,-0.020783
1657.657000,-0.101955
1657.658000,-0.204333
1657.659000,-0.152998
1657.660000,-0.222851
1657.661000,-0.160271
1657.662000,-0.237271
1657.663000,-0.292088
1657.664000,-0.368662
1657.665000,-0.359762
1657.666000,-0.320226
1657.667000,-0.355443
1657.668000,-0.461741
1657.669000,-0.348103
1657.670000,-0.306829
1657.671000,-0.052108
1657.672000,-0.214385
1657.673000,-0.227915
1657.674000,-0.203475
1657.675000,-0.090481
1657.676000,0.074183
1657.677000,0.204417
1657.678000,0.308562
1657.679000,0.356288
1657.680000,0.356725
1657.681000,0.422245
1657.682000,0.458942
1657.683000,0.634701
1657.684000,0.680172
1657.685000,0.729180
1657.686000,0.441650
1657.687000,0.402038
1657.688000,0.358705
1657.689000,0.233225
1657.690000,0.174497
1657.691000,0.306137
1657.692000,0.327649
1657.693000,0.323142
1657.694000,0.486852
1657.695000,0.405390
1657.696000,0.478670
1657.697000,0.456670
1657.698000,0.547564
1657.699000,0.493263
1657.700000,0.426884
1657.701000,0.238645
1657.702000,0.265390
1657.703000,0.175424
1657.704000,0.386466
1657.705000,0.661972
1657.706000,0.538848
1657.707000,0.596957
1657.708000,0.642307
1657.709000,0.731729
1657.710000,0.886767
1657.711000,0.873007
1657.712000,0.964705
1657.713000,0.937710
1657.714000,0.952260
1657.715000,0.921467
1657.716000,0.913640
1657.717000,0.786275
1657.718000,0.902595
1657.719000,0.984390
1657.720000,0.886179
1657.721000,0.834957
1657.722000,0.818317
1657.723000,0.897509
1657.724000,0.774197
1657.725000,0.739272
1657.726000,0.622052
1657.727000,0.580654
1657.728000,0.653010
1657.729000,0.489985
1657.730000,0.486914
1657.731000,0.380516
1657.732000,0.155848
1657.733000,0.058217
1657.734000,0.022607
1657.735000,-0.101891
1657.736000,-0.298635
1657.737000,-0.295662
1657.738000,-0.398133
1657.739000,-0.441506
1657.740000,-0.531620
1657.741000,-0.457393
1657.742000,-0.487565
1657.743000,-0.482026
1657.744000,-0.609183
1657.745000,-0.691330
1657.746000,-0.708561
1657.747000,-0.774281
1657.748000,-0.791686
1657.749000,-0.868398
1657.750000,-0.837568
1657.751000,-0.640714
1657.752000,-0.577975
1657.753000,-0.588848
1657.754000,-0.629848
1657.755000,-0.750342
1657.756000,-0.556163
1657.757000,-0.629275
1657.758000,-0.628093
1657.759000,-0.673902
1657.760000,-0.612921
1657.761000,-0.392724
1657.762000,-0.362265
1657.763000,-0.408953
1657.764000,-0.413803
1657.765000,-0.363969
1657.766000,-0.300449
1657.767000,-0.238778
1657.768000,-0.276448
1657.769000,-0.231193
1657.770000,-0.193503
1657.771000,-0.092102
1657.772000,-0.044545
1657.773000,-0.062040
1657.774000,-0.022736
1657.775000,0.017462
1657.776000,-0.037610
1657.777000,-0.104679
1657.778000,-0.083652
1657.779000,-0.137882
1657.780000,-0.241457
1657.781000,-0.227222
1657.782000,-0.301619
1657.783000,-0.305933
1657.784000,-0.290393
1657.785000,-0.302513
1657.786000,-0.228573
1657.787000,-0.364801
1657.788000,-0.283202
1657.789000,-0.411637
1657.790000,-0.340016
1657.791000,-0.266638
1657.792000,-0.181097
1657.793000,-0.208608
1657.794000,-0.106336
1657.795000,-0.091619
1657.796000,-0.284687
1657.797000,-0.306200
1657.798000,-0.317238
1657.799000,-0.271881
1657.800000,-0.270494
1657.801000,-0.226971
1657.802000,-0.235777
1657.803000,-0.104655
1657.804000,-0.148317
1657.805000,-0.237028
1657.806000,-0.231883
1657.807000,0.006212
1657.808000,0.010534
1657.809000,0.013043
1657.810000,-0.064214
1657.811000,-0.178716
1657.812000,-0.093580
1657.813000,0.016069
1657.814000,0.193173
1657.815000,0.298793
1657.816000,0.267130
1657.817000,0.294749
1657.818000,0.341090
1657.819000,0.216599
1657.820000,0.364026
1657.821000,0.536435
1657.822000,0.492290
1657.823000,0.506133
1657.824000,0.528313
1657.825000,0.532558
1657.826000,0.434894
1657.827000,0.444864
1657.828000,0.386298
1657.829000,0.301927
1657.830000,0.490743
1657.831000,0.618538
1657.832000,0.670634
1657.833000,0.702245
1657.834000,0.769623
1657.835000,0.738574
1657.836000,0.468572
1657.837000,0.463386
1657.838000,0.449884
1657.839000,0.400241
1657.840000,0.332390
1657.841000,0.307201
1657.842000,0.204942
1657.843000,0.347233
1657.844000,0.445405
1657.845000,0.380056
1657.846000,0.355547
1657.847000,0.487267
1657.848000,0.537370
1657.849000,0.489382
1657.850000,0.285787
1657.851000,0.414420
1657.852000,0.302803
1657.853000,0.323617
1657.854000,0.168294
1657.855000,0.086981
1657.856000,0.002167
1657.857000,-0.049854
1657.858000,-0.168132
1657.859000,-0.381175
1657.860000,-0.569327
1657.861000,-0.577094
1657.862000,-0.618339
1657.863000,-0.527823
1657.864000,-0.248753
1657.865000,-0.197040
1657.866000,-0.025670
1657.867000,-0.047841
1657.868000,0.130968
1657.869000,0.074345
1657.870000,0.098657
1657.871000,0.037582
1657.872000,0.094281
1657.873000,0.044494
1657.874000,-0.063135
1657.875000,0.063898
1657.876000,-0.026195
1657.877000,-0.031087
1657.878000,-0.200138
1657.879000,-0.228755
1657.880000,-0.233750
1657.881000,-0.192607
1657.882000,-0.147794
1657.883000,-0.106579
1657.884000,-0.166223
1657.885000,-0.173035
1657.886000,-0.292111
1657.887000,-0.225100
1657.888000,-0.152746
1657.889000,-0.142982
1657.890000,0.005995
1657.891000,-0.164083
1657.892000,-0.154742
1657.893000,-0.216293
1657.894000,-0.214428
1657.895000,-0.339818
1657.896000,-0.406387
1657.897000,-0.313917
1657.898000,-0.326213
1657.899000,-0.193434
1657.900000,-0.028753
1657.901000,0.008971
1657.902000,0.150341
1657.903000,0.140948
1657.904000,0.312147
1657.905000,0.378219
1657.906000,0.230785
1657.907000,0.176097
1657.908000,0.219343
1657.909000,0.059692
1657.910000,0.035667
1657.911000,-0.205544
1657.912000,0.058837
1657.913000,0.059806
1657.914000,0.016410
1657.915000,-0.085144
1657.916000,0.025261
1657.917000,0.057818
1657.918000,0.077308
1657.919000,0.024805
1657.920000,0.134569
1657.921000,0.222514
1657.922000,0.277066
1657.923000,0.390625
1657.924000,0.476512
1657.925000,0.427132
1657.926000,0.419294
1657.927000,0.417170
1657.928000,0.536464
1657.929000,0.431630
1657.930000,0.499944
1657.931000,0.399337
1657.932000,0.470050
1657.933000,0.367759
1657.934000,0.349955
1657.935000,0.368878
1657.936000,0.086088
1657.937000,0.111036
1657.938000,0.008268
1657.939000,0.110730
1657.940000,-0.112511
1657.941000,-0.129575
1657.942000,-0.071197
1657.943000,0.028285
1657.944000,0.122305
1657.945000,0.102619
1657.946000,0.200348
1657.947000,0.136485
1657.948000,-0.012199
1657.949000,-0.081113
1657.950000,-0.072367
1657.951000,0.026152
1657.952000,0.009647
1657.953000,-0.045120
1657.954000,0.035738
1657.955000,0.090571
1657.956000,0.056505
1657.957000,-0.074292
1657.958000,0.238182
1657.959000,0.237890
1657.960000,0.397676
1657.961000,0.353478
1657.962000,0.326547
1657.963000,0.407823
1657.964000,0.393612
1657.965000,0.408027
1657.966000,0.295838
1657.967000,0.233167
1657.968000,0.212591
1657.969000,0.121867
1657.970000,0.278176
1657.971000,0.265128
1657.972000,0.119966
1657.973000,0.136258
1657.974000,-0.010221
1657.975000,-0.040576
1657.976000,0.043161
1657.977000,-0.205424
1657.978000,-0.429884
1657.979000,-0.575180
1657.980000,-0.552233
1657.981000,-0.353522
1657.982000,-0.422669
1657.983000,-0.514213
1657.984000,-0.575604
1657.985000,-0.526831
1657.986000,-0.356164
1657.987000,-0.408144
1657.988000,-0.409270
1657.989000,-0.358260
1657.990000,-0.255192
1657.991000,-0.323980
1657.992000,-0.390082
1657.993000,-0.288500
1657.994000,-0.292861
1657.995000,-0.308609
1657.996000,-0.192395
1657.997000,0.006908
1657.998000,-0.059434
1657.999000,0.026932
1658.000000,0.056570
1658.001000,0.184399
1658.002000,0.147596
1658.003000,0.115107
1658.004000,0.181185
1658.005000,0.378133
1658.006000,0.343788
1658.007000,0.401617
1658.008000,0.598196
1658.009000,0.577341
1658.010000,0.580235
1658.011000,0.669699
1658.012000,0.552936
1658.013000,0.437594
1658.014000,0.514680
1658.015000,0.412266
1658.016000,0.432502
1658.017000,0.416225
1658.018000,0.670474
1658.019000,0.589367
1658.020000,0.546669
1658.021000,0.423253
1658.022000,0.460864
1658.023000,0.408793
1658.024000,0.417420
1658.025000,0.458428
1658.026000,0.437978
1658.027000,0.212154
1658.028000,0.174175
1658.029000,0.242836
1658.030000,0.243343
1658.031000,0.197009
1658.032000,0.160672
1658.033000,0.073019
1658.034000,0.106557
1658.035000,0.177915
1658.036000,0.276123
1658.037000,0.356927
1658.038000,0.346299
1658.039000,0.329997
1658.040000,0.234487
1658.041000,0.200044
1658.042000,0.330462
1658.043000,0.567084
1658.044000,0.527136
1658.045000,0.597714
1658.046000,0.507145
1658.047000,0.422472
1658.048000,0.264211
1658.049000,0.434479
1658.050000,0.404405
1658.051000,0.448843
1658.052000,0.297285
1658.053000,0.346400
1658.054000,0.092533
1658.055000,0.066274
1658.056000,-0.066005
1658.057000,-0.094874
1658.058000,-0.282242
1658.059000,-0.278239
1658.060000,-0.194986
1658.061000,-0.370295
1658.062000,-0.272829
1658.063000,-0.292175
1658.064000,-0.175885
1658.065000,-0.087134
1658.066000,-0.072446
1658.067000,-0.245814
1658.068000,-0.343870
1658.069000,-0.079404
1658.070000,-0.036301
1658.071000,-0.213544
1658.072000,-0.157534
1658.073000,-0.215729
1658.074000,0.001317
1658.075000,-0.100868
1658.076000,-0.103428
1658.077000,-0.170466
1658.078000,-0.233024
1658.079000,-0.139591
1658.080000,-0.139108
1658.081000,-0.203843
1658.082000,0.117848
1658.083000,0.045358
1658.084000,-0.071173
1658.085000,0.148994
1658.086000,0.274260
1658.087000,0.358576
1658.088000,0.226738
1658.089000,-0.057924
1658.090000,-0.156075
1658.091000,-0.086377
1658.092000,-0.166690
1658.093000,-0.111088
1658.094000,-0.258047
1658.095000,-0.211292
1658.096000,-0.345112
1658.097000,-0.366946
1658.098000,-0.347372
1658.099000,-0.115183
1658.100000,-0.172116
1658.101000,-0.393640
1658.102000,-0.348246
1658.103000,-0.370263
1658.104000,-0.278514
1658.105000,-0.258009
1658.106000,-0.187673
1658.107000,-0.175459
1658.108000,-0.259145
1658.109000,-0.035388
1658.110000,-0.062444
1658.111000,-0.112595
1658.112000,-0.262445
1658.113000,-0.369441
1658.114000,-0.232351
1658.115000,-0.203868
1658.116000,0.036636
1658.117000,-0.014432
1658.118000,-0.294885
1658.119000,-0.328431
1658.120000,-0.292835
1658.121000,-0.216090
1658.122000,-0.236477
1658.123000,-0.343770
1658.124000,-0.386292
1658.125000,-0.304268
1658.126000,-0.312560
1658.127000,-0.293904
1658.128000,-0.450753
1658.129000,-0.597293
1658.130000,-0.618048
1658.131000,-0.629877
1658.132000,-0.461898
1658.133000,-0.555901
1658.134000,-0.843974
1658.135000,-0.702752
1658.136000,-0.668436
1658.137000,-0.591363
1658.138000,-0.690640
1658.139000,-0.571801
1658.140000,-0.532497
1658.141000,-0.571410
1658.142000,-0.649321
1658.143000,-0.721215
1658.144000,-0.546831
1658.145000,-0.565548
1658.146000,-0.449472
1658.147000,-0.481725
1658.148000,-0.431069
1658.149000,-0.498391
1658.150000,-0.595994
1658.151000,-0.685576
1658.152000,-0.832507
1658.153000,-0.850711
1658.154000,-0.812418
1658.155000,-0.731123
1658.156000,-0.685256
1658.157000,-0.775773
1658.158000,-0.744273
1658.159000,-0.713114
1658.160000,-0.622129
1658.161000,-0.310299
1658.162000,-0.272404
1658.163000,-0.192079
1658.164000,0.052465
1658.165000,0.219860
1658.166000,0.255806
1658.167000,0.296450
1658.168000,0.271155
1658.169000,0.365654
1658.170000,0.323952
1658.171000,0.152642
1658.172000,0.073611
1658.173000,0.130853
1658.174000,0.155052
1658.175000,0.193953
1658.176000,0.268960
1658.177000,0.315046
1658.178000,0.557761
1658.179000,0.835853
1658.180000,0.798760
1658.181000,0.669073
1658.182000,0.779760
1658.183000,0.956033
1658.184000,1.006280
1658.185000,1.099265
1658.186000,0.914397
1658.187000,1.023059
1658.188000,0.927326
1658.189000,0.812033
1658.190000,0.767186
1658.191000,0.785528
1658.192000,0.971956
1658.193000,1.101235
1658.194000,1.077178
1658.195000,1.044433
1658.196000,0.942694
1658.197000,0.888464
1658.198000,0.691564
1658.199000,0.735251
1658.200000,0.780402
1658.201000,0.830218
1658.202000,0.894435
1658.203000,0.866477
1658.204000,0.900327
1658.205000,0.724116
1658.206000,0.589814
1658.207000,0.459627
1658.208000,0.404730
1658.209000,0.243925
1658.210000,0.232718
1658.211000,0.055382
1658.212000,0.091879
1658.213000,-0.001667
1658.214000,-0.087696
1658.215000,-0.175200
1658.216000,-0.201727
1658.217000,-0.085044
1658.218000,-0.094130
1658.219000,-0.003423
1658.220000,0.042430
1658.221000,0.083393
1658.222000,0.071108
1658.223000,0.148779
1658.224000,0.171952
1658.225000,-0.000121
1658.226000,0.129400
1658.227000,-0.004828
1658.228000,0.018866
1658.229000,-0.128507
1658.230000,-0.056417
1658.231000,-0.101600
1658.232000,-0.225654
1658.233000,-0.326406
1658.234000,-0.366204
1658.235000,-0.428045
1658.236000,-0.461907
1658.237000,-0.400041
1658.238000,-0.293470
1658.239000,-0.427525
1658.240000,-0.582626
1658.241000,-0.772664
1658.242000,-0.741233
1658.243000,-0.986865
1658.244000,-1.004885
1658.245000,-0.867627
1658.246000,-1.011904
1658.247000,-1.094865
1658.248000,-1.098809
1658.249000,-1.296641
1658.250000,-1.330091
1658.251000,-1.470704
1658.252000,-1.373401
1658.253000,-1.244973
1658.254000,-1.220668
1658.255000,-1.251598
1658.256000,-1.191891
1658.257000,-1.234532
1658.258000,-1.338844
1658.259000,-1.147146
1658.260000,-1.144474
1658.261000,-1.158775
1658.262000,-1.174458
1658.263000,-1.092389
1658.264000,-0.982291
1658.265000,-0.888252
1658.266000,-0.858363
1658.267000,-0.682515
1658.268000,-0.633062
1658.269000,-0.502063
1658.270000,-0.422318
1658.271000,-0.592003
1658.272000,-0.554132
1658.273000,-0.561088
1658.274000,-0.456632
1658.275000,-0.535166
1658.276000,-0.505179
1658.277000,-0.498775
1658.278000,-0.481465
1658.279000,-0.450701
1658.280000,-0.398782
1658.281000,-0.407258
1658.282000,-0.467990
1658.283000,-0.523887
1658.284000,-0.372547
1658.285000,-0.509163
1658.286000,-0.286740
1658.287000,-0.212665
1658.288000,-0.267841
1658.289000,-0.120146
1658.290000,-0.002929
1658.291000,0.110230
1658.292000,0.008042
1658.293000,0.126233
1658.294000,0.068312
1658.295000,0.043019
1658.296000,0.116176
1658.297000,0.057656
1658.298000,-0.038211
1658.299000,0.022495
1658.300000,0.116592
1658.301000,-0.022478
1658.302000,-0.009213
1658.303000,-0.026399
1658.304000,0.011005
1658.305000,0.013288
1658.306000,0.198611
1658.307000,0.314772
1658.308000,0.402644
1658.309000,0.184458
1658.310000,0.165293
1658.311000,0.347009
1658.312000,0.131285
1658.313000,0.131859
1658.314000,0.181477
1658.315000,0.211199
1658.316000,0.295076
1658.317000,0.323420
1658.318000,0.357093
1658.319000,0.404819
1658.320000,0.349241
1658.321000,0.183790
1658.322000,0.196530
1658.323000,0.341385
1658.324000,0.222137
1658.325000,0.194632
1658.326000,0.254261
1658.327000,0.237995
1658.328000,0.337447
1658.329000,0.223316
1658.330000,0.108321
1658.331000,-0.136610
1658.332000,-0.125335
1658.333000,-0.092543
1658.334000,-0.092116
1658.335000,-0.276980
1658.336000,-0.157697
1658.337000,-0.252541
1658.338000,-0.350488
1658.339000,-0.339057
1658.340000,-0.412799
1658.341000,-0.559928
1658.342000,-0.563350
1658.343000,-0.591067
1658.344000,-0.522724
1658.345000,-0.479719
1658.346000,-0.536280
1658.347000,-0.693707
1658.348000,-0.659792
1658.349000,-0.617827
1658.350000,-0.561479
1658.351000,-0.537452
1658.352000,-0.521833
1658.353000,-0.397950
1658.354000,-0.267523
1658.355000,-0.368248
1658.356000,-0.343560
1658.357000,-0.241159
1658.358000,-0.278968
1658.359000,-0.306579
1658.360000,-0.475969
1658.361000,-0.522804
1658.362000,-0.450636
1658.363000,-0.344001
1658.364000,-0.418965
1658.365000,-0.388482
1658.366000,-0.449860
1658.367000,-0.453034
1658.368000,-0.339124
1658.369000,-0.367723
1658.370000,-0.302233
1658.371000,-0.364852
1658.372000,-0.360786
1658.373000,-0.350166
1658.374000,-0.336644
1658.375000,-0.290200
1658.376000,-0.310883
1658.377000,-0.336135
1658.378000,-0.217586
1658.379000,-0.192048
1658.380000,-0.122661
1658.381000,-0.138167
1658.382000,-0.069080
1658.383000,-0.142625
1658.384000,-0.057518
1658.385000,0.000441
1658.386000,0.109039
1658.387000,0.134612
1658.388000,0.057570
1658.389000,0.035356
1658.390000,-0.182035
1658.391000,0.048988
1658.392000,0.054816
1658.393000,0.099968
1658.394000,0.094995
1658.395000,0.029336
1658.396000,-0.054503
1658.397000,-0.016436
1658.398000,-0.200835
1658.399000,-0.168645
1658.400000,-0.006200
1658.401000,0.060050
1658.402000,-0.015999
1658.403000,-0.063788
1658.404000,-0.002351
1658.405000,-0.027314
1658.406000,0.012101
1658.407000,0.189287
1658.408000,0.146978
1658.409000,0.197428
1658.410000,0.300914
1658.411000,0.329474
1658.412000,0.280929
1658.413000,0.314707
1658.414000,0.460078
1658.415000,0.554295
1658.416000,0.558360
1658.417000,0.619177
1658.418000,0.604739
1658.419000,0.625676
1658.420000,0.755323
1658.421000,0.807989
1658.422000,0.829643
1658.423000,0.661431
1658.424000,0.640833
1658.425000,0.845836
1658.426000,0.896492
1658.427000,0.922244
1658.428000,0.835640
1658.429000,0.793251
1658.430000,0.625677
1658.431000,0.500032
1658.432000,0.460642
1658.433000,0.538967
1658.434000,0.358397
1658.435000,0.486912
1658.436000,0.461697
1658.437000,0.367260
1658.438000,0.377548
1658.439000,0.504708
1658.440000,0.371195
1658.441000,0.475865
1658.442000,0.511919
1658.443000,0.658112
1658.444000,0.747695
1658.445000,0.584023
1658.446000,0.485907
1658.447000,0.444414
1658.448000,0.439636
1658.449000,0.389076
1658.450000,0.384894
1658.451000,0.404252
1658.452000,0.588805
1658.453000,0.538837
1658.454000,0.371251
1658.455000,0.196381
1658.456000,0.172010
1658.457000,0.354808
1658.458000,0.319344
1658.459000,0.332194
1658.460000,0.425466
1658.461000,0.334233
1658.462000,0.328741
1658.463000,0.448472
1658.464000,0.261317
1658.465000,0.391550
1658.466000,0.096323
1658.467000,0.300103
1658.468000,0.108521
1658.469000,-0.130182
1658.470000,0.132646
1658.471000,0.089168
1658.472000,0.081997
1658.473000,0.046429
1658.474000,0.042296
1658.475000,0.076099
1658.476000,-0.163340
1658.477000,-0.041452
1658.478000,0.018477
1658.479000,0.175863
1658.480000,0.296926
1658.481000,0.280313
1658.482000,0.498194
1658.483000,0.303369
1658.484000,0.353389
1658.485000,0.183607
1658.486000,0.231456
1658.487000,0.124938
1658.488000,0.049225
1658.489000,0.018830
1658.490000,0.133493
1658.491000,0.091881
1658.492000,0.135911
1658.493000,0.087633
1658.494000,0.085027
1658.495000,0.213842
1658.496000,0.283754
1658.497000,0.233168
1658.498000,0.290658
1658.499000,0.300248
1658.500000,0.462387
1658.501000,0.493896
1658.502000,0.418242
1658.503000,0.390798
1658.504000,0.321077
1658.505000,0.454892
1658.506000,0.424038
1658.507000,0.424298
1658.508000,0.253619
1658.509000,0.213189
1658.510000,0.155788
1658.511000,0.066839
1658.512000,-0.060261
1658.513000,-0.071056
1658.514000,0.010763
1658.515000,-0.040868
1658.516000,-0.074944
1658.517000,0.099540
1658.518000,0.039951
1658.519000,0.064655
1658.520000,-0.029809
1658.521000,-0.100202
1658.522000,-0.231170
1658.523000,-0.075586
1658.524000,-0.114995
1658.525000,-0.086035
1658.526000,-0.078142
1658.527000,0.030094
1658.528000,0.064766
1658.529000,-0.032104
1658.530000,0.120350
1658.531000,0.147472
1658.532000,-0.009069
1658.533000,0.010038
1658.534000,0.031873
1658.535000,-0.106869
1658.536000,-0.148226
1658.537000,-0.238396
1658.538000,-0.221358
1658.539000,-0.167098
1658.540000,-0.042290
1658.541000,-0.016230
1658.542000,-0.009596
1658.543000,-0.103225
1658.544000,-0.043204
1658.545000,0.062841
1658.546000,0.011778
1658.547000,-0.028096
1658.548000,-0.082273
1658.549000,-0.029480
1658.550000,-0.004075
1658.551000,-0.066604
1658.552000,0.121030
1658.553000,0.065977
1658.554000,-0.019889
1658.555000,-0.002364
1658.556000,-0.098796
1658.557000,0.080273
1658.558000,0.050716
1658.559000,0.049954
1658.560000,-0.000706
1658.561000,-0.117149
1658.562000,-0.009365
1658.563000,0.127224
1658.564000,0.134456
1658.565000,0.217926
1658.566000,0.380483
1658.567000,0.364750
1658.568000,0.301958
1658.569000,0.283764
1658.570000,0.324149
1658.571000,0.354972
1658.572000,0.211845
1658.573000,0.106866
1658.574000,0.168431
1658.575000,0.020119
1658.576000,-0.076189
1658.577000,0.024120
1658.578000,0.035910
1658.579000,-0.026771
1658.580000,-0.109878
1658.581000,-0.127866
1658.582000,-0.142609
1658.583000,-0.156541
1658.584000,-0.091110
1658.585000,-0.098394
1658.586000,-0.016077
1658.587000,-0.164194
1658.588000,-0.142763
1658.589000,-0.144694
1658.590000,-0.144361
1658.591000,-0.259871
1658.592000,-0.143537
1658.593000,-0.156051
1658.594000,-0.023753
1658.595000,-0.105339
1658.596000,-0.223472
1658.597000,-0.185946
1658.598000,-0.277115
1658.599000,-0.126912
1658.600000,0.004984
1658.601000,0.135586
1658.602000,0.193953
1658.603000,-0.142841
1658.604000,-0.156519
1658.605000,-0.030818
1658.606000,-0.137796
1658.607000,-0.224399
1658.608000,-0.064212
1658.609000,-0.124333
1658.610000,-0.093178
1658.611000,0.100154
1658.612000,0.006265
1658.613000,0.017182
1658.614000,0.102999
1658.615000,-0.059825
1658.616000,0.011492
1658.617000,0.295227
1658.618000,0.304858
1658.619000,0.406116
1658.620000,0.501923
1658.621000,0.413492
1658.622000,0.502500
1658.623000,0.396919
1658.624000,0.499963
1658.625000,0.498478
1658.626000,0.658193
1658.627000,0.626589
1658.628000,0.678571
1658.629000,0.725058
1658.630000,0.696701
1658.631000,0.569979
1658.632000,0.471228
1658.633000,0.485028
1658.634000,0.365754
1658.635000,0.462902
1658.636000,0.451325
1658.637000,0.493016
1658.638000,0.434590
1658.639000,0.516682
1658.640000,0.602701
1658.641000,0.413110
1658.642000,0.323567
1658.643000,0.509706
1658.644000,0.565671
1658.645000,0.492609
1658.646000,0.417372
1658.647000,0.387211
1658.648000,0.453638
1658.649000,0.282988
1658.650000,0.201079
1658.651000,0.094995
1658.652000,0.027101
1658.653000,-0.005163
1658.654000,0.017480
1658.655000,0.031453
1658.656000,0.019798
1658.657000,0.036583
1658.658000,0.058152
1658.659000,0.105937
1658.660000,0.227404
1658.661000,0.187893
1658.662000,0.113432
1658.663000,0.101879
1658.664000,0.153592
1658.665000,0.147945
1658.666000,0.215620
1658.667000,0.236153
1658.668000,0.350403
1658.669000,0.261779
1658.670000,0.395154
1658.671000,0.487915
1658.672000,0.433772
1658.673000,0.528121
1658.674000,0.551557
1658.675000,0.412835
1658.676000,0.353917
1658.677000,0.340713
1658.678000,0.135740
1658.679000,0.131513
1658.680000,0.203364
1658.681000,0.278738
1658.682000,0.519690
1658.683000,0.562251
1658.684000,0.531129
1658.685000,0.477653
1658.686000,0.457526
1658.687000,0.486159
1658.688000,0.476089
1658.689000,0.163627
1658.690000,0.207492
1658.691000,-0.008677
1658.692000,0.302933
1658.693000,0.335665
1658.694000,0.441984
1658.695000,0.516040
1658.696000,0.599883
1658.697000,0.736797
1658.698000,0.505561
1658.699000,0.468716
1658.700000,0.582353
1658.701000,0.441493
1658.702000,0.380441
1658.703000,0.343802
1658.704000,0.400382
1658.705000,0.541552
1658.706000,0.662205
1658.707000,0.753834
1658.708000,0.758526
1658.709000,0.859109
1658.710000,0.582328
1658.711000,0.481447
1658.712000,0.479987
1658.713000,0.621383
1658.714000,0.412517
1658.715000,0.539520
1658.716000,0.316988
1658.717000,0.310529
1658.718000,0.192109
1658.719000,-0.067517
1658.720000,-0.197687
1658.721000,-0.126100
1658.722000,-0.244022
1658.723000,-0.375722
1658.724000,-0.341108
1658.725000,-0.396803
1658.726000,-0.381040
1658.727000,-0.469623
1658.728000,-0.405968
1658.729000,-0.336374
1658.730000,-0.277014
1658.731000,-0.114872
1658.732000,-0.133746
1658.733000,-0.147065
1658.734000,-0.096767
1658.735000,0.006677
1658.736000,-0.087533
1658.737000,-0.242182
1658.738000,-0.218790
1658.739000,-0.205044
1658.740000,-0.177463
1658.741000,-0.124428
1658.742000,-0.269145
1658.743000,-0.267992
1658.744000,-0.196649
1658.745000,-0.053400
1658.746000,0.047082
1658.747000,-0.062157
1658.748000,0.023053
1658.749000,0.022532
1658.750000,0.001423
1658.751000,-0.149073
1658.752000,-0.215067
1658.753000,-0.129411
1658.754000,-0.084017
1658.755000,0.074975
1658.756000,-0.082925
1658.757000,0.008798
1658.758000,-0.163665
1658.759000,-0.214971
1658.760000,-0.407225
1658.761000,-0.272914
1658.762000,-0.345318
1658.763000,-0.577334
1658.764000,-0.403411
1658.765000,-0.294798
1658.766000,-0.280910
1658.767000,-0.215009
1658.768000,-0.290824
1658.769000,-0.351564
1658.770000,-0.350467
1658.771000,-0.390230
1658.772000,-0.329704
1658.773000,-0.463880
1658.774000,-0.345495
1658.775000,-0.365819
1658.776000,-0.244751
1658.777000,-0.415419
1658.778000,-0.335429
1658.779000,-0.212475
1658.780000,-0.093457
1658.781000,-0.005787
1658.782000,-0.013226
1658.783000,-0.158759
1658.784000,-0.104870
1658.785000,-0.132333
1658.786000,-0.105432
1658.787000,-0.111146
1658.788000,0.028351
1658.789000,-0.150624
1658.790000,-0.381049
1658.791000,-0.351661
1658.792000,-0.428346
1658.793000,-0.259059
1658.794000,-0.200465
1658.795000,-0.309779
1658.796000,-0.143446
1658.797000,-0.138657
1658.798000,-0.021583
1658.799000,0.000651
1658.800000,-0.063092
1658.801000,0.019515
1658.802000,0.046963
1658.803000,-0.009360
1658.804000,-0.069905
1658.805000,-0.131608
1658.806000,-0.045591
1658.807000,-0.154149
1658.808000,-0.138135
1658.809000,0.070353
1658.810000,0.075687
1658.811000,0.126036
1658.812000,0.064724
1658.813000,-0.061354
1658.814000,-0.042983
1658.815000,0.037114
1658.816000,0.296550
1658.817000,0.290302
1658.818000,0.326022
1658.819000,0.373789
1658.820000,0.276021
1658.821000,0.309446
1658.822000,0.123589
1658.823000,0.208899
1658.824000,0.253963
1658.825000,0.474526
1658.826000,0.453170
1658.827000,0.563024
1658.828000,0.388179
1658.829000,0.267462
1658.830000,0.343240
1658.831000,0.347223
1658.832000,0.393461
1658.833000,0.307865
1658.834000,0.207316
1658.835000,0.126967
1658.836000,0.162889
1658.837000,-0.010192
1658.838000,-0.129856
1658.839000,0.011669
1658.840000,-0.012899
1658.841000,-0.073031
1658.842000,-0.140768
1658.843000,-0.133971
1658.844000,-0.299246
1658.845000,-0.351520
1658.846000,-0.421010
1658.847000,-0.452341
1658.848000,-0.592600
1658.849000,-0.737368
1658.850000,-0.784356
1658.851000,-0.754405
1658.852000,-0.902763
1658.853000,-0.993024
1658.854000,-0.789446
1658.855000,-0.811034
1658.856000,-0.890294
1658.857000,-0.706468
1658.858000,-0.788022
1658.859000,-0.758742
1658.860000,-0.745684
1658.861000,-0.758471
1658.862000,-0.867182
1658.863000,-0.949318
1658.864000,-0.958746
1658.865000,-1.100663
1658.866000,-1.103670
1658.867000,-1.026833
1658.868000,-1.016837
1658.869000,-1.037467
1658.870000,-1.016120
1658.871000,-0.937087
1658.872000,-0.770701
1658.873000,-0.728764
1658.874000,-0.636753
1658.875000,-0.638822
1658.876000,-0.618612
1658.877000,-0.447070
1658.878000,-0.594921
1658.879000,-0.503458
1658.880000,-0.253916
1658.881000,-0.156302
1658.882000,-0.156694
1658.883000,-0.021876
1658.884000,0.093078
1658.885000,0.014971
1658.886000,0.076534
1658.887000,0.161366
1658.888000,0.191217
1658.889000,0.033086
1658.890000,-0.008345
1658.891000,0.022675
1658.892000,0.251603
1658.893000,0.234166
1658.894000,0.285274
1658.895000,0.411492
1658.896000,0.291297
1658.897000,0.082233
1658.898000,0.227479
1658.899000,0.395923
1658.900000,0.380088
1658.901000,0.095292
1658.902000,0.021720
1658.903000,0.044376
1658.904000,0.084143
1658.905000,0.230292
1658.906000,0.220562
1658.907000,0.113896
1658.908000,0.156237
1658.909000,0.136938
1658.910000,0.260953
1658.911000,0.171623
1658.912000,0.065924
1658.913000,0.166076
1658.914000,0.172757
1658.915000,0.248453
1658.916000,0.246796
1658.917000,0.357377
1658.918000,0.393990
1658.919000,0.322867
1658.920000,0.219865
1658.921000,0.190992
1658.922000,0.129245
1658.923000,0.122721
1658.924000,0.009131
1658.925000,-0.094244
1658.926000,-0.324157
1658.927000,-0.225207
1658.928000,-0.109180
1658.929000,-0.097888
1658.930000,-0.031704
1658.931000,-0.062636
1658.932000,0.012348
1658.933000,0.013223
1658.934000,-0.216665
1658.935000,-0.272671
1658.936000,-0.170849
1658.937000,-0.202545
1658.938000,-0.113579
1658.939000,-0.137317
1658.940000,-0.205486
1658.941000,-0.225707
1658.942000,-0.175886
1658.943000,-0.262086
1658.944000,-0.069018
1658.945000,-0.016978
1658.946000,-0.036091
1658.947000,0.025071
1658.948000,0.047730
1658.949000,0.016420
1658.950000,0.054506
1658.951000,0.101551
1658.952000,0.028806
1658.953000,0.054447
1658.954000,0.061223
1658.955000,0.141449
1658.956000,0.166842
1658.957000,0.128427
1658.958000,0.169246
1658.959000,0.153418
1658.960000,0.149930
1658.961000,0.181098
1658.962000,0.036940
1658.963000,-0.028234
1658.964000,0.124083
1658.965000,0.146009
1658.966000,0.208579
1658.967000,0.019657
1658.968000,-0.073058
1658.969000,-0.167390
1658.970000,-0.073686
1658.971000,-0.130084
1658.972000,-0.079360
1658.973000,0.010401
1658.974000,0.047283
1658.975000,0.129899
1658.976000,0.283027
1658.977000,0.205479
1658.978000,0.052951
1658.979000,-0.094541
1658.980000,-0.249112
1658.981000,-0.250637
1658.982000,-0.237708
1658.983000,-0.178974
1658.984000,-0.222346
1658.985000,-0.154236
1658.986000,-0.312735
1658.987000,-0.286650
1658.988000,-0.424810
1658.989000,-0.226848
1658.990000,-0.094739
1658.991000,-0.071419
1658.992000,0.075578
1658.993000,-0.011226
1658.994000,-0.060457
1658.995000,0.013690
1658.996000,0.031536
1658.997000,0.167180
1658.998000,0.149381
1658.999000,0.376824
1659.000000,0.288411
1659.001000,0.235712
1659.002000,0.148777
1659.003000,0.086612
1659.004000,0.044448
1659.005000,0.263209
1659.006000,0.181493
1659.007000,0.155540
1659.008000,0.163893
1659.009000,0.120719
1659.010000,0.191024
1659.011000,-0.008620
1659.012000,-0.026771
1659.013000,0.073267
1659.014000,0.085646
1659.015000,0.104298
1659.016000,0.151738
1659.017000,0.044803
1659.018000,-0.012549
1659.019000,0.085162
1659.020000,-0.015730
1659.021000,0.014039
1659.022000,0.067758
1659.023000,-0.018086
1659.024000,-0.076568
1659.025000,-0.193509
1659.026000,-0.195330
1659.027000,-0.358112
1659.028000,-0.487298
1659.029000,-0.424411
1659.030000,-0.402563
1659.031000,-0.199571
1659.032000,-0.225716
1659.033000,-0.210308
1659.034000,-0.056265
1659.035000,-0.031620
1659.036000,0.100353
1659.037000,0.072697
1659.038000,0.223802
1659.039000,0.283665
1659.040000,0.364340
1659.041000,0.301535
1659.042000,0.301539
1659.043000,0.105178
1659.044000,-0.072607
1659.045000,-0.209050
1659.046000,-0.211531
1659.047000,-0.200519
1659.048000,-0.374462
1659.049000,-0.597278
1659.050000,-0.584701
1659.051000,-0.728664
1659.052000,-0.742977
1659.053000,-0.612175
1659.054000,-0.731108
1659.055000,-0.578213
1659.056000,-0.567122
1659.057000,-0.799117
1659.058000,-0.892478
1659.059000,-0.770109
1659.060000,-0.509877
1659.061000,-0.361289
1659.062000,-0.469852
1659.063000,-0.544628
1659.064000,-0.613636
1659.065000,-0.392752
1659.066000,-0.371422
1659.067000,-0.555693
1659.068000,-0.696901
1659.069000,-0.717805
1659.070000,-0.552059
1659.071000,-0.483969
1659.072000,-0.442173
1659.073000,-0.358463
1659.074000,-0.292510
1659.075000,-0.223583
1659.076000,-0.264474
1659.077000,-0.367657
1659.078000,-0.331297
1659.079000,-0.230374
1659.080000,-0.302973
1659.081000,-0.395396
1659.082000,-0.443144
1659.083000,-0.332779
1659.084000,-0.256712
1659.085000,-0.178111
1659.086000,0.095291
1659.087000,-0.053784
1659.088000,-0.127851
1659.089000,-0.105537
1659.090000,-0.033035
1659.091000,-0.176905
1659.092000,-0.255071
1659.093000,-0.242059
1659.094000,-0.227867
1659.095000,-0.256275
1659.096000,-0.240941
1659.097000,-0.280639
1659.098000,-0.247932
1659.099000,-0.279999
1659.100000,-0.265123
1659.101000,-0.327283
1659.102000,-0.404502
1659.103000,-0.521709
1659.104000,-0.414711
1659.105000,-0.325093
1659.106000,-0.409026
1659.107000,-0.499452
1659.108000,-0.435904
1659.109000,-0.410694
1659.110000,-0.415170
1659.111000,-0.359134
1659.112000,-0.515027
1659.113000,-0.602083
1659.114000,-0.523581
1659.115000,-0.639103
1659.116000,-0.618205
1659.117000,-0.518645
1659.118000,-0.484988
1659.119000,-0.405487
1659.120000,-0.414750
1659.121000,-0.527998
1659.122000,-0.347766
1659.123000,-0.471182
1659.124000,-0.347122
1659.125000,-0.271324
1659.126000,-0.305714
1659.127000,-0.196613
1659.128000,-0.227108
1659.129000,-0.209446
1659.130000,-0.199253
1659.131000,-0.052189
1659.132000,-0.184231
1659.133000,-0.177040
1659.134000,-0.171388
1659.135000,-0.059207
1659.136000,-0.206717
1659.137000,-0.133654
1659.138000,-0.052449
1659.139000,-0.131989
1659.140000,-0.167093
1659.141000,-0.048177
1659.142000,-0.132831
1659.143000,-0.201491
1659.144000,-0.273559
1659.145000,-0.294408
1659.146000,-0.274605
1659.147000,-0.080939
1659.148000,-0.145118
1659.149000,-0.062170
1659.150000,-0.125918
1659.151000,0.027511
1659.152000,-0.150939
1659.153000,-0.085085
1659.154000,0.073643
1659.155000,0.101458
1659.156000,0.100838
1659.157000,0.245361
1659.158000,0.122313
1659.159000,0.045116
1659.160000,-0.042394
1659.161000,0.010180
1659.162000,-0.037034
1659.163000,0.008234
1659.164000,-0.137572
1659.165000,-0.133879
1659.166000,-0.121060
1659.167000,-0.158909
1659.168000,-0.167055
1659.169000,-0.221998
1659.170000,-0.144081
1659.171000,-0.338985
1659.172000,-0.240152
1659.173000,-0.387752
1659.174000,-0.445530
1659.175000,-0.247611
1659.176000,-0.470615
1659.177000,-0.396640
1659.178000,-0.365915
1659.179000,-0.328024
1659.180000,-0.351807
1659.181000,-0.316898
1659.182000,-0.598611
1659.183000,-0.433078
1659.184000,-0.201114
1659.185000,-0.129344
1659.186000,-0.081207
1659.187000,-0.110212
1659.188000,0.046886
1659.189000,-0.037315
1659.190000,-0.055909
1659.191000,-0.157356
1659.192000,-0.210704
1659.193000,-0.385860
1659.194000,-0.129085
1659.195000,-0.242431
1659.196000,-0.247151
1659.197000,-0.175575
1659.198000,-0.196428
1659.199000,-0.218305
1659.200000,-0.332183
1659.201000,-0.211972
1659.202000,-0.252810
1659.203000,-0.252260
1659.204000,-0.255432
1659.205000,-0.153501
1659.206000,-0.197140
1659.207000,-0.167850
1659.208000,0.008209
1659.209000,-0.014797
1659.210000,-0.017136
1659.211000,0.239947
1659.212000,0.213963
1659.213000,0.339815
1659.214000,0.206381
1659.215000,0.450731
1659.216000,0.550879
1659.217000,0.413157
1659.218000,0.441572
1659.219000,0.359826
1659.220000,0.421420
1659.221000,0.371305
1659.222000,0.234444
1659.223000,0.409354
1659.224000,0.472454
1659.225000,0.422780
1659.226000,0.396285
1659.227000,0.443745
1659.228000,0.273458
1659.229000,0.503230
1659.230000,0.650062
1659.231000,0.508741
1659.232000,0.310420
1659.233000,0.259859
1659.234000,0.274194
1659.235000,0.235429
1659.236000,0.154674
1659.237000,0.207977
1659.238000,0.235562
1659.239000,0.198744
1659.240000,0.403150
1659.241000,0.322756
1659.242000,0.213513
1659.243000,0.310135
1659.244000,0.172093
1659.245000,0.145344
1659.246000,0.208822
1659.247000,0.145727
1659.248000,0.007830
1659.249000,-0.072954
1659.250000,0.153342
1659.251000,0.109826
1659.252000,-0.156365
1659.253000,-0.236191
1659.254000,-0.256235
1659.255000,-0.404058
1659.256000,-0.507353
1659.257000,-0.480514
1659.258000,-0.476978
1659.259000,-0.549031
1659.260000,-0.577531
1659.261000,-0.627833
1659.262000,-0.539682
1659.263000,-0.514539
1659.264000,-0.397064
1659.265000,-0.259161
1659.266000,-0.094196
1659.267000,0.209930
1659.268000,0.305146
1659.269000,0.323669
1659.270000,0.397862
1659.271000,0.277280
1659.272000,0.320288
1659.273000,0.296990
1659.274000,0.259426
1659.275000,0.474758
1659.276000,0.547765
1659.277000,0.786128
1659.278000,0.727605
1659.279000,0.619113
1659.280000,0.729446
1659.281000,0.753580
1659.282000,0.836248
1659.283000,0.724541
1659.284000,0.708753
1659.285000,0.519607
1659.286000,0.401368
1659.287000,0.240294
1659.288000,0.212739
1659.289000,0.417449
1659.290000,0.433889
1659.291000,0.338925
1659.292000,0.190497
1659.293000,0.246460
1659.294000,0.409135
1659.295000,0.341252
1659.296000,0.314216
1659.297000,0.251177
1659.298000,0.140840
1659.299000,0.147980
1659.300000,0.288390
1659.301000,0.367236
1659.302000,0.329097
1659.303000,0.194131
1659.304000,0.196975
1659.305000,0.196753
1659.306000,0.132262
1659.307000,0.053780
1659.308000,0.141640
1659.309000,0.128304
1659.310000,0.183398
1659.311000,0.233660
1659.312000,0.346665
1659.313000,0.440837
1659.314000,0.225478
1659.315000,0.139166
1659.316000,0.100422
1659.317000,0.091464
1659.318000,0.177187
1659.319000,0.134176
1659.320000,0.041128
1659.321000,0.087979
1659.322000,0.135385
1659.323000,0.107403
1659.324000,0.181019
1659.325000,0.246071
1659.326000,0.160955
1659.327000,0.254881
1659.328000,0.335767
1659.329000,0.338613
1659.330000,0.456796
1659.331000,0.519289
1659.332000,0.421611
1659.333000,0.247280
1659.334000,0.156427
1659.335000,-0.025512
1659.336000,-0.087773
1659.337000,-0.225099
1659.338000,-0.049589
1659.339000,0.003604
1659.340000,-0.179064
1659.341000,-0.193990
1659.342000,-0.318417
1659.343000,-0.138069
1659.344000,-0.086729
1659.345000,0.049579
1659.346000,0.002051
1659.347000,-0.176837
1659.348000,0.022164
1659.349000,0.077921
1659.350000,0.050954
1659.351000,0.034194
1659.352000,0.104880
1659.353000,0.328448
1659.354000,0.243607
1659.355000,0.397786
1659.356000,0.338824
1659.357000,0.410044
1659.358000,0.523758
1659.359000,0.584053
1659.360000,0.351654
1659.361000,0.186360
1659.362000,0.134865
1659.363000,0.205860
1659.364000,0.326134
1659.365000,0.286325
1659.366000,0.169792
1659.367000,0.080743
1659.368000,0.075478
1659.369000,0.149363
1659.370000,0.062993
1659.371000,-0.066529
1659.372000,-0.065259
1659.373000,0.026780
1659.374000,-0.149451
1659.375000,-0.091362
1659.376000,-0.203967
1659.377000,-0.370249
1659.378000,-0.330819
1659.379000,-0.404236
1659.380000,-0.324635
1659.381000,-0.207213
1659.382000,-0.290770
1659.383000,-0.244897
1659.384000,-0.339111
1659.385000,-0.147253
1659.386000,-0.068984
1659.387000,-0.121908
1659.388000,0.027152
1659.389000,-0.022271
1659.390000,-0.180998
1659.391000,-0.203877
1659.392000,-0.284731
1659.393000,-0.141722
1659.394000,-0.081510
1659.395000,-0.015788
1659.396000,0.074995
1659.397000,0.257137
1659.398000,0.323368
1659.399000,0.409355
1659.400000,0.323304
1659.401000,0.349251
1659.402000,0.346704
1659.403000,0.358664
1659.404000,0.375171
1659.405000,0.345376
1659.406000,0.162815
1659.407000,0.171937
1659.408000,0.191595
1659.409000,0.055475
1659.410000,-0.037124
1659.411000,0.215499
1659.412000,0.140865
1659.413000,0.230797
1659.414000,0.169087
1659.415000,0.229455
1659.416000,0.115960
1659.417000,0.040541
1659.418000,0.100591
1659.419000,0.174224
1659.420000,0.150025
1659.421000,0.071353
1659.422000,-0.161518
1659.423000,-0.040228
1659.424000,0.065569
1659.425000,0.076065
1659.426000,0.125275
1659.427000,0.296924
1659.428000,0.097150
1659.429000,-0.063272
1659.430000,-0.126182
1659.431000,-0.165788
1659.432000,-0.116450
1659.433000,-0.114069
1659.434000,-0.084275
1659.435000,0.086241
1659.436000,-0.017415
1659.437000,-0.164063
1659.438000,-0.391411
1659.439000,-0.343602
1659.440000,-0.412407
1659.441000,-0.497578
1659.442000,-0.603667
1659.443000,-0.665266
1659.444000,-0.684518
1659.445000,-0.858315
1659.446000,-0.988335
1659.447000,-1.060288
1659.448000,-0.971068
1659.449000,-0.925875
1659.450000,-1.156830
1659.451000,-1.245844
1659.452000,-1.219729
1659.453000,-1.271642
1659.454000,-1.123953
1659.455000,-1.115464
1659.456000,-1.240435
1659.457000,-1.314071
1659.458000,-1.484384
1659.459000,-1.391975
1659.460000,-1.347040
1659.461000,-1.302820
1659.462000,-1.354801
1659.463000,-1.375443
1659.464000,-1.286728
1659.465000,-1.114886
1659.466000,-1.117928
1659.467000,-1.052144
1659.468000,-1.125091
1659.469000,-1.243357
1659.470000,-0.990024
1659.471000,-0.925268
1659.472000,-1.004527
1659.473000,-0.956708
1659.474000,-0.889706
1659.475000,-0.662885
1659.476000,-0.720505
1659.477000,-0.720336
1659.478000,-0.479219
1659.479000,-0.440934
1659.480000,-0.415940
1659.481000,-0.297473
1659.482000,-0.241228
1659.483000,-0.210211
1659.484000,0.055311
1659.485000,0.291881
1659.486000,0.230155
1659.487000,0.247776
1659.488000,0.153532
1659.489000,0.045293
1659.490000,-0.030767
1659.491000,-0.103912
1659.492000,-0.267968
1659.493000,-0.234080
1659.494000,-0.128193
1659.495000,-0.063436
1659.496000,-0.006802
1659.497000,0.072064
1659.498000,0.031761
1659.499000,0.090196
1659.500000,0.130204
1659.501000,-0.036852
1659.502000,-0.095488
1659.503000,-0.068856
1659.504000,-0.046797
1659.505000,-0.026533
1659.506000,-0.059453
1659.507000,-0.078419
1659.508000,0.022263
1659.509000,0.264528
1659.510000,0.398654
1659.511000,0.439147
1659.512000,0.325333
1659.513000,0.313696
1659.514000,0.224652
1659.515000,0.460027
1659.516000,0.410065
1659.517000,0.564836
1659.518000,0.432287
1659.519000,0.373067
1659.520000,0.338200
1659.521000,0.451292
1659.522000,0.532710
1659.523000,0.661655
1659.524000,0.599944
1659.525000,0.750736
1659.526000,0.823195
1659.527000,0.857308
1659.528000,0.893858
1659.529000,0.918377
1659.530000,0.950887
1659.531000,1.016915
1659.532000,0.774241
1659.533000,0.618686
1659.534000,0.563987
1659.535000,0.618345
1659.536000,0.575132
1659.537000,0.536792
1659.538000,0.592049
1659.539000,0.660936
1659.540000,0.814904
1659.541000,0.721751
1659.542000,0.617172
1659.543000,0.655793
1659.544000,0.814627
1659.545000,0.846125
1659.546000,0.950905
1659.547000,0.806092
1659.548000,0.790656
1659.549000,0.749763
1659.550000,0.858869
1659.551000,0.741815
1659.552000,0.715646
1659.553000,0.739337
1659.554000,0.663613
1659.555000,0.678136
1659.556000,0.547844
1659.557000,0.615059
1659.558000,0.560957
1659.559000,0.608027
1659.560000,0.593604
1659.561000,0.705118
1659.562000,0.525504
1659.563000,0.443633
1659.564000,0.509179
1659.565000,0.491617
1659.566000,0.489431
1659.567000,0.580171
1659.568000,0.558616
1659.569000,0.421673
1659.570000,0.361425
1659.571000,0.381229
1659.572000,0.187431
1659.573000,0.146962
1659.574000,0.376222
1659.575000,0.268355
1659.576000,0.222845
1659.577000,0.156385
1659.578000,0.312989
1659.579000,0.306737
1659.580000,0.465967
1659.581000,0.541481
1659.582000,0.402731
1659.583000,0.409573
1659.584000,0.273385
1659.585000,0.403199
1659.586000,0.324750
1659.587000,0.134052
1659.588000,0.025871
1659.589000,-0.013393
1659.590000,-0.104322
1659.591000,-0.222659
1659.592000,-0.069364
1659.593000,-0.088495
1659.594000,-0.156795
1659.595000,-0.144629
1659.596000,-0.248476
1659.597000,-0.187414
1659.598000,-0.251179
1659.599000,-0.395411
1659.600000,-0.546601
1659.601000,-0.613292
1659.602000,-0.625383
1659.603000,-0.566191
1659.604000,-0.603587
1659.605000,-0.457869
1659.606000,-0.335859
1659.607000,-0.349616
1659.608000,-0.417536
1659.609000,-0.331196
1659.610000,-0.312590
1659.611000,-0.326070
1659.612000,-0.221770
1659.613000,-0.227510
1659.614000,-0.152171
1659.615000,-0.342844
1659.616000,-0.298108
1659.617000,-0.247846
1659.618000,-0.367396
1659.619000,-0.305582
1659.620000,-0.222985
1659.621000,-0.177246
1659.622000,-0.262759
1659.623000,-0.220444
1659.624000,-0.201401
1659.625000,-0.077919
1659.626000,-0.084094
1659.627000,-0.070154
1659.628000,-0.184942
1659.629000,-0.110793
1659.630000,0.072639
1659.631000,0.158506
1659.632000,0.332178
1659.633000,0.206164
1659.634000,0.273665
1659.635000,0.370203
1659.636000,0.388620
1659.637000,0.312759
1659.638000,0.287815
1659.639000,0.319812
1659.640000,0.274364
1659.641000,0.358221
1659.642000,0.340329
1659.643000,0.440755
1659.644000,0.552824
1659.645000,0.562314
1659.646000,0.419151
1659.647000,0.406759
1659.648000,0.250850
1659.649000,0.313029
1659.650000,0.269659
1659.651000,0.274710
1659.652000,0.412783
1659.653000,0.409122
1659.654000,0.440587
1659.655000,0.351890
1659.656000,0.252780
1659.657000,0.239179
1659.658000,0.357056
1659.659000,0.318259
1659.660000,0.466366
1659.661000,0.602719
1659.662000,0.604701
1659.663000,0.778188
1659.664000,0.701250
1659.665000,0.798491
1659.666000,0.847343
1659.667000,0.918874
1659.668000,0.881997
1659.669000,1.001607
1659.670000,1.072788
1659.671000,1.045617
1659.672000,0.971618
1659.673000,0.925133
1659.674000,1.005658
1659.675000,1.211459
1659.676000,1.108199
1659.677000,1.170844
1659.678000,0.981161
1659.679000,1.033556
1659.680000,0.935346
1659.681000,1.013355
1659.682000,1.100433
1659.683000,1.079884
1659.684000,1.098495
1659.685000,1.136176
1659.686000,1.268822
1659.687000,1.186458
1659.688000,0.963690
1659.689000,0.880768
1659.690000,0.754587
1659.691000,0.585800
1659.692000,0.638355
1659.693000,0.410708
1659.694000,0.538419
1659.695000,0.392188
1659.696000,0.383540
1659.697000,0.369365
1659.698000,0.508819
1659.699000,0.585238
1659.700000,0.601199
1659.701000,0.495617
1659.702000,0.616420
1659.703000,0.564707
1659.704000,0.493808
1659.705000,0.362139
1659.706000,0.256709
1659.707000,0.223596
1659.708000,0.181366
1659.709000,0.287499
1659.710000,0.199192
1659.711000,0.266514
1659.712000,0.206748
1659.713000,0.137389
1659.714000,0.055240
1659.715000,-0.134521
1659.716000,-0.288440
1659.717000,-0.167172
1659.718000,-0.231842
1659.719000,-0.491396
1659.720000,-0.093141
1659.721000,-0.158223
1659.722000,-0.282395
1659.723000,-0.384809
1659.724000,-0.333438
1659.725000,-0.300786
1659.726000,-0.121528
1659.727000,-0.261237
1659.728000,-0.097560
1659.729000,-0.039319
1659.730000,-0.194377
1659.731000,-0.299442
1659.732000,-0.286084
1659.733000,-0.327820
1659.734000,-0.169482
1659.735000,-0.194342
1659.736000,-0.116887
1659.737000,-0.027304
1659.738000,0.128422
1659.739000,-0.030650
1659.740000,-0.014330
1659.741000,-0.121755
1659.742000,-0.186351
1659.743000,-0.098016
1659.744000,-0.007024
1659.745000,-0.227669
1659.746000,-0.372335
1659.747000,-0.353703
1659.748000,-0.288562
1659.749000,-0.434743
1659.750000,-0.277712
1659.751000,-0.216398
1659.752000,-0.179718
1659.753000,-0.239055
1659.754000,-0.213963
1659.755000,-0.090735
1659.756000,-0.129812
1659.757000,-0.008037
1659.758000,0.003733
1659.759000,-0.073804
1659.760000,-0.012674
1659.761000,0.054248
1659.762000,-0.036505
1659.763000,-0.054532
1659.764000,0.028899
1659.765000,0.079216
1659.766000,0.096972
1659.767000,0.059418
1659.768000,-0.036768
1659.769000,-0.260343
1659.770000,-0.454184
1659.771000,-0.531197
1659.772000,-0.451989
1659.773000,-0.337918
1659.774000,-0.263914
1659.775000,-0.239058
1659.776000,-0.089125
1659.777000,-0.156031
1659.778000,-0.128590
1659.779000,-0.257558
1659.780000,-0.270493
1659.781000,-0.225583
1659.782000,-0.411590
1659.783000,-0.453496
1659.784000,-0.575194
1659.785000,-0.729978
1659.786000,-0.710152
1659.787000,-0.498932
1659.788000,-0.599481
1659.789000,-0.582830
1659.790000,-0.602686
1659.791000,-0.490522
1659.792000,-0.494886
1659.793000,-0.490889
1659.794000,-0.460893
1659.795000,-0.741906
1659.796000,-0.545549
1659.797000,-0.731680
1659.798000,-0.769517
1659.799000,-0.722992
1659.800000,-0.597450
1659.801000,-0.691729
1659.802000,-0.719200
1659.803000,-0.815881
1659.804000,-0.720082
1659.805000,-0.701027
1659.806000,-0.660852
1659.807000,-0.621547
1659.808000,-0.659304
1659.809000,-0.694475
1659.810000,-0.707890
1659.811000,-0.627544
1659.812000,-0.495106
1659.813000,-0.652877
1659.814000,-0.733134
1659.815000,-0.773316
1659.816000,-0.731883
1659.817000,-0.612443
1659.818000,-0.557636
1659.819000,-0.680038
1659.820000,-0.638184
1659.821000,-0.641015
1659.822000,-0.532367
1659.823000,-0.565215
1659.824000,-0.472807
1659.825000,-0.337144
1659.826000,-0.410313
1659.827000,-0.473962
1659.828000,-0.269154
1659.829000,-0.409777
1659.830000,-0.425373
1659.831000,-0.441273
1659.832000,-0.589310
1659.833000,-0.713300
1659.834000,-0.630296
1659.835000,-0.605455
1659.836000,-0.682219
1659.837000,-0.812559
1659.838000,-0.867590
1659.839000,-0.763773
1659.840000,-0.890501
1659.841000,-0.876690
1659.842000,-0.980970
1659.843000,-0.865603
1659.844000,-0.895616
1659.845000,-0.837503
1659.846000,-0.791657
1659.847000,-0.768511
1659.848000,-0.668298
1659.849000,-0.624168
1659.850000,-0.479696
1659.851000,-0.323733
1659.852000,-0.337588
1659.853000,-0.315865
1659.854000,-0.375177
1659.855000,-0.253128
1659.856000,-0.220539
1659.857000,-0.239591
1659.858000,-0.109814
1659.859000,-0.110394
1659.860000,0.041823
1659.861000,-0.053808
1659.862000,-0.021794
1659.863000,0.098624
1659.864000,0.003921
1659.865000,-0.087238
1659.866000,-0.083477
1659.867000,0.123533
1659.868000,-0.080196
1659.869000,-0.082677
1659.870000,0.025714
1659.871000,0.223907
1659.872000,0.109621
1659.873000,0.233612
1659.874000,0.241719
1659.875000,0.289208
1659.876000,0.336658
1659.877000,0.403707
1659.878000,0.345994
1659.879000,0.348654
1659.880000,0.279129
1659.881000,0.250219
1659.882000,0.515446
1659.883000,0.433634
1659.884000,0.755397
1659.885000,0.793078
1659.886000,0.870018
1659.887000,0.901849
1659.888000,0.991937
1659.889000,0.966099
1659.890000,1.222045
1659.891000,0.997925
1659.892000,1.035135
1659.893000,1.085076
1659.894000,1.097736
1659.895000,1.206063
1659.896000,1.373395
1659.897000,1.346578
1659.898000,1.078755
1659.899000,1.107886
1659.900000,0.944443
1659.901000,1.175557
1659.902000,1.130654
1659.903000,0.981347
1659.904000,1.074115
1659.905000,1.056791
1659.906000,1.075181
1659.907000,1.015876
1659.908000,1.167242
1659.909000,1.142973
1659.910000,1.040015
1659.911000,1.185282
1659.912000,1.299630
1659.913000,1.272401
1659.914000,1.060127
1659.915000,1.050359
1659.916000,0.960717
1659.917000,0.889228
1659.918000,0.918092
1659.919000,0.869864
1659.920000,0.948156
1659.921000,1.063587
1659.922000,1.153020
1659.923000,1.026701
1659.924000,1.292008
1659.925000,1.157994
1659.926000,1.166036
1659.927000,1.208509
1659.928000,1.302464
1659.929000,1.232057
1659.930000,1.230030
1659.931000,0.999496
1659.932000,0.936754
1659.933000,0.851990
1659.934000,0.779472
1659.935000,0.880107
1659.936000,0.816284
1659.937000,0.771713
1659.938000,0.826693
1659.939000,0.703808
1659.940000,0.643431
1659.941000,0.600239
1659.942000,0.608995
1659.943000,0.523797
1659.944000,0.406809
1659.945000,0.236979
1659.946000,0.208240
1659.947000,0.388769
1659.948000,0.265877
1659.949000,0.469388
1659.950000,0.446839
1659.951000,0.255062
1659.952000,0.366341
1659.953000,0.273800
1659.954000,0.254270
1659.955000,0.296901
1659.956000,0.217551
1659.957000,0.397570
1659.958000,0.385042
1659.959000,0.374186
1659.960000,0.515138
1659.961000,0.458912
1659.962000,0.287428
1659.963000,0.143416
1659.964000,0.142295
1659.965000,0.122620
1659.966000,0.105994
1659.967000,0.122648
1659.968000,0.118277
1659.969000,0.186004
1659.970000,0.300649
1659.971000,0.289578
1659.972000,0.254010
1659.973000,0.257443
1659.974000,0.191501
1659.975000,0.288054
1659.976000,0.111070
1659.977000,0.077441
1659.978000,0.093655
1659.979000,0.190931
1659.980000,0.353429
1659.981000,0.219800
1659.982000,0.241869
1659.983000,0.151624
1659.984000,0.219539
1659.985000,0.156459
1659.986000,0.184600
1659.987000,0.012268
1659.988000,-0.053269
1659.989000,-0.071127
1659.990000,-0.021246
1659.991000,-0.036249
1659.992000,0.040695
1659.993000,-0.016608
1659.994000,-0.148449
1659.995000,-0.026154
1659.996000,-0.072354
1659.997000,-0.085459
1659.998000,0.064283
1659.999000,0.010804
1660.000000,-0.039570
1660.001000,0.076939
1660.002000,0.124917
1660.003000,0.088994
1660.004000,0.032521
1660.005000,-0.130391
1660.006000,-0.113168
1660.007000,-0.048017
1660.008000,-0.088724
1660.009000,0.009144
1660.010000,0.079423
1660.011000,0.137190
1660.012000,0.031033
1660.013000,0.091045
1660.014000,-0.168270
1660.015000,-0.129509
1660.016000,0.015811
1660.017000,-0.016572
1660.018000,0.001377
1660.019000,-0.099939
1660.020000,-0.177275
1660.021000,-0.171516
1660.022000,-0.199207
1660.023000,-0.204060
1660.024000,-0.078686
1660.025000,0.077722
1660.026000,0.153594
1660.027000,0.090776
1660.028000,0.025790
1660.029000,-0.071932
1660.030000,-0.103983
1660.031000,-0.172316
1660.032000,-0.300386
1660.033000,-0.202467
1660.034000,-0.171984
1660.035000,-0.274338
1660.036000,-0.334799
1660.037000,-0.268191
1660.038000,-0.332668
1660.039000,-0.454125
1660.040000,-0.540988
1660.041000,-0.424851
1660.042000,-0.345765
1660.043000,-0.449146
1660.044000,-0.547166
1660.045000,-0.466438
1660.046000,-0.643589
1660.047000,-0.586327
1660.048000,-0.701902
1660.049000,-0.704464
1660.050000,-0.583336
1660.051000,-0.550716
1660.052000,-0.619876
1660.053000,-0.484950
1660.054000,-0.507933
1660.055000,-0.430920
1660.056000,-0.283547
1660.057000,-0.394083
1660.058000,-0.489782
1660.059000,-0.560787
1660.060000,-0.502568
1660.061000,-0.669095
1660.062000,-0.676629
1660.063000,-0.672117
1660.064000,-0.807284
1660.065000,-0.844461
1660.066000,-0.964376
1660.067000,-0.767276
1660.068000,-0.842429
1660.069000,-0.633839
1660.070000,-0.624361
1660.071000,-0.444858
1660.072000,-0.359013
1660.073000,-0.476198
1660.074000,-0.640371
1660.075000,-0.831198
1660.076000,-0.842672
1660.077000,-0.798198
1660.078000,-0.795825
1660.079000,-0.854384
1660.080000,-1.013296
1660.081000,-0.963025
1660.082000,-1.014880
1660.083000,-0.974861
1660.084000,-1.000125
1660.085000,-0.973616
1660.086000,-1.022632
1660.087000,-1.143660
1660.088000,-1.025429
1660.089000,-0.979764
1660.090000,-0.725693
1660.091000,-0.669719
1660.092000,-0.594429
1660.093000,-0.481785
1660.094000,-0.356902
1660.095000,-0.472201
1660.096000,-0.532534
1660.097000,-0.478020
1660.098000,-0.319201
1660.099000,-0.184636
1660.100000,-0.207728
1660.101000,-0.221486
1660.102000,-0.017654
1660.103000,-0.010549
1660.104000,-0.125118
1660.105000,-0.147409
1660.106000,-0.192689
1660.107000,-0.170441
1660.108000,-0.307842
1660.109000,-0.346822
1660.110000,-0.354515
1660.111000,-0.288086
1660.112000,-0.370917
1660.113000,-0.333811
1660.114000,-0.248939
1660.115000,-0.263678
1660.116000,-0.128739
1660.117000,-0.110567
1660.118000,0.082864
1660.119000,-0.004721
1660.120000,-0.070997
1660.121000,-0.298947
1660.122000,-0.141846
1660.123000,-0.252582
1660.124000,-0.228430
1660.125000,-0.426713
1660.126000,-0.561397
1660.127000,-0.673598
1660.128000,-0.714571
1660.129000,-0.669484
1660.130000,-0.502171
1660.131000,-0.492239
1660.132000,-0.427054
1660.133000,-0.341306
1660.134000,-0.348688
1660.135000,-0.243488
1660.136000,-0.333378
1660.137000,-0.392280
1660.138000,-0.539903
1660.139000,-0.510915
1660.140000,-0.375169
1660.141000,-0.281771
1660.142000,-0.177143
1660.143000,-0.054807
1660.144000,0.047465
1660.145000,-0.005094
1660.146000,0.101927
1660.147000,-0.020271
1660.148000,-0.230901
1660.149000,-0.376062
1660.150000,-0.319489
1660.151000,-0.319256
1660.152000,-0.517575
1660.153000,-0.672839
1660.154000,-0.668059
1660.155000,-0.769148
1660.156000,-0.617593
1660.157000,-0.526062
1660.158000,-0.516893
1660.159000,-0.426689
1660.160000,-0.459815
1660.161000,-0.569381
1660.162000,-0.367553
1660.163000,-0.350911
1660.164000,-0.406539
1660.165000,-0.579308
1660.166000,-0.640621
1660.167000,-0.783941
1660.168000,-0.925100
1660.169000,-0.834156
1660.170000,-0.582255
1660.171000,-0.612603
1660.172000,-0.551090
1660.173000,-0.496310
1660.174000,-0.471873
1660.175000,-0.623508
1660.176000,-0.674783
1660.177000,-0.818411
1660.178000,-0.673678
1660.179000,-0.714600
1660.180000,-0.831179
1660.181000,-0.554649
1660.182000,-0.687480
1660.183000,-0.697784
1660.184000,-0.817061
1660.185000,-0.794535
1660.186000,-0.946402
1660.187000,-0.702710
1660.188000,-0.712491
1660.189000,-0.587347
1660.190000,-0.351959
1660.191000,-0.288172
1660.192000,-0.463282
1660.193000,-0.521688
1660.194000,-0.494943
1660.195000,-0.375117
1660.196000,-0.549520
1660.197000,-0.484474
1660.198000,-0.419815
1660.199000,-0.379330
1660.200000,-0.400581
1660.201000,-0.417944
1660.202000,-0.356910
1660.203000,-0.350555
1660.204000,-0.295446
1660.205000,-0.288284
1660.206000,-0.335311
1660.207000,-0.336310
1660.208000,-0.404569
1660.209000,-0.290868
1660.210000,-0.560119
1660.211000,-0.498604
1660.212000,-0.689916
1660.213000,-0.545948
1660.214000,-0.615496
1660.215000,-0.636309
1660.216000,-0.549162
1660.217000,-0.445552
1660.218000,-0.331518
1660.219000,-0.317457
1660.220000,-0.240763
1660.221000,-0.308390
1660.222000,-0.194471
1660.223000,-0.015642
1660.224000,0.094718
1660.225000,0.077398
1660.226000,0.070086
1660.227000,0.025712
1660.228000,-0.011715
1660.229000,-0.022759
1660.230000,-0.042863
1660.231000,0.059141
1660.232000,0.048360
1660.233000,0.168224
1660.234000,0.086754
1660.235000,-0.055123
1660.236000,-0.047177
1660.237000,0.030061
1660.238000,-0.040497
1660.239000,-0.084915
1660.240000,-0.199194
1660.241000,-0.435873
1660.242000,-0.376563
1660.243000,-0.541871
1660.244000,-0.378519
1660.245000,-0.346489
1660.246000,-0.232861
1660.247000,-0.097021
1660.248000,-0.078861
1660.249000,-0.213790
1660.250000,-0.174451
1660.251000,-0.233543
1660.252000,-0.139580
1660.253000,-0.029486
1660.254000,0.042286
1660.255000,0.093795
1660.256000,0.116060
1660.257000,0.112799
1660.258000,0.221471
1660.259000,0.354223
1660.260000,0.204226
1660.261000,0.189809
1660.262000,0.314617
1660.263000,0.312935
1660.264000,0.418777
1660.265000,0.678502
1660.266000,0.586656
1660.267000,0.706803
1660.268000,0.617930
1660.269000,0.654989
1660.270000,0.604809
1660.271000,0.861502
1660.272000,0.775142
1660.273000,0.660998
1660.274000,0.809161
1660.275000,0.707091
1660.276000,0.739549
1660.277000,0.779470
1660.278000,0.843002
1660.279000,0.921648
1660.280000,0.688963
1660.281000,0.616283
1660.282000,0.490451
1660.283000,0.719897
1660.284000,0.479697
1660.285000,0.757816
1660.286000,0.498596
1660.287000,0.498245
1660.288000,0.587706
1660.289000,0.632557
1660.290000,0.542306
1660.291000,0.643245
1660.292000,0.932979
1660.293000,1.074195
1660.294000,1.156401
1660.295000,1.198210
1660.296000,1.155298
1660.297000,1.058012
1660.298000,0.919364
1660.299000,0.781752
1660.300000,0.740778
1660.301000,0.655353
1660.302000,0.713826
1660.303000,0.781420
1660.304000,0.977472
1660.305000,0.979556
1660.306000,0.953244
1660.307000,1.060106
1660.308000,1.074235
1660.309000,0.896773
1660.310000,1.000182
1660.311000,0.846579
1660.312000,0.885283
1660.313000,0.744347
1660.314000,0.662320
1660.315000,0.677918
1660.316000,0.860525
1660.317000,1.107158
1660.318000,1.029463
1660.319000,0.824232
1660.320000,0.883527
1660.321000,0.833603
1660.322000,0.768650
1660.323000,0.563203
1660.324000,0.605159
1660.325000,0.667693
1660.326000,0.739014
1660.327000,0.826077
1660.328000,0.770338
1660.329000,0.742392
1660.330000,0.662613
1660.331000,0.660355
1660.332000,0.764752
1660.333000,0.834795
1660.334000,0.817421
1660.335000,0.840549
1660.336000,0.976535
1660.337000,0.844931
1660.338000,0.883513
1660.339000,0.755670
1660.340000,0.995644
1660.341000,0.878362
1660.342000,1.003808
1660.343000,0.840070
1660.344000,0.770925
1660.345000,0.776155
1660.346000,0.698296
1660.347000,0.567885
1660.348000,0.550596
1660.349000,0.514911
1660.350000,0.460348
1660.351000,0.533039
1660.352000,0.520475
1660.353000,0.536409
1660.354000,0.388922
1660.355000,0.506536
1660.356000,0.424799
1660.357000,0.359709
1660.358000,0.310107
1660.359000,0.273222
1660.360000,0.142738
1660.361000,0.176463
1660.362000,0.167703
1660.363000,0.250036
1660.364000,0.118645
1660.365000,0.239433
1660.366000,0.212465
1660.367000,0.305694
1660.368000,0.427552
1660.369000,0.250408
1660.370000,0.378284
1660.371000,0.482288
1660.372000,0.528170
1660.373000,0.628915
1660.374000,0.547838
1660.375000,0.415931
1660.376000,0.416102
1660.377000,0.187371
1660.378000,0.043826
1660.379000,0.029643
1660.380000,-0.027690
1660.381000,0.086832
1660.382000,0.036855
1660.383000,-0.152153
1660.384000,-0.190985
1660.385000,-0.110182
1660.386000,-0.215249
1660.387000,0.001171
1660.388000,-0.171356
1660.389000,-0.166107
1660.390000,-0.201911
1660.391000,-0.131676
1660.392000,-0.213561
1660.393000,-0.138178
1660.394000,-0.307372
1660.395000,-0.345486
1660.396000,-0.264684
1660.397000,-0.314049
1660.398000,-0.573089
1660.399000,-0.537940
1660.400000,-0.518418
1660.401000,-0.585338
1660.402000,-0.576908
1660.403000,-0.501719
1660.404000,-0.615817
1660.405000,-0.757721
1660.406000,-0.810768
1660.407000,-0.782708
1660.408000,-0.803928
1660.409000,-0.708690
1660.410000,-0.821346
1660.411000,-0.805305
1660.412000,-0.544055
1660.413000,-0.318240
1660.414000,-0.255587
1660.415000,-0.234917
1660.416000,-0.316202
1660.417000,-0.291307
1660.418000,-0.161719
1660.419000,-0.192323
1660.420000,-0.162097
1660.421000,-0.260020
1660.422000,-0.169634
1660.423000,-0.128042
1660.424000,-0.192453
1660.425000,-0.215837
1660.426000,-0.182018
1660.427000,-0.148027
1660.428000,-0.140849
1660.429000,-0.002023
1660.430000,0.087996
1660.431000,0.054187
1660.432000,-0.050453
1660.433000,-0.011707
1660.434000,-0.020257
1660.435000,0.096016
1660.436000,-0.000832
1660.437000,-0.088250
1660.438000,-0.176388
1660.439000,-0.055887
1660.440000,-0.065112
1660.441000,0.001264
1660.442000,0.076497
1660.443000,0.061911
1660.444000,-0.232228
1660.445000,-0.389181
1660.446000,-0.531728
1660.447000,-0.600853
1660.448000,-0.592504
1660.449000,-0.531023
1660.450000,-0.380194
1660.451000,-0.417658
1660.452000,-0.245581
1660.453000,-0.154257
1660.454000,-0.170165
1660.455000,-0.162802
1660.456000,-0.228385
1660.457000,-0.257582
1660.458000,-0.401548
1660.459000,-0.301948
1660.460000,-0.429005
1660.461000,-0.377218
1660.462000,-0.314358
1660.463000,-0.280340
1660.464000,-0.189735
1660.465000,-0.124145
1660.466000,-0.203546
1660.467000,-0.126207
1660.468000,-0.134195
1660.469000,0.060262
1660.470000,0.109968
1660.471000,-0.117534
1660.472000,-0.155962
1660.473000,-0.153610
1660.474000,0.018615
1660.475000,-0.086377
1660.476000,-0.030979
1660.477000,-0.044817
1660.478000,-0.073799
1660.479000,-0.167993
1660.480000,-0.257390
1660.481000,-0.188329
1660.482000,-0.171668
1660.483000,-0.270110
1660.484000,-0.216548
1660.485000,-0.167965
1660.486000,-0.301738
1660.487000,-0.070904
1660.488000,-0.016320
1660.489000,0.061510
1660.490000,0.178060
1660.491000,0.223578
1660.492000,0.157915
1660.493000,0.219870
1660.494000,0.011142
1660.495000,-0.008306
1660.496000,0.174586
1660.497000,0.224017
1660.498000,0.180898
1660.499000,0.275216
1660.500000,0.361562
1660.501000,0.256866
1660.502000,0.232269
1660.503000,0.241316
1660.504000,0.239560
1660.505000,0.438544
1660.506000,0.282825
1660.507000,0.418698
1660.508000,0.499156
1660.509000,0.594185
1660.510000,0.780294
1660.511000,0.809119
1660.512000,0.843416
1660.513000,0.896958
1660.514000,1.037414
1660.515000,1.025101
1660.516000,0.903514
1660.517000,0.772831
1660.518000,0.857079
1660.519000,0.813142
1660.520000,0.719607
1660.521000,0.536371
1660.522000,0.588259
1660.523000,0.480911
1660.524000,0.426860
1660.525000,0.244284
1660.526000,0.316688
1660.527000,0.139237
1660.528000,0.105460
1660.529000,-0.166100
1660.530000,-0.269909
1660.531000,-0.400050
1660.532000,-0.475924
1660.533000,-0.431578
1660.534000,-0.617419
1660.535000,-0.817190
1660.536000,-0.747769
1660.537000,-0.710962
1660.538000,-0.831704
1660.539000,-0.605120
1660.540000,-0.547978
1660.541000,-0.616273
1660.542000,-0.536298
1660.543000,-0.462725
1660.544000,-0.283345
1660.545000,-0.453779
1660.546000,-0.630714
1660.547000,-0.463735
1660.548000,-0.351567
1660.549000,-0.243214
1660.550000,-0.223352
1660.551000,-0.226756
1660.552000,-0.365582
1660.553000,-0.447288
1660.554000,-0.408392
1660.555000,-0.489506
1660.556000,-0.435547
1660.557000,-0.459010
1660.558000,-0.537807
1660.559000,-0.703528
1660.560000,-0.747160
1660.561000,-0.756807
1660.562000,-0.831283
1660.563000,-0.995254
1660.564000,-0.960357
1660.565000,-1.007076
1660.566000,-1.004939
1660.567000,-0.929313
1660.568000,-0.906462
1660.569000,-0.811235
1660.570000,-0.728304
1660.571000,-0.745676
1660.572000,-0.736844
1660.573000,-0.771874
1660.574000,-0.639544
1660.575000,-0.689531
1660.576000,-0.650829
1660.577000,-0.627041
1660.578000,-0.640475
1660.579000,-0.622445
1660.580000,-0.505349
1660.581000,-0.408334
1660.582000,-0.409398
1660.583000,-0.482913
1660.584000,-0.370385
1660.585000,-0.396409
1660.586000,-0.577019
1660.587000,-0.432820
1660.588000,-0.343427
1660.589000,-0.433927
1660.590000,-0.402080
1660.591000,-0.330003
1660.592000,-0.402944
1660.593000,-0.310297
1660.594000,-0.272243
1660.595000,-0.055657
1660.596000,0.118608
1660.597000,0.130135
1660.598000,0.230846
1660.599000,0.249680
1660.600000,0.213250
1660.601000,0.274417
1660.602000,0.260703
1660.603000,0.390787
1660.604000,0.492347
1660.605000,0.507255
1660.606000,0.469205
1660.607000,0.421253
1660.608000,0.329126
1660.609000,0.221433
1660.610000,0.016326
1660.611000,-0.238335
1660.612000,-0.094938
1660.613000,-0.079656
1660.614000,-0.123121
1660.615000,-0.205447
1660.616000,-0.213656
1660.617000,-0.156990
1660.618000,0.021724
1660.619000,0.113909
1660.620000,0.287444
1660.621000,0.291250
1660.622000,0.313256
1660.623000,0.464285
1660.624000,0.444528
1660.625000,0.538883
1660.626000,0.627297
1660.627000,0.701808
1660.628000,0.445339
1660.629000,0.010244
1660.630000,0.040122
1660.631000,0.054879
1660.632000,-0.006542
1660.633000,0.090934
1660.634000,0.029282
1660.635000,0.046121
1660.636000,0.153819
1660.637000,0.122031
1660.638000,0.082350
1660.639000,0.236191
1660.640000,0.481169
1660.641000,0.491216
1660.642000,0.558091
1660.643000,0.502187
1660.644000,0.588963
1660.645000,0.574509
1660.646000,0.566273
1660.647000,0.458694
1660.648000,0.381608
1660.649000,0.558612
1660.650000,0.746921
1660.651000,0.857430
1660.652000,0.870748
1660.653000,0.861186
1660.654000,0.794749
1660.655000,0.762444
1660.656000,0.732354
1660.657000,0.775404
1660.658000,0.778896
1660.659000,0.865618
1660.660000,0.762194
1660.661000,0.629896
1660.662000,0.522307
1660.663000,0.586283
1660.664000,0.506902
1660.665000,0.541813
1660.666000,0.635293
1660.667000,0.574323
1660.668000,0.399268
1660.669000,0.199852
1660.670000,0.301461
1660.671000,0.346671
1660.672000,0.438044
1660.673000,0.328265
1660.674000,0.317898
1660.675000,0.266484
1660.676000,0.140384
1660.677000,-0.001812
1660.678000,-0.104123
1660.679000,-0.127753
1660.680000,-0.132247
1660.681000,0.053608
1660.682000,0.046248
1660.683000,0.057505
1660.684000,-0.083287
1660.685000,-0.188798
1660.686000,-0.105834
1660.687000,0.135080
1660.688000,-0.032597
1660.689000,-0.082578
1660.690000,-0.039196
1660.691000,-0.123148
1660.692000,-0.162377
1660.693000,-0.236597
1660.694000,-0.164645
1660.695000,-0.274328
1660.696000,-0.283734
1660.697000,-0.253877
1660.698000,-0.277622
1660.699000,-0.341740
1660.700000,-0.425456
1660.701000,-0.368881
1660.702000,-0.323984
1660.703000,-0.457910
1660.704000,-0.353798
1660.705000,-0.616839
1660.706000,-0.702802
1660.707000,-0.560559
1660.708000,-0.622797
1660.709000,-0.691473
1660.710000,-0.794645
1660.711000,-0.788992
1660.712000,-0.802220
1660.713000,-0.877544
1660.714000,-1.027789
1660.715000,-0.801673
1660.716000,-0.994490
1660.717000,-0.932433
1660.718000,-0.973597
1660.719000,-1.032461
1660.720000,-1.002058
1660.721000,-0.843310
1660.722000,-0.803029
1660.723000,-0.605652
1660.724000,-0.506817
1660.725000,-0.452492
1660.726000,-0.462949
1660.727000,-0.797164
1660.728000,-0.657232
1660.729000,-0.735197
1660.730000,-0.605962
1660.731000,-0.761383
1660.732000,-0.832803
1660.733000,-0.839190
1660.734000,-0.741463
1660.735000,-0.778386
1660.736000,-0.677992
1660.737000,-0.721470
1660.738000,-0.595708
1660.739000,-0.644961
1660.740000,-0.555194
1660.741000,-0.599880
1660.742000,-0.772157
1660.743000,-0.810965
1660.744000,-0.708282
1660.745000,-0.601479
1660.746000,-0.501497
1660.747000,-0.540359
1660.748000,-0.463148
1660.749000,-0.291991
1660.750000,-0.165973
1660.751000,-0.294518
1660.752000,-0.128946
1660.753000,0.031480
1660.754000,-0.031891
1660.755000,-0.097598
1660.756000,-0.150109
1660.757000,-0.022063
1660.758000,0.049881
1660.759000,0.125709
1660.760000,0.070187
1660.761000,0.050891
1660.762000,0.217112
1660.763000,0.064050
1660.764000,0.139674
1660.765000,0.391922
1660.766000,0.309564
1660.767000,0.518912
1660.768000,0.628506
1660.769000,0.684893
1660.770000,0.597742
1660.771000,0.575274
1660.772000,0.551741
1660.773000,0.600093
1660.774000,0.656177
1660.775000,0.655578
1660.776000,0.863644
1660.777000,0.806762
1660.778000,0.795776
1660.779000,0.850819
1660.780000,0.922931
1660.781000,0.822821
1660.782000,0.795887
1660.783000,1.006341
1660.784000,0.862672
1660.785000,1.009315
1660.786000,0.830613
1660.787000,0.719081
1660.788000,0.710548
1660.789000,0.766406
1660.790000,0.706221
1660.791000,0.810936
1660.792000,0.809151
1660.793000,0.661509
1660.794000,0.384731
1660.795000,0.310190
1660.796000,0.339400
1660.797000,0.347907
1660.798000,0.252851
1660.799000,0.275751
1660.800000,0.420939
1660.801000,0.480610
1660.802000,0.492229
1660.803000,0.586624
1660.804000,0.460930
1660.805000,0.570472
1660.806000,0.417577
1660.807000,0.481199
1660.808000,0.371391
1660.809000,0.495760
1660.810000,0.491109
1660.811000,0.415112
1660.812000,0.424720
1660.813000,0.503711
1660.814000,0.402113
1660.815000,0.527757
1660.816000,0.528395
1660.817000,0.633206
1660.818000,0.558111
1660.819000,0.829097
1660.820000,0.838275
1660.821000,0.835435
1660.822000,0.869870
1660.823000,0.747994
1660.824000,0.881347
1660.825000,0.928936
1660.826000,0.849407
1660.827000,0.748870
1660.828000,0.863446
1660.829000,0.959114
1660.830000,0.922672
1660.831000,0.956677
1660.832000,1.093173
1660.833000,0.956048
1660.834000,0.964216
1660.835000,0.943290
1660.836000,0.819842
1660.837000,0.851411
1660.838000,0.885650
1660.839000,0.990664
1660.840000,1.011767
1660.841000,0.885018
1660.842000,0.715160
1660.843000,0.671125
1660.844000,0.832714
1660.845000,0.788165
1660.846000,0.715546
1660.847000,0.688338
1660.848000,0.499843
1660.849000,0.371972
1660.850000,0.370127
1660.851000,0.165559
1660.852000,0.281314
1660.853000,0.419060
1660.854000,0.327499
1660.855000,0.191085
1660.856000,-0.015645
1660.857000,-0.140456
1660.858000,-0.065023
1660.859000,0.075430
1660.860000,0.031394
1660.861000,-0.077186
1660.862000,-0.030275
1660.863000,-0.063015
1660.864000,0.062334
1660.865000,-0.099074
1660.866000,-0.031439
1660.867000,-0.121773
1660.868000,-0.151354
1660.869000,-0.207481
1660.870000,-0.110288
1660.871000,-0.124428
1660.872000,-0.042314
1660.873000,-0.081049
1660.874000,-0.129146
1660.875000,-0.201050
1660.876000,-0.097085
1660.877000,-0.184124
1660.878000,-0.204110
1660.879000,-0.140319
1660.880000,-0.058451
1660.881000,-0.209049
1660.882000,-0.180267
1660.883000,-0.292123
1660.884000,-0.277243
1660.885000,-0.371581
1660.886000,-0.508879
1660.887000,-0.408987
1660.888000,-0.410595
1660.889000,-0.381706
1660.890000,-0.214271
1660.891000,-0.319817
1660.892000,-0.404100
1660.893000,-0.395213
1660.894000,-0.331789
1660.895000,-0.380861
1660.896000,-0.538191
1660.897000,-0.554706
1660.898000,-0.521474
1660.899000,-0.394227
1660.900000,-0.431221
1660.901000,-0.409454
1660.902000,-0.459725
1660.903000,-0.501017
1660.904000,-0.803973
1660.905000,-0.597166
1660.906000,-0.548846
1660.907000,-0.609210
1660.908000,-0.573349
1660.909000,-0.658796
1660.910000,-0.597240
1660.911000,-0.739821
1660.912000,-0.745750
1660.913000,-0.754501
1660.914000,-0.777678
1660.915000,-0.771249
1660.916000,-0.897398
1660.917000,-0.976203
1660.918000,-1.007658
1660.919000,-1.063743
1660.920000,-1.099614
1660.921000,-0.991244
1660.922000,-0.989360
1660.923000,-1.064417
1660.924000,-1.128851
1660.925000,-1.081620
1660.926000,-1.120505
1660.927000,-1.164946
1660.928000,-1.219272
1660.929000,-1.158068
1660.930000,-1.225791
1660.931000,-1.194274
1660.932000,-1.081890
1660.933000,-1.040179
1660.934000,-1.020979
1660.935000,-1.072857
1660.936000,-1.049287
1660.937000,-1.072918
1660.938000,-0.995471
1660.939000,-0.863294
1660.940000,-0.787655
1660.941000,-0.831922
1660.942000,-0.730843
1660.943000,-0.992930
1660.944000,-0.965030
1660.945000,-0.872101
1660.946000,-0.793286
1660.947000,-0.780534
1660.948000,-0.792001
1660.949000,-0.773129
1660.950000,-0.767139
1660.951000,-0.776907
1660.952000,-0.744249
1660.953000,-0.720680
1660.954000,-0.927109
1660.955000,-0.942504
1660.956000,-0.840595
1660.957000,-0.841399
1660.958000,-0.653627
1660.959000,-0.528754
1660.960000,-0.689610
1660.961000,-0.453833
1660.962000,-0.345386
1660.963000,-0.229954
1660.964000,-0.048321
1660.965000,-0.137565
1660.966000,-0.167256
1660.967000,-0.339662
1660.968000,-0.468635
1660.969000,-0.439747
1660.970000,-0.354962
1660.971000,-0.320088
1660.972000,-0.315015
1660.973000,-0.237123
1660.974000,-0.243772
1660.975000,-0.047152
1660.976000,-0.089498
1660.977000,-0.154371
1660.978000,-0.163062
1660.979000,-0.402414
1660.980000,-0.381931
1660.981000,-0.288175
1660.982000,-0.145778
1660.983000,-0.135667
1660.984000,0.050858
1660.985000,0.020675
1660.986000,0.162837
1660.987000,-0.072089
1660.988000,-0.013181
1660.989000,0.178418
1660.990000,0.381770
1660.991000,0.490096
1660.992000,0.439843
1660.993000,0.371987
1660.994000,0.154983
1660.995000,0.185035
1660.996000,0.330798
1660.997000,0.176237
1660.998000,0.088519
1660.999000,0.057216
1661.000000,0.193357
1661.001000,0.243089
1661.002000,0.299655
1661.003000,0.415529
1661.004000,0.523912
1661.005000,0.692557
1661.006000,0.838931
1661.007000,0.910742
1661.008000,1.040514
1661.009000,1.327977
1661.010000,1.276847
1661.011000,1.435049
1661.012000,1.481693
1661.013000,1.563788
1661.014000,1.697729
1661.015000,1.703660
1661.016000,1.685530
1661.017000,1.699941
1661.018000,1.810701
1661.019000,1.757186
1661.020000,1.740664
1661.021000,1.825626
1661.022000,1.758586
1661.023000,1.725728
1661.024000,1.739703
1661.025000,1.619277
1661.026000,1.476487
1661.027000,1.590747
1661.028000,1.364908
1661.029000,1.283039
1661.030000,1.264256
1661.031000,1.278015
1661.032000,1.332080
1661.033000,1.379845
1661.034000,1.301157
1661.035000,1.109069
1661.036000,1.180478
1661.037000,1.049472
1661.038000,1.016024
1661.039000,1.060382
1661.040000,0.757820
1661.041000,0.628255
1661.042000,0.657044
1661.043000,0.673808
1661.044000,0.628660
1661.045000,0.630007
1661.046000,0.730261
1661.047000,0.598427
1661.048000,0.564060
1661.049000,0.526917
1661.050000,0.538747
1661.051000,0.382043
1661.052000,0.271229
1661.053000,0.180019
1661.054000,0.147833
1661.055000,-0.090487
1661.056000,-0.214153
1661.057000,-0.240554
1661.058000,-0.228181
1661.059000,-0.279526
1661.060000,-0.239122
1661.061000,-0.192210
1661.062000,-0.230645
1661.063000,-0.446330
1661.064000,-0.350936
1661.065000,-0.213782
1661.066000,-0.073672
1661.067000,-0.107830
1661.068000,-0.093092
1661.069000,-0.004515
1661.070000,-0.076826
1661.071000,-0.149580
1661.072000,-0.180205
1661.073000,-0.007639
1661.074000,-0.062233
1661.075000,-0.058398
1661.076000,-0.164758
1661.077000,-0.170140
1661.078000,-0.272615
1661.079000,-0.362629
1661.080000,-0.425348
1661.081000,-0.433502
1661.082000,-0.685936
1661.083000,-0.790326
1661.084000,-0.776933
1661.085000,-0.777203
1661.086000,-0.692857
1661.087000,-0.780742
1661.088000,-0.612219
1661.089000,-0.752681
1661.090000,-0.733229
1661.091000,-0.839264
1661.092000,-0.878041
1661.093000,-0.841750
1661.094000,-0.874128
1661.095000,-0.820737
1661.096000,-0.999224
1661.097000,-1.082437
1661.098000,-1.160810
1661.099000,-1.221595
1661.100000,-1.219506
1661.101000,-1.442016
1661.102000,-1.222416
1661.103000,-1.238582
1661.104000,-1.020115
1661.105000,-1.147391
1661.106000,-1.174970
1661.107000,-1.153829
1661.108000,-1.019643
1661.109000,-0.759882
1661.110000,-0.709995
1661.111000,-0.683079
1661.112000,-0.734345
1661.113000,-0.647819
1661.114000,-0.493324
1661.115000,-0.284869
1661.116000,-0.300904
1661.117000,-0.527263
1661.118000,-0.664943
1661.119000,-0.601623
1661.120000,-0.669654
1661.121000,-0.510981
1661.122000,-0.447837
1661.123000,-0.319520
1661.124000,-0.349283
1661.125000,-0.337745
1661.126000,-0.388698
1661.127000,-0.388147
1661.128000,-0.353505
1661.129000,-0.489448
1661.130000,-0.531299
1661.131000,-0.741877
1661.132000,-0.718880
1661.133000,-0.654005
1661.134000,-0.600634
1661.135000,-0.507082
1661.136000,-0.538404
1661.137000,-0.393090
1661.138000,-0.265808
1661.139000,-0.327546
1661.140000,-0.389878
1661.141000,-0.275551
1661.142000,-0.356485
1661.143000,-0.444651
1661.144000,-0.452766
1661.145000,-0.380612
1661.146000,-0.401292
1661.147000,-0.296566
1661.148000,-0.173734
1661.149000,-0.190839
1661.150000,-0.286768
1661.151000,-0.306081
1661.152000,-0.474045
1661.153000,-0.376838
1661.154000,-0.439094
1661.155000,-0.306240
1661.156000,-0.232779
1661.157000,-0.203531
1661.158000,-0.248352
1661.159000,-0.245500
1661.160000,-0.208707
1661.161000,-0.164724
1661.162000,-0.165970
1661.163000,-0.044779
1661.164000,-0.025035
1661.165000,0.017098
1661.166000,-0.119364
1661.167000,-0.145562
1661.168000,-0.141705
1661.169000,-0.264633
1661.170000,-0.347013
1661.171000,-0.286775
1661.172000,-0.221154
1661.173000,-0.029997
1661.174000,-0.218294
1661.175000,-0.171320
1661.176000,-0.106383
1661.177000,-0.309800
1661.178000,-0.367372
1661.179000,-0.327283
1661.180000,-0.462689
1661.181000,-0.379625
1661.182000,-0.153252
1661.183000,0.006920
1661.184000,0.067397
1661.185000,0.241097
1661.186000,0.235725
1661.187000,0.257888
1661.188000,0.043037
1661.189000,0.243202
1661.190000,0.331873
1661.191000,0.538162
1661.192000,0.509538
1661.193000,0.400058
1661.194000,0.643551
1661.195000,0.575954
1661.196000,0.589750
1661.197000,0.575056
1661.198000,0.638558
1661.199000,0.194952
1661.200000,0.376712
1661.201000,0.418172
1661.202000,0.258924
1661.203000,0.525550
1661.204000,0.685638
1661.205000,0.496611
1661.206000,0.460374
1661.207000,0.599648
1661.208000,0.628217
1661.209000,0.448474
1661.210000,0.547065
1661.211000,0.515374
1661.212000,0.352829
1661.213000,0.148350
1661.214000,0.322955
1661.215000,0.204566
1661.216000,0.275729
1661.217000,0.306639
1661.218000,0.340893
1661.219000,0.427564
1661.220000,0.260168
1661.221000,0.355517
1661.222000,0.239697
1661.223000,0.041052
1661.224000,0.106412
1661.225000,0.307021
1661.226000,0.344612
1661.227000,0.195406
1661.228000,0.264731
1661.229000,0.314877
1661.230000,0.343089
1661.231000,0.288661
1661.232000,0.324748
1661.233000,0.451895
1661.234000,0.400771
1661.235000,0.311512
1661.236000,0.459476
1661.237000,0.640655
1661.238000,0.842104
1661.239000,0.929519
1661.240000,0.812482
1661.241000,0.674294
1661.242000,0.604811
1661.243000,0.532530
1661.244000,0.709079
1661.245000,0.576975
1661.246000,0.549689
1661.247000,0.388338
1661.248000,0.293619
1661.249000,0.373661
1661.250000,0.423862
1661.251000,0.401982
1661.252000,0.481873
1661.253000,0.515171
1661.254000,0.448058
1661.255000,0.450823
1661.256000,0.500626
1661.257000,0.546886
1661.258000,0.424250
1661.259000,0.336033
1661.260000,0.256560
1661.261000,0.310951
1661.262000,0.433677
1661.263000,0.409698
1661.264000,0.446934
1661.265000,0.612860
1661.266000,0.393009
1661.267000,0.451691
1661.268000,0.522593
1661.269000,0.627478
1661.270000,0.412043
1661.271000,0.435217
1661.272000,0.503493
1661.273000,0.573629
1661.274000,0.680790
1661.275000,0.639579
1661.276000,0.720762
1661.277000,0.643422
1661.278000,0.543697
1661.279000,0.544642
1661.280000,0.711528
1661.281000,0.845418
1661.282000,0.659139
1661.283000,0.729869
1661.284000,0.681064
1661.285000,0.772995
1661.286000,0.846583
1661.287000,0.926828
1661.288000,0.945422
1661.289000,0.927918
1661.290000,0.926999
1661.291000,0.831131
1661.292000,0.781017
1661.293000,0.949136
1661.294000,0.965052
1661.295000,0.960524
1661.296000,0.888096
1661.297000,1.157454
1661.298000,1.106708
1661.299000,1.122034
1661.300000,1.209238
1661.301000,0.929925
1661.302000,1.040142
1661.303000,1.148747
1661.304000,1.237675
1661.305000,1.213742
1661.306000,1.215774
1661.307000,1.039684
1661.308000,0.846482
1661.309000,0.917557
1661.310000,1.050416
1661.311000,0.959443
1661.312000,1.079447
1661.313000,0.967283
1661.314000,0.948350
1661.315000,0.989165
1661.316000,0.933516
1661.317000,0.939557
1661.318000,1.047319
1661.319000,1.098135
1661.320000,0.990602
1661.321000,0.974937
1661.322000,0.722208
1661.323000,0.704443
1661.324000,0.632047
1661.325000,0.556899
1661.326000,0.547862
1661.327000,0.560809
1661.328000,0.339125
1661.329000,0.413672
1661.330000,0.232188
1661.331000,0.136175
1661.332000,0.074808
1661.333000,-0.142732
1661.334000,-0.140592
1661.335000,-0.298399
1661.336000,-0.382232
1661.337000,-0.396060
1661.338000,-0.453855
1661.339000,-0.325711
1661.340000,-0.431521
1661.341000,-0.413846
1661.342000,-0.193121
1661.343000,-0.079075
1661.344000,-0.162563
1661.345000,-0.172502
1661.346000,-0.108498
1661.347000,-0.086250
1661.348000,-0.107196
1661.349000,-0.136180
1661.350000,-0.176395
1661.351000,-0.177386
1661.352000,-0.053750
1661.353000,-0.020868
1661.354000,0.000249
1661.355000,0.240343
1661.356000,0.423475
1661.357000,0.314190
1661.358000,0.308405
1661.359000,0.268259
1661.360000,0.230081
1661.361000,0.260012
1661.362000,0.244012
1661.363000,0.143327
1661.364000,0.152372
1661.365000,0.209375
1661.366000,0.360061
1661.367000,0.347249
1661.368000,0.430731
1661.369000,0.367559
1661.370000,0.291670
1661.371000,0.377685
1661.372000,0.252899
1661.373000,0.218619
1661.374000,0.169065
1661.375000,0.068799
1661.376000,-0.118082
1661.377000,-0.272310
1661.378000,-0.455201
1661.379000,-0.528351
1661.380000,-0.537205
1661.381000,-0.366306
1661.382000,-0.365036
1661.383000,-0.322987
1661.384000,-0.272707
1661.385000,-0.351930
1661.386000,-0.595631
1661.387000,-0.514965
1661.388000,-0.472559
1661.389000,-0.466091
1661.390000,-0.465457
1661.391000,-0.411711
1661.392000,-0.430501
1661.393000,-0.533648
1661.394000,-0.508384
1661.395000,-0.637292
1661.396000,-0.657600
1661.397000,-0.749727
1661.398000,-0.656296
1661.399000,-0.733024
1661.400000,-0.775198
1661.401000,-0.741634
1661.402000,-0.779601
1661.403000,-0.822419
1661.404000,-0.764130
1661.405000,-0.705380
1661.406000,-0.664590
1661.407000,-0.600802
1661.408000,-0.588055
1661.409000,-0.465606
1661.410000,-0.490804
1661.411000,-0.522882
1661.412000,-0.576089
1661.413000,-0.600764
1661.414000,-0.563363
1661.415000,-0.662053
1661.416000,-0.615546
1661.417000,-0.587520
1661.418000,-0.573991
1661.419000,-0.560935
1661.420000,-0.751230
1661.421000,-0.893953
1661.422000,-0.935807
1661.423000,-1.097190
1661.424000,-0.935407
1661.425000,-0.766742
1661.426000,-0.632246
1661.427000,-0.642929
1661.428000,-0.482216
1661.429000,-0.637576
1661.430000,-0.491210
1661.431000,-0.614457
1661.432000,-0.548196
1661.433000,-0.684106
1661.434000,-0.658324
1661.435000,-0.364926
1661.436000,-0.082324
1661.437000,-0.055325
1661.438000,-0.082733
1661.439000,-0.131456
1661.440000,-0.108340
1661.441000,-0.272700
1661.442000,-0.291330
1661.443000,-0.197628
1661.444000,-0.172658
1661.445000,-0.240664
1661.446000,-0.122438
1661.447000,-0.111521
1661.448000,-0.256738
1661.449000,-0.189682
1661.450000,-0.237766
1661.451000,-0.205903
1661.452000,-0.174336
1661.453000,-0.326502
1661.454000,-0.151069
1661.455000,-0.013142
1661.456000,-0.023342
1661.457000,-0.171466
1661.458000,-0.256012
1661.459000,-0.257602
1661.460000,-0.427665
1661.461000,-0.269153
1661.462000,-0.545657
1661.463000,-0.457474
1661.464000,-0.415512
1661.465000,-0.350118
1661.466000,-0.535593
1661.467000,-0.492498
1661.468000,-0.144821
1661.469000,-0.092601
1661.470000,-0.020822
1661.471000,-0.082686
1661.472000,-0.005956
1661.473000,0.157293
1661.474000,0.138487
1661.475000,0.134178
1661.476000,0.095074
1661.477000,0.114090
1661.478000,0.069423
1661.479000,-0.007995
1661.480000,-0.106730
1661.481000,-0.029156
1661.482000,0.035873
1661.483000,0.014676
1661.484000,0.148668
1661.485000,0.215329
1661.486000,0.102513
1661.487000,0.141467
1661.488000,0.270235
1661.489000,0.260943
1661.490000,0.050365
1661.491000,0.072957
1661.492000,0.020832
1661.493000,0.050376
1661.494000,0.079534
1661.495000,0.083270
1661.496000,0.082732
1661.497000,0.147003
1661.498000,0.156492
1661.499000,0.066623
1661.500000,-0.130593
1661.501000,-0.219738
1661.502000,-0.426151
1661.503000,-0.387640
1661.504000,-0.638029
1661.505000,-0.481591
1661.506000,-0.689178
1661.507000,-0.582007
1661.508000,-0.617966
1661.509000,-0.778225
1661.510000,-0.734815
1661.511000,-0.710232
1661.512000,-0.507849
1661.513000,-0.476885
1661.514000,-0.337775
1661.515000,-0.301659
1661.516000,-0.235305
1661.517000,-0.260351
1661.518000,-0.380853
1661.519000,-0.310967
1661.520000,-0.141503
1661.521000,-0.103969
1661.522000,-0.002314
1661.523000,0.061229
1661.524000,-0.190890
1661.525000,-0.119924
1661.526000,-0.172427
1661.527000,-0.110188
1661.528000,-0.051978
1661.529000,0.006863
1661.530000,0.142119
1661.531000,0.095259
1661.532000,0.130733
1661.533000,0.047100
1661.534000,0.271745
1661.535000,0.299405
1661.536000,0.276402
1661.537000,0.208187
1661.538000,0.293871
1661.539000,0.313205
1661.540000,0.216227
1661.541000,0.220166
1661.542000,0.408781
1661.543000,0.416113
1661.544000,0.467007
1661.545000,0.475492
1661.546000,0.680804
1661.547000,0.708665
1661.548000,0.615837
1661.549000,0.552582
1661.550000,0.592208
1661.551000,0.455908
1661.552000,0.538821
1661.553000,0.496555
1661.554000,0.484880
1661.555000,0.548252
1661.556000,0.478164
1661.557000,0.545928
1661.558000,0.601095
1661.559000,0.571247
1661.560000,0.502902
1661.561000,0.504041
1661.562000,0.341006
1661.563000,0.296289
1661.564000,0.502425
1661.565000,0.491048
1661.566000,0.336043
1661.567000,0.274752
1661.568000,0.161001
1661.569000,0.185708
1661.570000,0.208096
1661.571000,0.142499
1661.572000,0.224773
1661.573000,0.094398
1661.574000,0.116623
1661.575000,0.128604
1661.576000,-0.010130
1661.577000,-0.047210
1661.578000,-0.037263
1661.579000,-0.035595
1661.580000,-0.158333
1661.581000,-0.086463
1661.582000,-0.031224
1661.583000,-0.039061
1661.584000,-0.116025
1661.585000,-0.089245
1661.586000,-0.097168
1661.587000,0.006196
1661.588000,-0.045465
1661.589000,0.032060
1661.590000,-0.018320
1661.591000,-0.121163
1661.592000,0.061726
1661.593000,0.113892
1661.594000,0.182275
1661.595000,0.266893
1661.596000,0.204901
1661.597000,0.489733
1661.598000,0.585028
1661.599000,0.477486
1661.600000,0.410003
1661.601000,0.567939
1661.602000,0.485750
1661.603000,0.469245
1661.604000,0.284022
1661.605000,0.295803
1661.606000,0.628288
1661.607000,0.729018
1661.608000,0.649982
1661.609000,0.533779
1661.610000,0.581210
1661.611000,0.744542
1661.612000,0.811907
1661.613000,0.786531
1661.614000,0.877314
1661.615000,0.856203
1661.616000,0.892420
1661.617000,0.713911
1661.618000,0.597563
1661.619000,0.632354
1661.620000,0.572669
1661.621000,0.701203
1661.622000,0.751485
1661.623000,0.887783
1661.624000,0.893636
1661.625000,0.652746
1661.626000,0.597754
1661.627000,0.436714
1661.628000,0.536683
1661.629000,0.681357
1661.630000,0.546002
1661.631000,0.451922
1661.632000,0.318330
1661.633000,0.351800
1661.634000,0.335865
1661.635000,0.461733
1661.636000,0.435372
1661.637000,0.491082
1661.638000,0.453799
1661.639000,0.381179
1661.640000,0.411231
1661.641000,0.431790
1661.642000,0.332858
1661.643000,0.337948
1661.644000,0.305628
1661.645000,0.216113
1661.646000,-0.052208
1661.647000,-0.025375
1661.648000,-0.002152
1661.649000,0.024187
1661.650000,0.093333
1661.651000,0.066542
1661.652000,0.018245
1661.653000,-0.021949
1661.654000,-0.126523
1661.655000,-0.180490
1661.656000,-0.184865
1661.657000,-0.066280
1661.658000,-0.110785
1661.659000,-0.057782
1661.660000,-0.209159
1661.661000,-0.325844
1661.662000,-0.327105
1661.663000,-0.325538
1661.664000,-0.398390
1661.665000,-0.182924
1661.666000,0.030406
1661.667000,0.067203
1661.668000,0.025840
1661.669000,-0.059213
1661.670000,0.075009
1661.671000,0.035591
1661.672000,0.117530
1661.673000,0.196365
1661.674000,0.103487
1661.675000,0.022130
1661.676000,0.177253
1661.677000,0.092332
1661.678000,0.008947
1661.679000,-0.117232
1661.680000,-0.201412
1661.681000,-0.210793
1661.682000,-0.208421
1661.683000,-0.264127
1661.684000,-0.308956
1661.685000,-0.184297
1661.686000,-0.167765
1661.687000,-0.144457
1661.688000,-0.283027
1661.689000,-0.376440
1661.690000,-0.130628
1661.691000,-0.166742
1661.692000,-0.058443
1661.693000,-0.059324
1661.694000,-0.185610
1661.695000,-0.349069
1661.696000,-0.266522
1661.697000,-0.304574
1661.698000,-0.244536
1661.699000,-0.248952
1661.700000,-0.248384
1661.701000,-0.241083
1661.702000,-0.283864
1661.703000,-0.238767
1661.704000,-0.317874
1661.705000,-0.327629
1661.706000,-0.327911
1661.707000,-0.205424
1661.708000,-0.223798
1661.709000,0.008986
1661.710000,0.084478
1661.711000,0.064651
1661.712000,0.063412
1661.713000,0.056581
1661.714000,0.014705
1661.715000,0.077910
1661.716000,-0.046253
1661.717000,-0.024328
1661.718000,-0.105215
1661.719000,0.084918
1661.720000,0.192084
1661.721000,0.387138
1661.722000,0.465612
1661.723000,0.495219
1661.724000,0.415723
1661.725000,0.373336
1661.726000,0.170506
1661.727000,0.249150
1661.728000,0.253393
1661.729000,0.173313
1661.730000,0.170982
1661.731000,0.022910
1661.732000,0.123608
1661.733000,-0.039869
1661.734000,-0.002877
1661.735000,0.176660
1661.736000,0.211209
1661.737000,0.152416
1661.738000,0.186910
1661.739000,0.138160
1661.740000,0.190186
1661.741000,0.048484
1661.742000,0.054864
1661.743000,0.052066
1661.744000,0.173412
1661.745000,0.075216
1661.746000,0.058339
1661.747000,0.210951
1661.748000,0.366009
1661.749000,0.353541
1661.750000,0.491035
1661.751000,0.529007
1661.752000,0.255931
1661.753000,0.232683
1661.754000,0.154877
1661.755000,-0.027350
1661.756000,-0.148530
1661.757000,-0.152742
1661.758000,-0.349866
1661.759000,-0.502831
1661.760000,-0.402550
1661.761000,-0.469878
1661.762000,-0.401254
1661.763000,-0.374154
1661.764000,-0.423746
1661.765000,-0.328304
1661.766000,-0.397322
1661.767000,-0.329351
1661.768000,-0.342193
1661.769000,-0.639321
1661.770000,-0.789555
1661.771000,-0.507223
1661.772000,-0.369859
1661.773000,-0.494727
1661.774000,-0.451114
1661.775000,-0.546991
1661.776000,-0.351514
1661.777000,-0.228450
1661.778000,-0.360251
1661.779000,-0.317235
1661.780000,-0.362500
1661.781000,-0.396417
1661.782000,-0.424106
1661.783000,-0.486184
1661.784000,-0.422571
1661.785000,-0.365024
1661.786000,-0.313361
1661.787000,-0.304967
1661.788000,-0.245660
1661.789000,-0.193279
1661.790000,-0.242884
1661.791000,-0.243357
1661.792000,-0.253066
1661.793000,-0.354653
1661.794000,-0.415873
1661.795000,-0.497586
1661.796000,-0.539163
1661.797000,-0.467410
1661.798000,-0.367420
1661.799000,-0.324472
1661.800000,-0.073295
1661.801000,0.088760
1661.802000,0.138090
1661.803000,-0.078800
1661.804000,-0.129109
1661.805000,-0.248143
1661.806000,-0.313728
1661.807000,-0.179911
1661.808000,-0.174782
1661.809000,-0.263858
1661.810000,-0.294687
1661.811000,-0.373013
1661.812000,-0.438579
1661.813000,-0.430578
1661.814000,-0.471220
1661.815000,-0.659668
1661.816000,-0.581935
1661.817000,-0.546526
1661.818000,-0.572242
1661.819000,-0.736687
1661.820000,-0.634813
1661.821000,-0.642506
1661.822000,-0.606418
1661.823000,-0.615790
1661.824000,-0.781763
1661.825000,-0.699136
1661.826000,-0.731512
1661.827000,-0.685875
1661.828000,-0.678800
1661.829000,-0.664067
1661.830000,-0.662852
1661.831000,-0.701913
1661.832000,-0.508713
1661.833000,-0.567017
1661.834000,-0.567131
1661.835000,-0.594781
1661.836000,-0.512907
1661.837000,-0.612032
1661.838000,-0.586450
1661.839000,-0.418571
1661.840000,-0.559814
1661.841000,-0.655490
1661.842000,-0.560003
1661.843000,-0.475119
1661.844000,-0.390616
1661.845000,-0.392215
1661.846000,-0.403294
1661.847000,-0.327744
1661.848000,-0.208258
1661.849000,-0.164082
1661.850000,-0.384676
1661.851000,-0.413704
1661.852000,-0.578914
1661.853000,-0.427037
1661.854000,-0.420348
1661.855000,-0.267018
1661.856000,-0.167270
1661.857000,-0.249355
1661.858000,-0.315703
1661.859000,-0.371118
1661.860000,-0.364845
1661.861000,-0.536333
1661.862000,-0.509576
1661.863000,-0.514723
1661.864000,-0.299862
1661.865000,-0.170825
1661.866000,-0.295540
1661.867000,-0.213548
1661.868000,-0.248818
1661.869000,-0.148411
1661.870000,-0.169946
1661.871000,-0.197540
1661.872000,-0.169486
1661.873000,-0.073651
1661.874000,-0.036591
1661.875000,-0.023793
1661.876000,-0.087962
1661.877000,0.111795
1661.878000,0.203855
1661.879000,0.253604
1661.880000,0.268239
1661.881000,0.203140
1661.882000,0.374037
1661.883000,0.368153
1661.884000,0.383581
1661.885000,0.542088
1661.886000,0.328125
1661.887000,0.258550
1661.888000,0.296369
1661.889000,0.040510
1661.890000,-0.053169
1661.891000,-0.096366
1661.892000,-0.052376
1661.893000,-0.013754
1661.894000,0.019306
1661.895000,0.220614
1661.896000,0.073371
1661.897000,0.067431
1661.898000,0.030802
1661.899000,-0.132294
1661.900000,-0.147809
1661.901000,-0.084455
1661.902000,-0.082221
1661.903000,-0.094226
1661.904000,-0.037480
1661.905000,0.074375
1661.906000,0.097236
1661.907000,0.033662
1661.908000,0.134652
1661.909000,0.070350
1661.910000,-0.075621
1661.911000,-0.000345
1661.912000,0.063078
1661.913000,0.063759
1661.914000,0.048761
1661.915000,0.119454
1661.916000,0.107652
1661.917000,0.072954
1661.918000,-0.073356
1661.919000,0.110813
1661.920000,0.170902
1661.921000,0.243028
1661.922000,0.137893
1661.923000,0.224635
1661.924000,0.328424
1661.925000,0.399344
1661.926000,0.314789
1661.927000,0.360195
1661.928000,0.216736
1661.929000,0.200981
1661.930000,0.318714
1661.931000,0.399338
1661.932000,0.168935
1661.933000,-0.036782
1661.934000,-0.036605
1661.935000,-0.057695
1661.936000,0.078313
1661.937000,0.024942
1661.938000,0.089229
1661.939000,-0.144300
1661.940000,-0.034235
1661.941000,0.072666
1661.942000,0.243973
1661.943000,0.315040
1661.944000,0.190172
1661.945000,-0.014572
1661.946000,-0.141624
1661.947000,-0.247398
1661.948000,-0.351659
1661.949000,-0.524383
1661.950000,-0.462308
1661.951000,-0.440379
1661.952000,-0.382138
1661.953000,-0.432660
1661.954000,-0.447181
1661.955000,-0.340229
1661.956000,-0.418799
1661.957000,-0.323641
1661.958000,-0.197437
1661.959000,-0.181364
1661.960000,-0.219467
1661.961000,-0.155206
1661.962000,-0.262706
1661.963000,-0.208321
1661.964000,-0.237079
1661.965000,-0.164663
1661.966000,-0.030757
1661.967000,0.078216
1661.968000,0.040294
1661.969000,-0.162489
1661.970000,-0.214801
1661.971000,-0.209536
1661.972000,-0.077749
1661.973000,-0.099746
1661.974000,-0.160058
1661.975000,-0.162740
1661.976000,-0.407168
1661.977000,-0.386307
1661.978000,-0.441963
1661.979000,-0.385904
1661.980000,-0.327770
1661.981000,-0.363025
1661.982000,-0.378853
1661.983000,-0.413665
1661.984000,-0.329104
1661.985000,-0.228817
1661.986000,-0.347348
1661.987000,-0.351454
1661.988000,-0.334762
1661.989000,-0.049540
1661.990000,-0.131792
1661.991000,-0.073772
1661.992000,-0.248002
1661.993000,-0.171159
1661.994000,-0.255343
1661.995000,-0.201531
1661.996000,-0.214142
1661.997000,-0.338420
1661.998000,-0.356199
1661.999000,-0.190581
1662.000000,-0.308774
1662.001000,-0.248647
1662.002000,-0.293076
1662.003000,-0.327510
1662.004000,-0.281817
1662.005000,-0.329702
1662.006000,-0.416670
1662.007000,-0.316622
1662.008000,-0.264474
1662.009000,-0.294379
1662.010000,-0.342236
1662.011000,-0.456827
1662.012000,-0.529707
1662.013000,-0.439279
1662.014000,-0.474225
1662.015000,-0.415283
1662.016000,-0.441651
1662.017000,-0.564261
1662.018000,-0.655048
1662.019000,-0.741093
1662.020000,-0.793406
1662.021000,-0.827942
1662.022000,-0.936938
1662.023000,-0.691906
1662.024000,-0.608139
1662.025000,-0.784265
1662.026000,-0.891321
1662.027000,-0.936253
1662.028000,-0.904025
1662.029000,-0.683286
1662.030000,-0.583353
1662.031000,-0.387838
1662.032000,-0.336519
1662.033000,-0.324507
1662.034000,-0.425795
1662.035000,-0.532044
1662.036000,-0.573436
1662.037000,-0.431811
1662.038000,-0.302678
1662.039000,-0.300736
1662.040000,-0.242217
1662.041000,-0.161245
1662.042000,-0.144894
1662.043000,-0.109306
1662.044000,0.125107
1662.045000,-0.002267
1662.046000,-0.116349
1662.047000,-0.026908
1662.048000,0.000747
1662.049000,0.170863
1662.050000,0.060779
1662.051000,0.049506
1662.052000,0.039966
1662.053000,0.213028
1662.054000,0.268132
1662.055000,0.146354
1662.056000,0.025895
1662.057000,0.125854
1662.058000,0.118389
1662.059000,0.176880
1662.060000,0.281966
1662.061000,0.245219
1662.062000,0.225768
1662.063000,0.037313
1662.064000,0.031828
1662.065000,-0.031405
1662.066000,-0.003295
1662.067000,0.047407
1662.068000,0.097768
1662.069000,0.187272
1662.070000,0.201002
1662.071000,0.204751
1662.072000,0.115244
1662.073000,0.094649
1662.074000,-0.046946
1662.075000,0.026516
1662.076000,-0.016723
1662.077000,0.153664
1662.078000,0.179410
1662.079000,0.085678
1662.080000,0.172684
1662.081000,0.132897
1662.082000,0.194563
1662.083000,0.283773
1662.084000,0.177989
1662.085000,0.164356
1662.086000,0.392230
1662.087000,0.330185
1662.088000,0.406137
1662.089000,0.509002
1662.090000,0.528130
1662.091000,0.531963
1662.092000,0.370810
1662.093000,0.476137
1662.094000,0.442162
1662.095000,0.542632
1662.096000,0.545886
1662.097000,0.584303
1662.098000,0.534182
1662.099000,0.648337
1662.100000,0.686204
1662.101000,0.802326
1662.102000,0.679677
1662.103000,0.502003
1662.104000,0.465028
1662.105000,0.345026
1662.106000,0.245171
1662.107000,0.399680
1662.108000,0.501324
1662.109000,0.447873
1662.110000,0.577652
1662.111000,0.723576
1662.112000,0.617568
1662.113000,0.573046
1662.114000,0.438495
1662.115000,0.343304
1662.116000,0.436488
1662.117000,0.502720
1662.118000,0.621411
1662.119000,0.719569
1662.120000,0.786342
1662.121000,0.921010
1662.122000,0.933429
1662.123000,1.018147
1662.124000,1.046446
1662.125000,0.995879
1662.126000,0.839357
1662.127000,1.023167
1662.128000,1.048511
1662.129000,1.064972
1662.130000,1.163761
1662.131000,1.028794
1662.132000,0.921799
1662.133000,0.878192
1662.134000,0.988678
1662.135000,1.011007
1662.136000,0.968879
1662.137000,0.884747
1662.138000,0.809365
1662.139000,0.819997
1662.140000,0.869020
1662.141000,1.037612
1662.142000,0.946774
1662.143000,1.001165
1662.144000,0.963011
1662.145000,0.962589
1662.146000,1.087587
1662.147000,1.032401
1662.148000,1.099261
1662.149000,1.158638
1662.150000,1.032826
1662.151000,0.948173
1662.152000,0.907836
1662.153000,1.056376
1662.154000,1.117300
1662.155000,1.038781
1662.156000,1.036315
1662.157000,1.052400
1662.158000,1.007971
1662.159000,1.092666
1662.160000,0.978134
1662.161000,1.137774
1662.162000,0.921824
1662.163000,0.835450
1662.164000,0.882826
1662.165000,0.850326
1662.166000,0.768973
1662.167000,0.619638
1662.168000,0.594564
1662.169000,0.541595
1662.170000,0.507496
1662.171000,0.460669
1662.172000,0.430531
1662.173000,0.396229
1662.174000,0.482602
1662.175000,0.464305
1662.176000,0.240753
1662.177000,0.182513
1662.178000,0.194212
1662.179000,0.299153
1662.180000,0.301548
1662.181000,0.339151
1662.182000,0.372428
1662.183000,0.229575
1662.184000,0.297671
1662.185000,0.271552
1662.186000,0.243693
1662.187000,0.227913
1662.188000,0.234066
1662.189000,0.075079
1662.190000,-0.062878
1662.191000,-0.236835
1662.192000,-0.295087
1662.193000,-0.260868
1662.194000,-0.165766
1662.195000,-0.226779
1662.196000,-0.109073
1662.197000,-0.176093
1662.198000,-0.115704
1662.199000,0.063216
1662.200000,0.143665
1662.201000,0.264354
1662.202000,0.015467
1662.203000,0.016731
1662.204000,0.082398
1662.205000,-0.233279
1662.206000,-0.242548
1662.207000,-0.245364
1662.208000,-0.117109
1662.209000,-0.113807
1662.210000,-0.138281
1662.211000,-0.199692
1662.212000,-0.286535
1662.213000,-0.272422
1662.214000,-0.141090
1662.215000,-0.027473
1662.216000,-0.032855
1662.217000,-0.103496
1662.218000,-0.191740
1662.219000,-0.243851
1662.220000,-0.381156
1662.221000,-0.631293
1662.222000,-0.511886
1662.223000,-0.655297
1662.224000,-0.552292
1662.225000,-0.606999
1662.226000,-0.451635
1662.227000,-0.330225
1662.228000,-0.178113
1662.229000,-0.124995
1662.230000,-0.125631
1662.231000,0.033494
1662.232000,0.081420
1662.233000,-0.122088
1662.234000,-0.259745
1662.235000,-0.133329
1662.236000,-0.193128
1662.237000,-0.195844
1662.238000,-0.137171
1662.239000,-0.163076
1662.240000,-0.150381
1662.241000,-0.199928
1662.242000,-0.211302
1662.243000,-0.319848
1662.244000,-0.269813
1662.245000,-0.354926
1662.246000,-0.331085
1662.247000,-0.411412
1662.248000,-0.319289
1662.249000,-0.253743
1662.250000,-0.322732
1662.251000,-0.415070
1662.252000,-0.374983
1662.253000,-0.287048
1662.254000,-0.267856
1662.255000,-0.270412
1662.256000,-0.327125
1662.257000,-0.427636
1662.258000,-0.496755
1662.259000,-0.654662
1662.260000,-0.565230
1662.261000,-0.504526
1662.262000,-0.537027
1662.263000,-0.517144
1662.264000,-0.552669
1662.265000,-0.589868
1662.266000,-0.441292
1662.267000,-0.266873
1662.268000,-0.446277
1662.269000,-0.528394
1662.270000,-0.453547
1662.271000,-0.457550
1662.272000,-0.390841
1662.273000,-0.638461
1662.274000,-0.620502
1662.275000,-0.477683
1662.276000,-0.351851
1662.277000,-0.382271
1662.278000,-0.648894
1662.279000,-0.743382
1662.280000,-0.716367
1662.281000,-0.946512
1662.282000,-1.121550
1662.283000,-1.012795
1662.284000,-1.137894
1662.285000,-1.133916
1662.286000,-1.169534
1662.287000,-1.149071
1662.288000,-1.042205
1662.289000,-1.040611
1662.290000,-0.991404
1662.291000,-0.990894
1662.292000,-1.035554
1662.293000,-0.989069
1662.294000,-0.929583
1662.295000,-0.962884
1662.296000,-1.060026
1662.297000,-0.913865
1662.298000,-0.810728
1662.299000,-0.727519
1662.300000,-0.663796
1662.301000,-0.636148
1662.302000,-0.605737
1662.303000,-0.903313
1662.304000,-0.553506
1662.305000,-0.590454
1662.306000,-0.429367
1662.307000,-0.491310
1662.308000,-0.553733
1662.309000,-0.519631
1662.310000,-0.665791
1662.311000,-0.691624
1662.312000,-0.727292
1662.313000,-0.722612
1662.314000,-0.747915
1662.315000,-0.613121
1662.316000,-0.556538
1662.317000,-0.427338
1662.318000,-0.427363
1662.319000,-0.298346
1662.320000,-0.303702
1662.321000,-0.271053
1662.322000,-0.305142
1662.323000,-0.243881
1662.324000,-0.079739
1662.325000,-0.141545
1662.326000,-0.201836
1662.327000,-0.092987
1662.328000,-0.159680
1662.329000,-0.152663
1662.330000,-0.074017
1662.331000,-0.154693
1662.332000,-0.207431
1662.333000,-0.185951
1662.334000,-0.178927
1662.335000,0.006693
1662.336000,-0.048435
1662.337000,-0.181820
1662.338000,-0.116378
1662.339000,0.021248
1662.340000,-0.057634
1662.341000,0.125810
1662.342000,0.162894
1662.343000,0.182320
1662.344000,-0.032619
1662.345000,-0.060420
1662.346000,0.020668
1662.347000,-0.055571
1662.348000,-0.205247
1662.349000,-0.194591
1662.350000,-0.264535
1662.351000,-0.403496
1662.352000,-0.394521
1662.353000,-0.329061
1662.354000,-0.225511
1662.355000,-0.299436
1662.356000,-0.484715
1662.357000,-0.281630
1662.358000,-0.233426
1662.359000,-0.271038
1662.360000,-0.191642
1662.361000,-0.132955
1662.362000,-0.157080
1662.363000,-0.399549
1662.364000,-0.359658
1662.365000,-0.262367
1662.366000,-0.064317
1662.367000,-0.055977
1662.368000,-0.080619
1662.369000,-0.034519
1662.370000,-0.000987
1662.371000,0.060228
1662.372000,0.049020
1662.373000,-0.050497
1662.374000,-0.079070
1662.375000,-0.114168
1662.376000,-0.063542
1662.377000,-0.102321
1662.378000,-0.206266
1662.379000,-0.128349
1662.380000,-0.086233
1662.381000,-0.006714
1662.382000,0.020552
1662.383000,0.043548
1662.384000,-0.067269
1662.385000,-0.085158
1662.386000,0.152718
1662.387000,0.174742
1662.388000,-0.114589
1662.389000,0.067734
1662.390000,0.005568
1662.391000,0.077506
1662.392000,0.134773
1662.393000,0.012110
1662.394000,-0.066482
1662.395000,0.074054
1662.396000,0.067908
1662.397000,0.322953
1662.398000,0.484667
1662.399000,0.453232
1662.400000,0.515180
1662.401000,0.307309
1662.402000,0.399918
1662.403000,0.421138
1662.404000,0.535230
1662.405000,0.375757
1662.406000,0.359970
1662.407000,0.326770
1662.408000,0.381281
1662.409000,0.455197
1662.410000,0.320515
1662.411000,0.374100
1662.412000,0.464175
1662.413000,0.351219
1662.414000,0.241960
1662.415000,0.128119
1662.416000,0.053731
1662.417000,-0.106317
1662.418000,-0.103704
1662.419000,-0.019820
1662.420000,-0.071670
1662.421000,-0.104342
1662.422000,-0.309484
1662.423000,-0.169796
1662.424000,-0.168343
1662.425000,-0.207935
1662.426000,-0.240907
1662.427000,-0.332788
1662.428000,-0.297479
1662.429000,-0.106796
1662.430000,-0.015439
1662.431000,0.039451
1662.432000,0.210181
1662.433000,0.114298
1662.434000,0.328016
1662.435000,0.265153
1662.436000,0.201969
1662.437000,0.245239
1662.438000,0.178743
1662.439000,0.199080
1662.440000,0.103510
1662.441000,0.161877
1662.442000,0.178959
1662.443000,-0.014397
1662.444000,0.280520
1662.445000,0.053974
1662.446000,0.055641
1662.447000,-0.099856
1662.448000,-0.193837
1662.449000,-0.355204
1662.450000,-0.345880
1662.451000,-0.152706
1662.452000,-0.172042
1662.453000,-0.143328
1662.454000,-0.094358
1662.455000,-0.259918
1662.456000,-0.305450
1662.457000,-0.454162
1662.458000,-0.442846
1662.459000,-0.590234
1662.460000,-0.673484
1662.461000,-0.638638
1662.462000,-0.619663
1662.463000,-0.586908
1662.464000,-0.669637
1662.465000,-0.647959
1662.466000,-0.541620
1662.467000,-0.492547
1662.468000,-0.414355
1662.469000,-0.360022
1662.470000,-0.501614
1662.471000,-0.780059
1662.472000,-0.760743
1662.473000,-0.836714
1662.474000,-0.724221
1662.475000,-0.703702
1662.476000,-0.625227
1662.477000,-0.481114
1662.478000,-0.462547
1662.479000,-0.759834
1662.480000,-0.790554
1662.481000,-0.770111
1662.482000,-0.904996
1662.483000,-0.929065
1662.484000,-0.837567
1662.485000,-0.756794
1662.486000,-0.684726
1662.487000,-0.618953
1662.488000,-0.493234
1662.489000,-0.431480
1662.490000,-0.570340
1662.491000,-0.633634
1662.492000,-0.565524
1662.493000,-0.535612
1662.494000,-0.586163
1662.495000,-0.543076
1662.496000,-0.572832
1662.497000,-0.632324
1662.498000,-0.641744
1662.499000,-0.895080
1662.500000,-0.694726
1662.501000,-0.660845
1662.502000,-0.648606
1662.503000,-0.619263
1662.504000,-0.798518
1662.505000,-0.772045
1662.506000,-0.748540
1662.507000,-0.600299
1662.508000,-0.360113
1662.509000,-0.365792
1662.510000,-0.612496
1662.511000,-0.499456
1662.512000,-0.339452
1662.513000,-0.127242
1662.514000,-0.290179
1662.515000,-0.337321
1662.516000,-0.268338
1662.517000,-0.251504
1662.518000,-0.153597
1662.519000,-0.142168
1662.520000,-0.243442
1662.521000,-0.179229
1662.522000,-0.225267
1662.523000,-0.263555
1662.524000,-0.335977
1662.525000,-0.188044
1662.526000,-0.310368
1662.527000,-0.348348
1662.528000,-0.090737
1662.529000,-0.073191
1662.530000,-0.083813
1662.531000,-0.018713
1662.532000,0.007365
1662.533000,0.107106
1662.534000,0.083940
1662.535000,0.011130
1662.536000,0.122036
1662.537000,0.260094
1662.538000,0.238276
1662.539000,0.189866
1662.540000,0.299779
1662.541000,0.510952
1662.542000,0.408161
1662.543000,0.534939
1662.544000,0.556889
1662.545000,0.601566
1662.546000,0.623705
1662.547000,0.613582
1662.548000,0.606518
1662.549000,0.407852
1662.550000,0.570928
1662.551000,0.617292
1662.552000,0.441096
1662.553000,0.494343
1662.554000,0.538143
1662.555000,0.505378
1662.556000,0.463394
1662.557000,0.427937
1662.558000,0.383162
1662.559000,0.208346
1662.560000,0.152830
1662.561000,0.161415
1662.562000,0.206525
1662.563000,0.175526
1662.564000,0.011997
1662.565000,-0.031905
1662.566000,-0.177354
1662.567000,-0.109996
1662.568000,-0.094040
1662.569000,-0.022733
1662.570000,-0.102272
1662.571000,0.029277
1662.572000,0.100204
1662.573000,0.031501
1662.574000,0.023273
1662.575000,0.053204
1662.576000,-0.059508
1662.577000,0.052717
1662.578000,0.135927
1662.579000,0.224955
1662.580000,0.160524
1662.581000,0.257613
1662.582000,0.458438
1662.583000,0.495673
1662.584000,0.624906
1662.585000,0.665726
1662.586000,0.499863
1662.587000,0.510846
1662.588000,0.379326
1662.589000,0.394262
1662.590000,0.523561
1662.591000,0.537818
1662.592000,0.708230
1662.593000,0.652042
1662.594000,0.387996
1662.595000,0.427033
1662.596000,0.327700
1662.597000,0.322948
1662.598000,0.584629
1662.599000,0.564959
1662.600000,0.403269
1662.601000,0.409053
1662.602000,0.388111
1662.603000,0.325229
1662.604000,0.114584
1662.605000,0.163385
1662.606000,0.192779
1662.607000,0.258905
1662.608000,0.130071
1662.609000,0.329368
1662.610000,0.285751
1662.611000,0.094711
1662.612000,0.004602
1662.613000,0.094024
1662.614000,0.100200
1662.615000,0.061576
1662.616000,0.022276
1662.617000,-0.057428
1662.618000,-0.066003
1662.619000,-0.163319
1662.620000,-0.067171
1662.621000,-0.019873
1662.622000,0.022855
1662.623000,-0.013890
1662.624000,0.105261
1662.625000,-0.001562
1662.626000,0.028052
1662.627000,0.047458
1662.628000,0.108882
1662.629000,0.048638
1662.630000,0.117900
1662.631000,0.128647
1662.632000,0.176163
1662.633000,-0.012675
1662.634000,0.015725
1662.635000,0.095455
1662.636000,0.155423
1662.637000,0.234017
1662.638000,0.358122
1662.639000,0.328424
1662.640000,0.371728
1662.641000,0.279854
1662.642000,0.126245
1662.643000,0.226375
1662.644000,0.233994
1662.645000,0.241452
1662.646000,0.445829
1662.647000,0.389065
1662.648000,0.225914
1662.649000,0.167345
1662.650000,0.130668
1662.651000,-0.062440
1662.652000,-0.136543
1662.653000,-0.218940
1662.654000,-0.264880
1662.655000,-0.186257
1662.656000,-0.134251
1662.657000,-0.317778
1662.658000,-0.249862
1662.659000,-0.272691
1662.660000,-0.253871
1662.661000,-0.153829
1662.662000,-0.026239
1662.663000,-0.189297
1662.664000,-0.114961
1662.665000,-0.118644
1662.666000,-0.043443
1662.667000,-0.055731
1662.668000,-0.057865
1662.669000,0.030827
1662.670000,0.128683
1662.671000,0.035297
1662.672000,-0.054820
1662.673000,-0.174527
1662.674000,-0.187533
1662.675000,-0.227320
1662.676000,-0.125723
1662.677000,-0.248486
1662.678000,-0.385663
1662.679000,-0.491427
1662.680000,-0.651711
1662.681000,-0.614478
1662.682000,-0.543148
1662.683000,-0.450066
1662.684000,-0.308827
1662.685000,-0.265696
1662.686000,-0.186516
1662.687000,0.048042
1662.688000,-0.098871
1662.689000,-0.127192
1662.690000,-0.013614
1662.691000,-0.005870
1662.692000,0.127465
1662.693000,0.017625
1662.694000,-0.115390
1662.695000,0.033492
1662.696000,0.077919
1662.697000,0.089672
1662.698000,0.007213
1662.699000,0.113427
1662.700000,0.165405
1662.701000,0.204455
1662.702000,0.271477
1662.703000,0.321142
1662.704000,0.428906
1662.705000,0.442362
1662.706000,0.490608
1662.707000,0.528768
1662.708000,0.544754
1662.709000,0.603702
1662.710000,0.502169
1662.711000,0.437400
1662.712000,0.329253
1662.713000,0.494235
1662.714000,0.613652
1662.715000,0.503374
1662.716000,0.465209
1662.717000,0.630592
1662.718000,0.630591
1662.719000,0.740041
1662.720000,0.579335
1662.721000,0.621903
1662.722000,0.684945
1662.723000,0.727629
1662.724000,0.695070
1662.725000,0.681812
1662.726000,0.840157
1662.727000,0.796239
1662.728000,0.865361
1662.729000,0.733877
1662.730000,0.816052
1662.731000,0.846152
1662.732000,0.702711
1662.733000,0.770002
1662.734000,0.889684
1662.735000,0.720710
1662.736000,0.748312
1662.737000,0.714224
1662.738000,0.814553
1662.739000,0.745476
1662.740000,0.961029
1662.741000,1.043946
1662.742000,1.164667
1662.743000,1.248481
1662.744000,1.227741
1662.745000,1.305621
1662.746000,1.187831
1662.747000,1.251609
1662.748000,1.228019
1662.749000,1.055884
1662.750000,0.891461
1662.751000,0.880405
1662.752000,0.987638
1662.753000,1.056115
1662.754000,1.015289
1662.755000,1.025905
1662.756000,0.862558
1662.757000,0.838132
1662.758000,0.814044
1662.759000,0.996096
1662.760000,0.783656
1662.761000,0.703430
1662.762000,0.621435
1662.763000,0.574863
1662.764000,0.447207
1662.765000,0.372724
1662.766000,0.335873
1662.767000,0.559128
1662.768000,0.386209
1662.769000,0.295978
1662.770000,0.283268
1662.771000,0.250067
1662.772000,0.178199
1662.773000,0.388483
1662.774000,0.496495
1662.775000,0.606259
1662.776000,0.520343
1662.777000,0.604393
1662.778000,0.517395
1662.779000,0.493712
1662.780000,0.496615
1662.781000,0.720116
1662.782000,0.654902
1662.783000,0.705897
1662.784000,0.754838
1662.785000,0.802171
1662.786000,0.732469
1662.787000,0.894858
1662.788000,0.648465
1662.789000,0.756943
1662.790000,0.801214
1662.791000,0.685263
1662.792000,0.581530
1662.793000,0.195827
1662.794000,0.356327
1662.795000,0.295027
1662.796000,0.299199
1662.797000,0.504645
1662.798000,0.486405
1662.799000,0.371826
1662.800000,0.109616
1662.801000,0.028781
1662.802000,0.127036
1662.803000,0.142369
1662.804000,0.113103
1662.805000,0.154152
1662.806000,0.344683
1662.807000,0.259041
1662.808000,0.139761
1662.809000,0.170233
1662.810000,0.158937
1662.811000,0.256784
1662.812000,0.376107
1662.813000,0.250853
1662.814000,0.211354
1662.815000,0.180982
1662.816000,0.266593
1662.817000,0.415087
1662.818000,0.388941
1662.819000,0.414516
1662.820000,0.419168
1662.821000,0.244456
1662.822000,0.263709
1662.823000,0.381214
1662.824000,0.320237
1662.825000,0.189572
1662.826000,0.232493
1662.827000,0.254770
1662.828000,0.086407
1662.829000,0.286277
1662.830000,0.229493
1662.831000,0.257747
1662.832000,0.151174
1662.833000,0.136051
1662.834000,-0.134476
1662.835000,-0.197565
1662.836000,-0.329957
1662.837000,-0.220899
1662.838000,-0.304537
1662.839000,-0.149169
1662.840000,-0.433623
1662.841000,-0.443782
1662.842000,-0.339212
1662.843000,-0.386352
1662.844000,-0.351254
1662.845000,-0.277138
1662.846000,-0.225727
1662.847000,-0.438948
1662.848000,-0.543801
1662.849000,-0.567361
1662.850000,-0.530446
1662.851000,-0.610321
1662.852000,-0.713513
1662.853000,-1.004851
1662.854000,-0.978329
1662.855000,-0.909212
1662.856000,-0.911640
1662.857000,-0.757295
1662.858000,-0.838663
1662.859000,-0.842592
1662.860000,-0.846508
1662.861000,-0.699587
1662.862000,-0.983083
1662.863000,-1.010099
1662.864000,-0.868817
1662.865000,-0.864065
1662.866000,-0.938905
1662.867000,-0.995703
1662.868000,-1.072790
1662.869000,-1.123660
1662.870000,-1.029092
1662.871000,-1.079379
1662.872000,-1.096718
1662.873000,-1.001131
1662.874000,-0.883006
1662.875000,-0.943962
1662.876000,-0.895229
1662.877000,-0.969717
1662.878000,-0.899271
1662.879000,-0.778765
1662.880000,-0.730074
1662.881000,-0.723974
1662.882000,-0.706982
1662.883000,-0.644633
1662.884000,-0.474069
1662.885000,-0.479794
1662.886000,-0.443160
1662.887000,-0.455280
1662.888000,-0.489830
1662.889000,-0.423101
1662.890000,-0.638087
1662.891000,-0.549456
1662.892000,-0.515940
1662.893000,-0.403456
1662.894000,-0.194767
1662.895000,-0.213647
1662.896000,-0.421724
1662.897000,-0.437201
1662.898000,-0.534123
1662.899000,-0.692512
1662.900000,-0.569686
1662.901000,-0.334860
1662.902000,-0.354083
1662.903000,-0.261107
1662.904000,-0.181015
1662.905000,-0.331059
1662.906000,-0.274070
1662.907000,-0.259142
1662.908000,-0.386059
1662.909000,-0.310673
1662.910000,-0.425650
1662.911000,-0.259298
1662.912000,-0.118498
1662.913000,-0.146563
1662.914000,-0.151307
1662.915000,-0.100486
1662.916000,-0.084084
1662.917000,-0.077336
1662.918000,0.006191
1662.919000,0.004899
1662.920000,0.027885
1662.921000,0.300877
1662.922000,0.052860
1662.923000,0.125900
1662.924000,0.104528
1662.925000,0.178577
1662.926000,0.010775
1662.927000,-0.112343
1662.928000,-0.100341
1662.929000,-0.118163
1662.930000,-0.200067
1662.931000,-0.121424
1662.932000,0.028289
1662.933000,-0.050867
1662.934000,0.196965
1662.935000,0.189214
1662.936000,0.233464
1662.937000,0.177362
1662.938000,0.332398
1662.939000,0.087438
1662.940000,0.150491
1662.941000,0.199049
1662.942000,0.203094
1662.943000,0.114456
1662.944000,0.282936
1662.945000,0.306580
1662.946000,0.227961
1662.947000,0.209420
1662.948000,0.118881
1662.949000,0.163542
1662.950000,0.158467
1662.951000,0.072969
1662.952000,0.062804
1662.953000,-0.001074
1662.954000,0.020896
1662.955000,0.004058
1662.956000,0.088399
1662.957000,-0.069836
1662.958000,0.090029
1662.959000,0.191851
1662.960000,0.109564
1662.961000,0.051655
1662.962000,0.164883
1662.963000,0.190675
1662.964000,0.115934
1662.965000,0.128062
1662.966000,0.270912
1662.967000,0.251101
1662.968000,0.045129
1662.969000,-0.139687
1662.970000,-0.163502
1662.971000,0.049385
1662.972000,0.192062
1662.973000,0.185141
1662.974000,0.071786
1662.975000,0.298607
1662.976000,0.420714
1662.977000,0.607035
1662.978000,0.621919
1662.979000,0.630918
1662.980000,0.732042
1662.981000,0.845077
1662.982000,0.860709
1662.983000,0.807131
1662.984000,0.811844
1662.985000,0.705775
1662.986000,0.783789
1662.987000,0.783200
1662.988000,0.804056
1662.989000,0.720806
1662.990000,0.779949
1662.991000,0.737312
1662.992000,0.732829
1662.993000,0.733713
1662.994000,0.799094
1662.995000,0.767154
1662.996000,0.819790
1662.997000,0.857031
1662.998000,0.924999
1662.999000,0.767326
1663.000000,0.699841
1663.001000,0.679224
1663.002000,0.716141
1663.003000,0.696969
1663.004000,0.648864
1663.005000,0.815443
1663.006000,0.724563
1663.007000,0.723652
1663.008000,0.715743
1663.009000,0.693207
1663.010000,0.613869
1663.011000,0.506783
1663.012000,0.345752
1663.013000,0.354200
1663.014000,0.350250
1663.015000,0.265525
1663.016000,0.046709
1663.017000,0.112179
1663.018000,0.043461
1663.019000,0.038616
1663.020000,0.103419
1663.021000,-0.041513
1663.022000,-0.142371
1663.023000,-0.224803
1663.024000,-0.174390
1663.025000,-0.220888
1663.026000,-0.288999
1663.027000,-0.386339
1663.028000,-0.303121
1663.029000,-0.399652
1663.030000,-0.385197
1663.031000,-0.515368
1663.032000,-0.647027
1663.033000,-0.526502
1663.034000,-0.405592
1663.035000,-0.314247
1663.036000,-0.293236
1663.037000,-0.264014
1663.038000,-0.250874
1663.039000,-0.348722
1663.040000,-0.487665
1663.041000,-0.437918
1663.042000,-0.415978
1663.043000,-0.573567
1663.044000,-0.505906
1663.045000,-0.402364
1663.046000,-0.376090
1663.047000,-0.320184
1663.048000,-0.362218
1663.049000,-0.304660
1663.050000,-0.581580
1663.051000,-0.405768
1663.052000,-0.267745
1663.053000,-0.217184
1663.054000,-0.233202
1663.055000,-0.192319
1663.056000,-0.089763
1663.057000,0.101326
1663.058000,0.126730
1663.059000,-0.104111
1663.060000,0.025606
1663.061000,0.206189
1663.062000,0.188039
1663.063000,0.293070
1663.064000,0.230590
1663.065000,0.172104
1663.066000,0.314817
1663.067000,0.331161
1663.068000,0.327461
1663.069000,0.340809
1663.070000,0.271510
1663.071000,0.282756
1663.072000,0.301607
1663.073000,0.346479
1663.074000,0.411672
1663.075000,0.422619
1663.076000,0.314351
1663.077000,0.254408
1663.078000,0.247074
1663.079000,0.291698
1663.080000,0.121914
1663.081000,0.239559
1663.082000,0.333541
1663.083000,0.423429
1663.084000,0.313605
1663.085000,0.509520
1663.086000,0.656301
1663.087000,0.812538
1663.088000,0.627149
1663.089000,0.577552
1663.090000,0.519106
1663.091000,0.384628
1663.092000,0.324507
1663.093000,0.450672
1663.094000,0.492350
1663.095000,0.538840
1663.096000,0.463283
1663.097000,0.413626
1663.098000,0.199789
1663.099000,0.246457
1663.100000,0.254189
1663.101000,0.153807
1663.102000,0.232568
1663.103000,0.115161
1663.104000,0.076083
1663.105000,0.072705
1663.106000,0.085965
1663.107000,-0.019666
1663.108000,0.024058
1663.109000,0.116231
1663.110000,0.013450
1663.111000,-0.072071
1663.112000,-0.033940
1663.113000,-0.111950
1663.114000,-0.091804
1663.115000,-0.202114
1663.116000,-0.447037
1663.117000,-0.370280
1663.118000,-0.237941
1663.119000,-0.237724
1663.120000,-0.021025
1663.121000,0.068425
1663.122000,-0.015775
1663.123000,-0.027965
1663.124000,-0.003620
1663.125000,-0.108711
1663.126000,-0.076430
1663.127000,-0.254222
1663.128000,-0.267449
1663.129000,-0.266815
1663.130000,-0.155305
1663.131000,-0.105807
1663.132000,-0.107846
1663.133000,-0.091479
1663.134000,-0.020717
1663.135000,-0.273757
1663.136000,-0.231374
1663.137000,-0.249739
1663.138000,-0.273728
1663.139000,-0.343717
1663.140000,-0.440188
1663.141000,-0.490774
1663.142000,-0.489903
1663.143000,-0.400369
1663.144000,-0.623584
1663.145000,-0.531622
1663.146000,-0.628126
1663.147000,-0.622664
1663.148000,-0.800374
1663.149000,-0.743095
1663.150000,-0.812712
1663.151000,-0.872711
1663.152000,-0.933580
1663.153000,-1.065199
1663.154000,-1.073106
1663.155000,-0.980594
1663.156000,-1.173901
1663.157000,-1.316876
1663.158000,-1.372839
1663.159000,-1.312542
1663.160000,-1.415813
1663.161000,-1.548013
1663.162000,-1.451095
1663.163000,-1.313603
1663.164000,-1.375788
1663.165000,-1.373874
1663.166000,-1.516382
1663.167000,-1.649797
1663.168000,-1.584334
1663.169000,-1.328955
1663.170000,-1.048838
1663.171000,-1.007778
1663.172000,-0.859168
1663.173000,-0.880644
1663.174000,-0.951733
1663.175000,-0.832665
1663.176000,-0.792530
1663.177000,-0.738631
1663.178000,-0.694203
1663.179000,-0.577597
1663.180000,-0.593504
1663.181000,-0.659741
1663.182000,-0.629892
1663.183000,-0.751913
1663.184000,-0.636669
1663.185000,-0.714327
1663.186000,-0.565269
1663.187000,-0.694523
1663.188000,-0.692725
1663.189000,-0.646789
1663.190000,-0.760324
1663.191000,-0.716976
1663.192000,-0.655319
1663.193000,-0.554255
1663.194000,-0.474965
1663.195000,-0.396372
1663.196000,-0.328729
1663.197000,-0.127206
1663.198000,0.060424
1663.199000,-0.078762
1663.200000,-0.190402
1663.201000,-0.324236
1663.202000,-0.311999
1663.203000,-0.353840
1663.204000,-0.364118
1663.205000,-0.311978
1663.206000,-0.317343
1663.207000,-0.383852
1663.208000,-0.386371
1663.209000,-0.463062
1663.210000,-0.190953
1663.211000,-0.074798
1663.212000,-0.203754
1663.213000,-0.069447
1663.214000,-0.035228
1663.215000,-0.008446
1663.216000,0.046440
1663.217000,-0.119075
1663.218000,-0.005694
1663.219000,0.172782
1663.220000,0.099558
1663.221000,0.260440
1663.222000,0.334961
1663.223000,0.174890
1663.224000,0.168301
1663.225000,0.044118
1663.226000,0.015614
1663.227000,-0.128674
1663.228000,-0.193601
1663.229000,-0.257973
1663.230000,-0.030925
1663.231000,0.135611
1663.232000,0.286624
1663.233000,0.224479
1663.234000,0.276225
1663.235000,0.057631
1663.236000,0.126975
1663.237000,0.175157
1663.238000,0.132362
1663.239000,0.176514
1663.240000,0.209006
1663.241000,0.388789
1663.242000,0.272364
1663.243000,0.294519
1663.244000,0.072773
1663.245000,0.118783
1663.246000,0.130304
1663.247000,0.122580
1663.248000,0.144940
1663.249000,0.050324
1663.250000,-0.074549
1663.251000,-0.060450
1663.252000,-0.095549
1663.253000,0.065366
1663.254000,-0.058604
1663.255000,0.000530
1663.256000,0.064420
1663.257000,0.098565
1663.258000,0.049259
1663.259000,0.076677
1663.260000,0.044372
1663.261000,0.088179
1663.262000,0.213714
1663.263000,0.281022
1663.264000,0.320811
1663.265000,0.324317
1663.266000,0.439552
1663.267000,0.403657
1663.268000,0.399669
1663.269000,0.390050
1663.270000,0.508654
1663.271000,0.569871
1663.272000,0.616465
1663.273000,0.522635
1663.274000,0.488868
1663.275000,0.341942
1663.276000,0.248152
1663.277000,0.120173
1663.278000,0.025976
1663.279000,-0.057564
1663.280000,-0.052426
1663.281000,-0.001330
1663.282000,-0.248144
1663.283000,-0.294462
1663.284000,-0.452362
1663.285000,-0.529342
1663.286000,-0.637284
1663.287000,-0.662519
1663.288000,-0.685011
1663.289000,-0.601680
1663.290000,-0.531148
1663.291000,-0.332668
1663.292000,-0.324631
1663.293000,-0.301937
1663.294000,-0.465914
1663.295000,-0.251401
1663.296000,-0.498921
1663.297000,-0.434799
1663.298000,-0.426939
1663.299000,-0.345915
1663.300000,-0.365775
1663.301000,-0.303279
1663.302000,-0.237487
1663.303000,-0.173784
1663.304000,-0.031425
1663.305000,0.230470
1663.306000,0.321485
1663.307000,0.414659
1663.308000,0.549538
1663.309000,0.750278
1663.310000,0.514589
1663.311000,0.298252
1663.312000,0.391482
1663.313000,0.426318
1663.314000,0.566550
1663.315000,0.757301
1663.316000,0.687715
1663.317000,0.799067
1663.318000,0.852438
1663.319000,1.017267
1663.320000,0.865397
1663.321000,0.861386
1663.322000,0.819005
1663.323000,0.729185
1663.324000,0.936319
1663.325000,0.854853
1663.326000,0.738276
1663.327000,0.714428
1663.328000,0.541580
1663.329000,0.487612
1663.330000,0.377794
1663.331000,0.314179
1663.332000,0.367078
1663.333000,0.402521
1663.334000,0.349326
1663.335000,0.512171
1663.336000,0.800102
1663.337000,0.784824
1663.338000,0.767444
1663.339000,0.730085
1663.340000,0.761398
1663.341000,0.811501
1663.342000,0.814920
1663.343000,0.944796
1663.344000,1.015682
1663.345000,0.921652
1663.346000,0.988545
1663.347000,0.946707
1663.348000,0.849223
1663.349000,0.828773
1663.350000,0.632605
1663.351000,0.630526
1663.352000,0.621844
1663.353000,0.615366
1663.354000,0.675518
1663.355000,0.480262
1663.356000,0.463096
1663.357000,0.492020
1663.358000,0.645647
1663.359000,0.628849
1663.360000,0.691803
1663.361000,0.803936
1663.362000,0.900219
1663.363000,0.790241
1663.364000,0.804137
1663.365000,0.935888
1663.366000,0.886824
1663.367000,0.846108
1663.368000,0.881515
1663.369000,0.787669
1663.370000,0.821668
1663.371000,0.774073
1663.372000,0.740580
1663.373000,0.779124
1663.374000,0.725669
1663.375000,0.750489
1663.376000,0.743718
1663.377000,0.643026
1663.378000,0.694624
1663.379000,0.791011
1663.380000,0.731031
1663.381000,0.528175
1663.382000,0.633688
1663.383000,0.502386
1663.384000,0.518731
1663.385000,0.587884
1663.386000,0.651371
1663.387000,0.568050
1663.388000,0.575355
1663.389000,0.333049
1663.390000,0.245483
1663.391000,0.286290
1663.392000,0.248586
1663.393000,0.210198
1663.394000,0.051895
1663.395000,-0.039748
1663.396000,-0.074551
1663.397000,-0.113400
1663.398000,-0.017941
1663.399000,-0.112957
1663.400000,-0.083472
1663.401000,-0.118147
1663.402000,-0.125976
1663.403000,-0.240825
1663.404000,-0.328645
1663.405000,-0.097748
1663.406000,-0.029925
1663.407000,-0.123956
1663.408000,-0.123663
1663.409000,-0.173432
1663.410000,-0.265864
1663.411000,-0.270826
1663.412000,-0.391257
1663.413000,-0.357601
1663.414000,-0.263148
1663.415000,-0.247944
1663.416000,-0.327484
1663.417000,-0.068513
1663.418000,-0.064514
1663.419000,-0.074969
1663.420000,-0.259194
1663.421000,-0.280975
1663.422000,-0.231578
1663.423000,-0.217774
1663.424000,-0.211201
1663.425000,-0.274330
1663.426000,-0.085061
1663.427000,-0.284312
1663.428000,-0.414724
1663.429000,-0.505242
1663.430000,-0.325605
1663.431000,-0.286501
1663.432000,-0.217639
1663.433000,-0.041867
1663.434000,-0.297958
1663.435000,-0.356344
1663.436000,-0.192959
1663.437000,-0.279176
1663.438000,-0.316131
1663.439000,-0.326984
1663.440000,-0.300996
1663.441000,-0.261154
1663.442000,-0.122708
1663.443000,-0.199334
1663.444000,-0.353959
1663.445000,-0.504741
1663.446000,-0.567746
1663.447000,-0.655300
1663.448000,-0.645257
1663.449000,-0.586820
1663.450000,-0.570581
1663.451000,-0.731895
1663.452000,-0.713257
1663.453000,-0.807273
1663.454000,-0.830970
1663.455000,-0.667167
1663.456000,-0.691689
1663.457000,-0.620098
1663.458000,-0.588420
1663.459000,-0.513455
1663.460000,-0.433721
1663.461000,-0.547266
1663.462000,-0.446409
1663.463000,-0.494087
1663.464000,-0.356087
1663.465000,-0.222675
1663.466000,-0.322648
1663.467000,-0.339986
1663.468000,-0.481462
1663.469000,-0.323021
1663.470000,-0.389713
1663.471000,-0.343826
1663.472000,-0.395205
1663.473000,-0.707826
1663.474000,-0.723657
1663.475000,-0.826079
1663.476000,-0.815974
1663.477000,-0.864846
1663.478000,-1.035419
1663.479000,-1.058899
1663.480000,-0.849074
1663.481000,-0.855508
1663.482000,-0.890202
1663.483000,-0.881779
1663.484000,-1.002708
1663.485000,-1.021751
1663.486000,-0.962593
1663.487000,-1.031129
1663.488000,-0.882350
1663.489000,-0.886856
1663.490000,-0.889398
1663.491000,-0.834343
1663.492000,-1.114636
1663.493000,-0.963309
1663.494000,-0.839388
1663.495000,-0.828675
1663.496000,-0.833334
1663.497000,-0.876412
1663.498000,-1.093968
1663.499000,-1.117652
1663.500000,-1.059187
1663.501000,-0.988388
1663.502000,-1.094408
1663.503000,-1.124311
1663.504000,-1.293902
1663.505000,-1.279887
1663.506000,-1.311302
1663.507000,-1.389714
1663.508000,-1.179834
1663.509000,-1.428429
1663.510000,-1.203783
1663.511000,-1.146332
1663.512000,-1.147116
1663.513000,-1.014629
1663.514000,-1.104281
1663.515000,-1.081805
1663.516000,-1.158297
1663.517000,-1.260422
1663.518000,-1.238400
1663.519000,-1.339156
1663.520000,-1.400045
1663.521000,-1.306717
1663.522000,-1.361873
1663.523000,-1.384303
1663.524000,-1.368317
1663.525000,-1.323532
1663.526000,-1.372869
1663.527000,-1.283977
1663.528000,-1.333853
1663.529000,-1.318703
1663.530000,-1.272601
1663.531000,-1.342034
1663.532000,-1.253481
1663.533000,-1.176348
1663.534000,-1.320866
1663.535000,-1.193078
1663.536000,-0.937735
1663.537000,-0.880562
1663.538000,-0.542760
1663.539000,-0.503952
1663.540000,-0.497081
1663.541000,-0.491234
1663.542000,-0.564949
1663.543000,-0.372037
1663.544000,-0.300050
1663.545000,-0.375565
1663.546000,-0.292859
1663.547000,-0.219186
1663.548000,0.024810
1663.549000,-0.032913
1663.550000,0.138285
1663.551000,0.162809
1663.552000,0.096338
1663.553000,-0.102391
1663.554000,-0.067352
1663.555000,-0.013011
1663.556000,0.101278
1663.557000,0.140681
1663.558000,0.136410
1663.559000,0.090191
1663.560000,0.004456
1663.561000,0.106927
1663.562000,0.175085
1663.563000,0.306041
1663.564000,0.134172
1663.565000,0.344104
1663.566000,0.376991
1663.567000,0.433893
1663.568000,0.583666
1663.569000,0.620488
1663.570000,0.564539
1663.571000,0.643376
1663.572000,0.557856
1663.573000,0.598666
1663.574000,0.576462
1663.575000,0.390241
1663.576000,0.282378
1663.577000,0.222496
1663.578000,0.205531
1663.579000,0.261418
1663.580000,0.250216
1663.581000,0.176777
1663.582000,0.218053
1663.583000,0.251265
1663.584000,0.289750
1663.585000,0.211661
1663.586000,0.314916
1663.587000,0.285839
1663.588000,0.034064
1663.589000,0.104160
1663.590000,0.089908
1663.591000,-0.005806
1663.592000,-0.025054
1663.593000,0.090168
1663.594000,0.030411
1663.595000,0.092155
1663.596000,0.073661
1663.597000,0.160796
1663.598000,0.320267
1663.599000,0.492013
1663.600000,0.477707
1663.601000,0.616438
1663.602000,0.531869
1663.603000,0.549473
1663.604000,0.578458
1663.605000,0.645362
1663.606000,0.450347
1663.607000,0.448077
1663.608000,0.455491
1663.609000,0.417720
1663.610000,0.304412
1663.611000,0.390484
1663.612000,0.394962
1663.613000,0.487545
1663.614000,0.519510
1663.615000,0.800664
1663.616000,0.707997
1663.617000,0.719877
1663.618000,0.844025
1663.619000,0.804204
1663.620000,0.708768
1663.621000,0.796810
1663.622000,0.747290
1663.623000,0.795931
1663.624000,0.932836
1663.625000,0.877140
1663.626000,0.828418
1663.627000,0.839312
1663.628000,0.725442
1663.629000,0.750188
1663.630000,0.761616
1663.631000,0.800050
1663.632000,0.796666
1663.633000,0.656571
1663.634000,0.739130
1663.635000,0.835428
1663.636000,0.748857
1663.637000,0.625911
1663.638000,0.554907
1663.639000,0.446749
1663.640000,0.350719
1663.641000,0.414135
1663.642000,0.317282
1663.643000,0.493110
1663.644000,0.819038
1663.645000,0.794170
1663.646000,0.674863
1663.647000,0.777261
1663.648000,1.034387
1663.649000,1.015645
1663.650000,0.986682
1663.651000,0.996846
1663.652000,0.779416
1663.653000,0.829399
1663.654000,0.968933
1663.655000,0.994673
1663.656000,0.840324
1663.657000,0.698399
1663.658000,0.725964
1663.659000,0.823326
1663.660000,0.703899
1663.661000,0.695120
1663.662000,0.869034
1663.663000,0.904768
1663.664000,0.780418
1663.665000,0.862317
1663.666000,0.915332
1663.667000,0.749030
1663.668000,0.802863
1663.669000,0.796144
1663.670000,0.913957
1663.671000,1.072330
1663.672000,1.128523
1663.673000,1.020404
1663.674000,0.952663
1663.675000,0.792376
1663.676000,0.697597
1663.677000,0.552799
1663.678000,0.592388
1663.679000,0.640388
1663.680000,0.695807
1663.681000,0.628047
1663.682000,0.694709
1663.683000,0.540446
1663.684000,0.402147
1663.685000,0.411013
1663.686000,0.309985
1663.687000,0.187742
1663.688000,0.062621
1663.689000,-0.172586
1663.690000,0.086449
1663.691000,-0.065722
1663.692000,-0.000708
1663.693000,-0.070053
1663.694000,0.109768
1663.695000,0.144941
1663.696000,0.135253
1663.697000,0.060180
1663.698000,0.204009
1663.699000,0.235624
1663.700000,0.264125
1663.701000,0.310999
1663.702000,0.133865
1663.703000,-0.071833
1663.704000,-0.071803
1663.705000,0.088651
1663.706000,0.170876
1663.707000,0.295169
1663.708000,0.324775
1663.709000,0.395539
1663.710000,0.594589
1663.711000,0.554957
1663.712000,0.504546
1663.713000,0.505229
1663.714000,0.488705
1663.715000,0.651894
1663.716000,0.679797
1663.717000,0.662348
1663.718000,0.451764
1663.719000,0.524099
1663.720000,0.474385
1663.721000,0.389799
1663.722000,0.307096
1663.723000,0.255781
1663.724000,0.247050
1663.725000,0.174065
1663.726000,0.055913
1663.727000,0.139135
1663.728000,0.176007
1663.729000,0.182973
1663.730000,0.081317
1663.731000,0.011004
1663.732000,0.034246
1663.733000,-0.025447
1663.734000,-0.180620
1663.735000,-0.089551
1663.736000,-0.208043
1663.737000,-0.207924
1663.738000,-0.183047
1663.739000,-0.185589
1663.740000,-0.069118
1663.741000,0.126158
1663.742000,0.195884
1663.743000,0.093537
1663.744000,-0.130888
1663.745000,0.137741
1663.746000,0.218718
1663.747000,0.305472
1663.748000,0.452518
1663.749000,0.345273
1663.750000,0.219273
1663.751000,0.320289
1663.752000,0.284524
1663.753000,0.409761
1663.754000,0.421389
1663.755000,0.485210
1663.756000,0.512373
1663.757000,0.525922
1663.758000,0.700053
1663.759000,0.883774
1663.760000,0.762706
1663.761000,0.624285
1663.762000,0.668614
1663.763000,0.510649
1663.764000,0.424711
1663.765000,0.424359
1663.766000,0.358617
1663.767000,0.278764
1663.768000,0.466445
1663.769000,0.350932
1663.770000,0.352311
1663.771000,0.212643
1663.772000,0.063447
1663.773000,-0.065344
1663.774000,0.012859
1663.775000,-0.069063
1663.776000,-0.211287
1663.777000,-0.255950
1663.778000,-0.144292
1663.779000,-0.091962
1663.780000,-0.163344
1663.781000,-0.149484
1663.782000,-0.010581
1663.783000,0.092245
1663.784000,-0.013138
1663.785000,-0.076549
1663.786000,-0.216082
1663.787000,-0.150622
1663.788000,-0.113101
1663.789000,-0.215048
1663.790000,-0.170946
1663.791000,-0.150215
1663.792000,-0.117093
1663.793000,0.128810
1663.794000,0.155914
1663.795000,0.160930
1663.796000,0.193137
1663.797000,0.036494
1663.798000,-0.093501
1663.799000,-0.315707
1663.800000,-0.212776
1663.801000,-0.242940
1663.802000,-0.215145
1663.803000,-0.282270
1663.804000,-0.233935
1663.805000,-0.392231
1663.806000,-0.236494
1663.807000,-0.137257
1663.808000,-0.254096
1663.809000,-0.096806
1663.810000,-0.265208
1663.811000,-0.236271
1663.812000,-0.131276
1663.813000,-0.107147
1663.814000,0.014881
1663.815000,0.024954
1663.816000,0.074020
1663.817000,-0.042307
1663.818000,0.055464
1663.819000,-0.128499
1663.820000,-0.291861
1663.821000,-0.384131
1663.822000,-0.348023
1663.823000,-0.264685
1663.824000,-0.247025
1663.825000,-0.240212
1663.826000,-0.185852
1663.827000,-0.161404
1663.828000,-0.043996
1663.829000,0.146719
1663.830000,0.087697
1663.831000,0.259774
1663.832000,0.443952
1663.833000,0.391304
1663.834000,0.410344
1663.835000,0.305402
1663.836000,0.260121
1663.837000,0.194988
1663.838000,0.327466
1663.839000,0.418822
1663.840000,0.488229
1663.841000,0.583105
1663.842000,0.522992
1663.843000,0.464804
1663.844000,0.446741
1663.845000,0.212779
1663.846000,0.234130
1663.847000,0.025194
1663.848000,0.076815
1663.849000,0.100503
1663.850000,-0.095103
1663.851000,-0.142196
1663.852000,-0.071922
1663.853000,-0.068478
1663.854000,-0.034291
1663.855000,0.002169
1663.856000,-0.008516
1663.857000,-0.154704
1663.858000,-0.092553
1663.859000,-0.104081
1663.860000,-0.217701
1663.861000,-0.243967
1663.862000,-0.264027
1663.863000,-0.367000
1663.864000,-0.357380
1663.865000,-0.272719
1663.866000,-0.232056
1663.867000,-0.251950
1663.868000,-0.301936
1663.869000,-0.082120
1663.870000,-0.132891
1663.871000,-0.238981
1663.872000,-0.159786
1663.873000,-0.202013
1663.874000,-0.156078
1663.875000,-0.196942
1663.876000,-0.335450
1663.877000,-0.272923
1663.878000,-0.157791
1663.879000,-0.151781
1663.880000,-0.335945
1663.881000,-0.316894
1663.882000,-0.319759
1663.883000,-0.272000
1663.884000,-0.197081
1663.885000,-0.256812
1663.886000,-0.197678
1663.887000,-0.212063
1663.888000,-0.167096
1663.889000,-0.289414
1663.890000,-0.374328
1663.891000,-0.278276
1663.892000,-0.285805
1663.893000,-0.307536
1663.894000,-0.347821
1663.895000,-0.311760
1663.896000,-0.222144
1663.897000,-0.115646
1663.898000,-0.157853
1663.899000,-0.131796
1663.900000,-0.250323
1663.901000,-0.289337
1663.902000,-0.264626
1663.903000,-0.390586
1663.904000,-0.338152
1663.905000,-0.379105
1663.906000,-0.283829
1663.907000,-0.347895
1663.908000,-0.414231
1663.909000,-0.422275
1663.910000,-0.498999
1663.911000,-0.551496
1663.912000,-0.512179
1663.913000,-0.375015
1663.914000,-0.317085
1663.915000,-0.175178
1663.916000,-0.269733
1663.917000,-0.375306
1663.918000,-0.392318
1663.919000,-0.318699
1663.920000,-0.098178
1663.921000,-0.025191
1663.922000,-0.202733
1663.923000,-0.217092
1663.924000,-0.305992
1663.925000,-0.398971
1663.926000,-0.362105
1663.927000,-0.193470
1663.928000,-0.209641
1663.929000,-0.139814
1663.930000,-0.089086
1663.931000,-0.098302
1663.932000,-0.080363
1663.933000,0.127996
1663.934000,0.137095
1663.935000,0.180524
1663.936000,0.205962
1663.937000,0.316494
1663.938000,0.200559
1663.939000,0.446088
1663.940000,0.436043
1663.941000,0.350305
1663.942000,0.176698
1663.943000,0.070520
1663.944000,0.150454
1663.945000,0.063317
1663.946000,0.085402
1663.947000,0.012803
1663.948000,-0.008475
1663.949000,0.117125
1663.950000,0.135921
1663.951000,0.182311
1663.952000,0.028680
1663.953000,0.206480
1663.954000,0.212925
1663.955000,0.188421
1663.956000,0.313350
1663.957000,0.335151
1663.958000,0.442855
1663.959000,0.548801
1663.960000,0.763026
1663.961000,0.963337
1663.962000,0.958857
1663.963000,0.859677
1663.964000,0.622362
1663.965000,0.507052
1663.966000,0.563768
1663.967000,0.613063
1663.968000,0.593909
1663.969000,0.705441
1663.970000,0.644912
1663.971000,0.772789
1663.972000,0.850228
1663.973000,0.808734
1663.974000,0.772901
1663.975000,0.695815
1663.976000,0.913444
1663.977000,0.808238
1663.978000,0.812658
1663.979000,0.875718
1663.980000,0.811359
1663.981000,0.710399
1663.982000,0.620744
1663.983000,0.639791
1663.984000,0.809532
1663.985000,0.782966
1663.986000,0.871554
1663.987000,0.897040
1663.988000,0.914174
1663.989000,0.924088
1663.990000,0.838474
1663.991000,0.752438
1663.992000,0.872284
1663.993000,0.862807
1663.994000,0.827768
1663.995000,0.671021
1663.996000,0.500513
1663.997000,0.477885
1663.998000,0.424427
1663.999000,0.561915
1664.000000,0.630847
1664.001000,0.512690
1664.002000,0.532182
1664.003000,0.243957
1664.004000,0.079473
1664.005000,0.070838
1664.006000,0.052278
1664.007000,0.188288
1664.008000,0.068909
1664.009000,0.108373
1664.010000,-0.006849
1664.011000,0.023561
1664.012000,0.125410
1664.013000,0.180193
1664.014000,0.021158
1664.015000,0.125076
1664.016000,0.084086
1664.017000,0.292840
1664.018000,0.175270
1664.019000,0.173938
1664.020000,0.081545
1664.021000,0.079167
1664.022000,0.145791
1664.023000,0.029526
1664.024000,0.058448
1664.025000,0.149577
1664.026000,0.095364
1664.027000,0.081945
1664.028000,0.199912
1664.029000,0.225450
1664.030000,0.038413
1664.031000,-0.057622
1664.032000,0.007566
1664.033000,-0.011875
1664.034000,-0.332525
1664.035000,-0.336954
1664.036000,-0.327055
1664.037000,-0.274062
1664.038000,-0.315347
1664.039000,-0.367947
1664.040000,-0.373172
1664.041000,-0.432616
1664.042000,-0.563801
1664.043000,-0.679087
1664.044000,-0.710603
1664.045000,-0.750844
1664.046000,-0.731855
1664.047000,-0.675490
1664.048000,-0.620538
1664.049000,-0.728644
1664.050000,-0.743571
1664.051000,-1.020414
1664.052000,-1.000555
1664.053000,-1.069081
1664.054000,-0.982090
1664.055000,-0.895379
1664.056000,-1.106159
1664.057000,-1.132967
1664.058000,-1.188733
1664.059000,-1.028585
1664.060000,-0.873354
1664.061000,-0.834420
1664.062000,-0.949112
1664.063000,-0.973505
1664.064000,-1.085213
1664.065000,-1.093317
1664.066000,-1.098588
1664.067000,-1.108020
1664.068000,-1.009065
1664.069000,-0.936088
1664.070000,-0.986793
1664.071000,-0.906315
1664.072000,-0.936391
1664.073000,-0.878135
1664.074000,-0.910836
1664.075000,-1.048699
1664.076000,-1.058302
1664.077000,-1.224983
1664.078000,-1.400310
1664.079000,-1.434116
1664.080000,-1.303077
1664.081000,-1.106543
1664.082000,-1.118716
1664.083000,-1.083271
1664.084000,-1.033619
1664.085000,-1.122166
1664.086000,-1.248269
1664.087000,-1.323434
1664.088000,-1.476499
1664.089000,-1.557220
1664.090000,-1.483333
1664.091000,-1.320370
1664.092000,-1.289281
1664.093000,-1.259538
1664.094000,-1.267742
1664.095000,-1.182206
1664.096000,-1.263766
1664.097000,-1.241329
1664.098000,-1.093282
1664.099000,-1.031477
1664.100000,-1.031865
1664.101000,-0.849143
1664.102000,-0.811017
1664.103000,-0.633721
1664.104000,-0.558005
1664.105000,-0.464912
1664.106000,-0.501937
1664.107000,-0.523075
1664.108000,-0.557149
1664.109000,-0.444711
1664.110000,-0.331879
1664.111000,-0.128527
1664.112000,-0.099120
1664.113000,0.036204
1664.114000,0.005271
1664.115000,0.063560
1664.116000,0.060539
1664.117000,-0.064062
1664.118000,-0.052457
1664.119000,0.035720
1664.120000,-0.075049
1664.121000,0.132033
1664.122000,0.112145
1664.123000,0.052570
1664.124000,0.093200
1664.125000,0.081695
1664.126000,-0.059343
1664.127000,0.013987
1664.128000,0.140494
1664.129000,0.172661
1664.130000,0.088491
1664.131000,0.010340
1664.132000,-0.006808
1664.133000,-0.003591
1664.134000,0.159977
1664.135000,0.251247
1664.136000,0.284581
1664.137000,0.145158
1664.138000,-0.014922
1664.139000,-0.107731
1664.140000,-0.040496
1664.141000,-0.169669
1664.142000,-0.343866
1664.143000,-0.355233
1664.144000,-0.462667
1664.145000,-0.430290
1664.146000,-0.290300
1664.147000,-0.532994
1664.148000,-0.393607
1664.149000,-0.304322
1664.150000,-0.247557
1664.151000,-0.256803
1664.152000,-0.174946
1664.153000,0.030905
1664.154000,0.160894
1664.155000,0.041468
1664.156000,0.060068
1664.157000,-0.075518
1664.158000,-0.122321
1664.159000,0.068317
1664.160000,0.311646
1664.161000,0.265966
1664.162000,0.270247
1664.163000,0.202079
1664.164000,0.090501
1664.165000,0.140804
1664.166000,0.162746
1664.167000,0.084862
1664.168000,0.224688
1664.169000,0.247518
1664.170000,0.412378
1664.171000,0.730879
1664.172000,0.819315
1664.173000,0.781937
1664.174000,0.580186
1664.175000,0.385007
1664.176000,0.361515
1664.177000,0.397501
1664.178000,0.265774
1664.179000,0.304224
1664.180000,0.279664
1664.181000,0.333567
1664.182000,0.340145
1664.183000,0.261868
1664.184000,0.212012
1664.185000,0.191990
1664.186000,0.039272
1664.187000,0.103184
1664.188000,0.176283
1664.189000,0.191356
1664.190000,0.045849
1664.191000,-0.000665
1664.192000,-0.088927
1664.193000,0.013526
1664.194000,0.158540
1664.195000,0.215750
1664.196000,0.211537
1664.197000,0.188634
1664.198000,0.163791
1664.199000,0.225105
1664.200000,0.281590
1664.201000,0.263718
1664.202000,0.405471
1664.203000,0.243940
1664.204000,0.212586
1664.205000,0.315453
1664.206000,0.392930
1664.207000,0.330796
1664.208000,0.107799
1664.209000,0.062134
1664.210000,0.167743
1664.211000,0.142343
1664.212000,0.230537
1664.213000,0.164726
1664.214000,0.042585
1664.215000,-0.146629
1664.216000,-0.282566
1664.217000,-0.287141
1664.218000,-0.234782
1664.219000,-0.397681
1664.220000,-0.287702
1664.221000,-0.360801
1664.222000,-0.295075
1664.223000,-0.290909
1664.224000,-0.272410
1664.225000,-0.310578
1664.226000,-0.299668
1664.227000,-0.173153
1664.228000,-0.160904
1664.229000,-0.257367
1664.230000,-0.203018
1664.231000,-0.299666
1664.232000,-0.483783
1664.233000,-0.714216
1664.234000,-0.621577
1664.235000,-0.614412
1664.236000,-0.752407
1664.237000,-0.996063
1664.238000,-0.894417
1664.239000,-0.852647
1664.240000,-0.871328
1664.241000,-0.922210
1664.242000,-0.859980
1664.243000,-0.916694
1664.244000,-0.815231
1664.245000,-0.872480
1664.246000,-0.779620
1664.247000,-0.860078
1664.248000,-0.787200
1664.249000,-1.206280
1664.250000,-1.181537
1664.251000,-1.152400
1664.252000,-1.142314
1664.253000,-1.203421
1664.254000,-1.147210
1664.255000,-1.222611
1664.256000,-1.297920
1664.257000,-1.299074
1664.258000,-1.296964
1664.259000,-1.187554
1664.260000,-1.079439
1664.261000,-1.048956
1664.262000,-1.091761
1664.263000,-0.976792
1664.264000,-0.968959
1664.265000,-0.950223
1664.266000,-0.741861
1664.267000,-0.632724
1664.268000,-0.553053
1664.269000,-0.479560
1664.270000,-0.536665
1664.271000,-0.347428
1664.272000,-0.478411
1664.273000,-0.474693
1664.274000,-0.614338
1664.275000,-0.585079
1664.276000,-0.766047
1664.277000,-0.775433
1664.278000,-0.829122
1664.279000,-0.810644
1664.280000,-0.849287
1664.281000,-0.870882
1664.282000,-0.812300
1664.283000,-0.920450
1664.284000,-0.806521
1664.285000,-0.804418
1664.286000,-0.790798
1664.287000,-0.684614
1664.288000,-0.541049
1664.289000,-0.474284
1664.290000,-0.587274
1664.291000,-0.392211
1664.292000,-0.324732
1664.293000,-0.437668
1664.294000,-0.368050
1664.295000,-0.480091
1664.296000,-0.395707
1664.297000,-0.412729
1664.298000,-0.476317
1664.299000,-0.487693
1664.300000,-0.227952
1664.301000,-0.155053
1664.302000,-0.021750
1664.303000,0.234685
1664.304000,0.062477
1664.305000,0.222020
1664.306000,0.205109
1664.307000,0.162572
1664.308000,0.035311
1664.309000,0.269000
1664.310000,0.316734
1664.311000,0.229669
1664.312000,0.350987
1664.313000,0.422521
1664.314000,0.409799
1664.315000,0.497687
1664.316000,0.356523
1664.317000,0.039791
1664.318000,0.113549
1664.319000,0.242856
1664.320000,0.058699
1664.321000,0.122072
1664.322000,0.152693
1664.323000,0.328236
1664.324000,0.393671
1664.325000,0.358502
1664.326000,0.348849
1664.327000,0.417341
1664.328000,0.365568
1664.329000,0.571128
1664.330000,0.392275
1664.331000,0.442065
1664.332000,0.583907
1664.333000,0.513856
1664.334000,0.443785
1664.335000,0.325316
1664.336000,0.206742
1664.337000,0.196119
1664.338000,0.321986
1664.339000,0.404444
1664.340000,0.544167
1664.341000,0.488820
1664.342000,0.649951
1664.343000,0.671203
1664.344000,0.565853
1664.345000,0.548131
1664.346000,0.338988
1664.347000,0.263371
1664.348000,0.238348
1664.349000,0.442367
1664.350000,0.628361
1664.351000,0.559940
1664.352000,0.588081
1664.353000,0.556936
1664.354000,0.669553
1664.355000,0.567319
1664.356000,0.509615
1664.357000,0.616471
1664.358000,0.664580
1664.359000,0.564980
1664.360000,0.527482
1664.361000,0.506553
1664.362000,0.438815
1664.363000,0.553084
1664.364000,0.449336
1664.365000,0.443824
1664.366000,0.344798
1664.367000,0.345145
1664.368000,0.377004
1664.369000,0.520059
1664.370000,0.598017
1664.371000,0.613979
1664.372000,0.563829
1664.373000,0.510845
1664.374000,0.550919
1664.375000,0.583866
1664.376000,0.456091
1664.377000,0.483070
1664.378000,0.608305
1664.379000,0.839596
1664.380000,0.736290
1664.381000,0.715487
1664.382000,0.841063
1664.383000,0.701702
1664.384000,0.736563
1664.385000,0.664522
1664.386000,0.773509
1664.387000,0.630786
1664.388000,0.670134
1664.389000,0.667082
1664.390000,0.603455
1664.391000,0.454308
1664.392000,0.432106
1664.393000,0.550237
1664.394000,0.520710
1664.395000,0.431278
1664.396000,0.256390
1664.397000,0.433619
1664.398000,0.319614
1664.399000,0.502888
1664.400000,0.509342
1664.401000,0.515211
1664.402000,0.535631
1664.403000,0.492246
1664.404000,0.455383
1664.405000,0.568201
1664.406000,0.643780
1664.407000,0.628269
1664.408000,0.685565
1664.409000,0.836107
1664.410000,1.073849
1664.411000,1.162156
1664.412000,1.366926
1664.413000,1.367417
1664.414000,1.298465
1664.415000,1.241202
1664.416000,1.064244
1664.417000,0.854811
1664.418000,0.707583
1664.419000,0.796703
1664.420000,0.798452
1664.421000,0.943112
1664.422000,0.800235
1664.423000,0.573367
1664.424000,0.444012
1664.425000,0.639383
1664.426000,0.567766
1664.427000,0.714484
1664.428000,0.703925
1664.429000,0.873598
1664.430000,0.602048
1664.431000,0.364101
1664.432000,0.249485
1664.433000,0.173397
1664.434000,0.106720
1664.435000,0.041789
1664.436000,0.234588
1664.437000,0.103408
1664.438000,0.175382
1664.439000,0.218413
1664.440000,0.388072
1664.441000,0.243458
1664.442000,0.233778
1664.443000,0.270888
1664.444000,0.100159
1664.445000,0.105893
1664.446000,0.079451
1664.447000,0.169602
1664.448000,-0.010353
1664.449000,-0.029846
1664.450000,0.083139
1664.451000,0.115464
1664.452000,-0.111112
1664.453000,-0.050390
1664.454000,-0.043747
1664.455000,0.050804
1664.456000,0.033814
1664.457000,0.091799
1664.458000,-0.005011
1664.459000,0.080933
1664.460000,-0.075531
1664.461000,-0.039277
1664.462000,-0.018521
1664.463000,-0.042127
1664.464000,0.026866
1664.465000,0.123914
1664.466000,0.086047
1664.467000,0.245057
1664.468000,0.290329
1664.469000,0.209037
1664.470000,0.088810
1664.471000,0.010917
1664.472000,0.016677
1664.473000,0.016991
1664.474000,-0.141354
1664.475000,-0.109819
1664.476000,0.035448
1664.477000,0.025990
1664.478000,-0.124700
1664.479000,-0.111187
1664.480000,-0.100352
1664.481000,-0.089459
1664.482000,-0.082434
1664.483000,-0.130114
1664.484000,-0.057917
1664.485000,-0.219290
1664.486000,-0.199867
1664.487000,-0.283678
1664.488000,-0.316524
1664.489000,-0.414366
1664.490000,-0.426013
1664.491000,-0.382875
1664.492000,-0.346966
1664.493000,-0.253340
1664.494000,-0.131435
1664.495000,0.051321
1664.496000,0.230521
1664.497000,0.360255
1664.498000,0.263833
1664.499000,0.319326
1664.500000,0.376425
1664.501000,0.551303
1664.502000,0.641857
1664.503000,0.546559
1664.504000,0.510670
1664.505000,0.167597
1664.506000,0.173179
1664.507000,0.083294
1664.508000,-0.114646
1664.509000,-0.261792
1664.510000,-0.244050
1664.511000,-0.409870
1664.512000,-0.435727
1664.513000,-0.406917
1664.514000,-0.218483
1664.515000,-0.331942
1664.516000,-0.331382
1664.517000,-0.361557
1664.518000,-0.282431
1664.519000,-0.260825
1664.520000,-0.321622
1664.521000,-0.140228
1664.522000,-0.226081
1664.523000,-0.184147
1664.524000,-0.128388
1664.525000,-0.110210
1664.526000,-0.192582
1664.527000,-0.405294
1664.528000,-0.358062
1664.529000,-0.505264
1664.530000,-0.538587
1664.531000,-0.492436
1664.532000,-0.419281
1664.533000,-0.418804
1664.534000,-0.414114
1664.535000,-0.496894
1664.536000,-0.476937
1664.537000,-0.686509
1664.538000,-0.628260
1664.539000,-0.498391
1664.540000,-0.406053
1664.541000,-0.326940
1664.542000,-0.180832
1664.543000,-0.159436
1664.544000,-0.217958
1664.545000,-0.210604
1664.546000,-0.137457
1664.547000,-0.243860
1664.548000,-0.326523
1664.549000,-0.265265
1664.550000,-0.138577
1664.551000,-0.217645
1664.552000,-0.186279
1664.553000,-0.276695
1664.554000,-0.287937
1664.555000,-0.173494
1664.556000,-0.256998
1664.557000,-0.228546
1664.558000,-0.077197
1664.559000,-0.017583
1664.560000,0.154549
1664.561000,-0.080809
1664.562000,-0.226506
1664.563000,-0.288993
1664.564000,-0.258189
1664.565000,-0.326529
1664.566000,-0.115071
1664.567000,-0.127322
1664.568000,-0.066978
1664.569000,0.079761
1664.570000,-0.024689
1664.571000,-0.076372
1664.572000,-0.054726
1664.573000,-0.221436
1664.574000,-0.257563
1664.575000,-0.163359
1664.576000,-0.148057
1664.577000,0.003712
1664.578000,-0.004656
1664.579000,0.079532
1664.580000,0.153969
1664.581000,0.080798
1664.582000,0.123242
1664.583000,0.056321
1664.584000,0.218073
1664.585000,0.239342
1664.586000,0.281412
1664.587000,0.174496
1664.588000,0.245983
1664.589000,0.387175
1664.590000,0.559624
1664.591000,0.320205
1664.592000,0.179163
1664.593000,0.208096
1664.594000,0.085709
1664.595000,0.086450
1664.596000,0.163696
1664.597000,0.202577
1664.598000,0.196423
1664.599000,0.057284
1664.600000,-0.236950
1664.601000,-0.385838
1664.602000,-0.474582
1664.603000,-0.450937
1664.604000,-0.588280
1664.605000,-0.398128
1664.606000,-0.526537
1664.607000,-0.565934
1664.608000,-0.739860
1664.609000,-0.844148
1664.610000,-0.940672
1664.611000,-0.970526
1664.612000,-1.041638
1664.613000,-0.953876
1664.614000,-0.847404
1664.615000,-0.842280
1664.616000,-0.660297
1664.617000,-0.386544
1664.618000,-0.334199
1664.619000,-0.419746
1664.620000,-0.250210
1664.621000,-0.391222
1664.622000,-0.491014
1664.623000,-0.483466
1664.624000,-0.650370
1664.625000,-0.577060
1664.626000,-0.547061
1664.627000,-0.577657
1664.628000,-0.461856
1664.629000,-0.454708
1664.630000,-0.510827
1664.631000,-0.468016
1664.632000,-0.378526
1664.633000,-0.244906
1664.634000,-0.132862
1664.635000,-0.100175
1664.636000,-0.216107
1664.637000,-0.111714
1664.638000,-0.285670
1664.639000,-0.288097
1664.640000,-0.330638
1664.641000,-0.312149
1664.642000,-0.348171
1664.643000,-0.282690
1664.644000,-0.436389
1664.645000,-0.521227
1664.646000,-0.469481
1664.647000,-0.454871
1664.648000,-0.248197
1664.649000,-0.226564
1664.650000,-0.122687
1664.651000,-0.002648
1664.652000,-0.081638
1664.653000,-0.109566
1664.654000,-0.142089
1664.655000,-0.187455
1664.656000,-0.187940
1664.657000,-0.366909
1664.658000,-0.349254
1664.659000,-0.259857
1664.660000,-0.397239
1664.661000,-0.459263
1664.662000,-0.382685
1664.663000,-0.371381
1664.664000,-0.381678
1664.665000,-0.265241
1664.666000,-0.296048
1664.667000,-0.291611
1664.668000,-0.238703
1664.669000,-0.162158
1664.670000,-0.097081
1664.671000,-0.327376
1664.672000,-0.407497
1664.673000,-0.520802
1664.674000,-0.455300
1664.675000,-0.480462
1664.676000,-0.324942
1664.677000,-0.292373
1664.678000,-0.323773
1664.679000,-0.232812
1664.680000,-0.194451
1664.681000,-0.288441
1664.682000,-0.295857
1664.683000,-0.134986
1664.684000,-0.172501
1664.685000,-0.014769
1664.686000,0.091352
1664.687000,0.102981
1664.688000,0.371807
1664.689000,0.405290
1664.690000,0.337209
1664.691000,0.280856
1664.692000,0.369582
1664.693000,0.302103
1664.694000,0.245645
1664.695000,0.178350
1664.696000,0.191861
1664.697000,0.238146
1664.698000,0.390572
1664.699000,0.258859
1664.700000,0.268700
1664.701000,0.376699
1664.702000,0.410886
1664.703000,0.498493
1664.704000,0.642507
1664.705000,0.634837
1664.706000,0.592665
1664.707000,0.669042
1664.708000,0.686894
1664.709000,0.701824
1664.710000,0.792239
1664.711000,0.670252
1664.712000,0.565780
1664.713000,0.753175
1664.714000,0.858315
1664.715000,0.850621
1664.716000,0.802576
1664.717000,0.783617
1664.718000,0.786403
1664.719000,0.810158
1664.720000,0.821208
1664.721000,0.929098
1664.722000,1.054591
1664.723000,0.913993
1664.724000,0.811064
1664.725000,0.916721
1664.726000,0.843179
1664.727000,0.875822
1664.728000,0.864603
1664.729000,1.074339
1664.730000,0.919165
1664.731000,0.839184
1664.732000,0.700873
1664.733000,0.825666
1664.734000,0.761442
1664.735000,0.695594
1664.736000,0.611169
1664.737000,0.618557
1664.738000,0.573575
1664.739000,0.624486
1664.740000,0.545160
1664.741000,0.616846
1664.742000,0.540872
1664.743000,0.631650
1664.744000,0.737285
1664.745000,0.731228
1664.746000,0.709102
1664.747000,0.726331
1664.748000,0.850580
1664.749000,1.054180
1664.750000,1.015479
1664.751000,1.131507
1664.752000,1.050171
1664.753000,1.172517
1664.754000,1.196958
1664.755000,1.226980
1664.756000,1.131191
1664.757000,1.046967
1664.758000,1.224364
1664.759000,1.166460
1664.760000,1.208076
1664.761000,1.276456
1664.762000,1.493080
1664.763000,1.307826
1664.764000,1.211758
1664.765000,1.077848
1664.766000,0.961290
1664.767000,0.985940
1664.768000,0.944245
1664.769000,0.810414
1664.770000,0.761348
1664.771000,0.884676
1664.772000,0.842826
1664.773000,1.028260
1664.774000,0.811653
1664.775000,0.840067
1664.776000,0.755120
1664.777000,0.843387
1664.778000,0.880477
1664.779000,1.117777
1664.780000,1.076762
1664.781000,1.079593
1664.782000,1.005692
1664.783000,1.080319
1664.784000,1.066396
1664.785000,1.067272
1664.786000,1.073213
1664.787000,1.154969
1664.788000,1.159042
1664.789000,1.158605
1664.790000,1.040221
1664.791000,0.887331
1664.792000,0.858181
1664.793000,1.012891
1664.794000,0.853850
1664.795000,0.829363
1664.796000,0.795581
1664.797000,0.818943
1664.798000,0.820315
1664.799000,0.777908
1664.800000,0.740002
1664.801000,0.564878
1664.802000,0.506474
1664.803000,0.551771
1664.804000,0.567753
1664.805000,0.496147
1664.806000,0.535948
1664.807000,0.438081
1664.808000,0.385991
1664.809000,0.470188
1664.810000,0.459323
1664.811000,0.324191
1664.812000,0.233087
1664.813000,0.329924
1664.814000,0.404546
1664.815000,0.459170
1664.816000,0.501105
1664.817000,0.621453
1664.818000,0.606369
1664.819000,0.717367
1664.820000,0.745842
1664.821000,0.638585
1664.822000,0.588324
1664.823000,0.358864
1664.824000,0.305674
1664.825000,0.239395
1664.826000,0.135617
1664.827000,-0.059545
1664.828000,-0.142284
1664.829000,-0.147237
1664.830000,-0.249892
1664.831000,-0.290243
1664.832000,-0.440013
1664.833000,-0.164268
1664.834000,-0.043068
1664.835000,0.052723
1664.836000,-0.012604
1664.837000,-0.139405
1664.838000,-0.101730
1664.839000,-0.008445
1664.840000,-0.012090
1664.841000,-0.092453
1664.842000,-0.163918
1664.843000,-0.296533
1664.844000,-0.342364
1664.845000,-0.277130
1664.846000,-0.492571
1664.847000,-0.384809
1664.848000,-0.469814
1664.849000,-0.616875
1664.850000,-0.736744
1664.851000,-0.689313
1664.852000,-0.814814
1664.853000,-0.757199
1664.854000,-0.781879
1664.855000,-0.727644
1664.856000,-0.667440
1664.857000,-0.749209
1664.858000,-0.943132
1664.859000,-0.988899
1664.860000,-1.062859
1664.861000,-1.018203
1664.862000,-0.991853
1664.863000,-1.262358
1664.864000,-1.232048
1664.865000,-1.334662
1664.866000,-1.248672
1664.867000,-1.114209
1664.868000,-1.063460
1664.869000,-1.014505
1664.870000,-0.976437
1664.871000,-1.020724
1664.872000,-0.838325
1664.873000,-0.925614
1664.874000,-1.048919
1664.875000,-1.121613
1664.876000,-1.087922
1664.877000,-0.965166
1664.878000,-0.945453
1664.879000,-0.743179
1664.880000,-0.734907
1664.881000,-0.808678
1664.882000,-0.932239
1664.883000,-0.932884
1664.884000,-1.068311
1664.885000,-1.121082
1664.886000,-1.159219
1664.887000,-1.083800
1664.888000,-1.192513
1664.889000,-1.228528
1664.890000,-1.272864
1664.891000,-1.326371
1664.892000,-1.219098
1664.893000,-1.154270
1664.894000,-1.182012
1664.895000,-1.080565
1664.896000,-1.219699
1664.897000,-1.222020
1664.898000,-1.364307
1664.899000,-1.461353
1664.900000,-1.457005
1664.901000,-1.311377
1664.902000,-1.168432
1664.903000,-1.234646
1664.904000,-1.233509
1664.905000,-1.106368
1664.906000,-1.209849
1664.907000,-1.061821
1664.908000,-1.082787
1664.909000,-1.056028
1664.910000,-1.003198
1664.911000,-0.918018
1664.912000,-0.876632
1664.913000,-0.819210
1664.914000,-0.958018
1664.915000,-1.045327
1664.916000,-0.980721
1664.917000,-1.006652
1664.918000,-0.944315
1664.919000,-0.993066
1664.920000,-1.085783
1664.921000,-0.903840
1664.922000,-1.110445
1664.923000,-1.089227
1664.924000,-1.077701
1664.925000,-0.999661
1664.926000,-0.993231
1664.927000,-0.796832
1664.928000,-0.563190
1664.929000,-0.395993
1664.930000,-0.524565
1664.931000,-0.375232
1664.932000,-0.259704
1664.933000,-0.191566
1664.934000,-0.232663
1664.935000,-0.400415
1664.936000,-0.452209
1664.937000,-0.482097
1664.938000,-0.321662
1664.939000,-0.462859
1664.940000,-0.257612
1664.941000,-0.100146
1664.942000,-0.072324
1664.943000,-0.140339
1664.944000,-0.159667
1664.945000,-0.174148
1664.946000,-0.279308
1664.947000,-0.204074
1664.948000,-0.131425
1664.949000,-0.214317
1664.950000,-0.265388
1664.951000,-0.085685
1664.952000,0.078950
1664.953000,0.049631
1664.954000,-0.089822
1664.955000,-0.124519
1664.956000,-0.094304
1664.957000,-0.228380
1664.958000,-0.279128
1664.959000,-0.376045
1664.960000,-0.444947
1664.961000,-0.293313
1664.962000,-0.044287
1664.963000,0.027507
1664.964000,0.062304
1664.965000,-0.000694
1664.966000,-0.121401
1664.967000,-0.012117
1664.968000,-0.012235
1664.969000,0.115024
1664.970000,0.204553
1664.971000,0.192772
1664.972000,0.106831
1664.973000,0.228371
1664.974000,0.189286
1664.975000,0.108100
1664.976000,0.230685
1664.977000,0.206387
1664.978000,0.226388
1664.979000,0.298126
1664.980000,0.332558
1664.981000,0.193236
1664.982000,0.267681
1664.983000,0.159774
1664.984000,0.180835
1664.985000,0.240436
1664.986000,0.099317
1664.987000,0.137632
1664.988000,0.308585
1664.989000,0.309951
1664.990000,0.418900
1664.991000,0.467187
1664.992000,0.450230
1664.993000,0.442104
1664.994000,0.335501
1664.995000,0.057521
1664.996000,0.006774
1664.997000,-0.030529
1664.998000,-0.047049
1664.999000,0.028507
1665.000000,0.106016
1665.001000,0.343951
1665.002000,0.308956
1665.003000,0.527886
1665.004000,0.430057
1665.005000,0.404287
1665.006000,0.514713
1665.007000,0.457949
1665.008000,0.439608
1665.009000,0.344768
1665.010000,0.199484
1665.011000,0.225989
1665.012000,-0.011945
1665.013000,-0.063620
1665.014000,-0.200029
1665.015000,-0.152701
1665.016000,-0.219196
1665.017000,-0.065171
1665.018000,-0.066862
1665.019000,-0.011051
1665.020000,-0.022741
1665.021000,-0.012596
1665.022000,-0.126387
1665.023000,-0.086248
1665.024000,-0.111421
1665.025000,-0.074766
1665.026000,0.030401
1665.027000,0.059470
1665.028000,0.030457
1665.029000,-0.025413
1665.030000,-0.015955
1665.031000,-0.043861
1665.032000,0.051713
1665.033000,-0.041414
1665.034000,-0.034437
1665.035000,0.010389
1665.036000,0.213123
1665.037000,0.215378
1665.038000,0.278098
1665.039000,0.121682
1665.040000,0.116906
1665.041000,0.078967
1665.042000,0.044603
1665.043000,0.059390
1665.044000,0.144000
1665.045000,0.279699
1665.046000,0.286646
1665.047000,0.301122
1665.048000,0.314535
1665.049000,0.238158
1665.050000,0.026351
1665.051000,-0.041127
1665.052000,-0.089202
1665.053000,-0.106638
1665.054000,-0.055840
1665.055000,-0.150217
1665.056000,-0.169404
1665.057000,-0.018203
1665.058000,-0.099226
1665.059000,-0.147344
1665.060000,-0.003028
1665.061000,-0.052822
1665.062000,0.000204
1665.063000,0.060823
1665.064000,0.196635
1665.065000,0.138991
1665.066000,0.275522
1665.067000,0.011757
1665.068000,-0.015086
1665.069000,0.066692
1665.070000,0.220189
1665.071000,0.439632
1665.072000,0.435737
1665.073000,0.481970
1665.074000,0.442466
1665.075000,0.586322
1665.076000,0.544937
1665.077000,0.439712
1665.078000,0.556561
1665.079000,0.730267
1665.080000,0.644559
1665.081000,0.730937
1665.082000,0.832315
1665.083000,0.795825
1665.084000,0.869245
1665.085000,0.920891
1665.086000,1.035227
1665.087000,0.981473
1665.088000,0.798025
1665.089000,1.057552
1665.090000,1.133903
1665.091000,1.046287
1665.092000,0.801172
1665.093000,0.578725
1665.094000,0.668678
1665.095000,0.715017
1665.096000,0.704715
1665.097000,0.789442
1665.098000,0.940248
1665.099000,0.935486
1665.100000,0.957280
1665.101000,0.883241
1665.102000,0.900499
1665.103000,0.891959
1665.104000,0.715506
1665.105000,0.633173
1665.106000,0.572647
1665.107000,0.451607
1665.108000,0.394625
1665.109000,0.192863
1665.110000,0.334556
1665.111000,0.138729
1665.112000,0.054219
1665.113000,0.034514
1665.114000,0.027977
1665.115000,0.080692
1665.116000,0.164323
1665.117000,0.258129
1665.118000,0.080466
1665.119000,0.088096
1665.120000,0.228873
1665.121000,0.261795
1665.122000,0.403594
1665.123000,0.473453
1665.124000,0.453099
1665.125000,0.505955
1665.126000,0.588178
1665.127000,0.467152
1665.128000,0.604297
1665.129000,0.651327
1665.130000,0.629763
1665.131000,0.693599
1665.132000,0.407389
1665.133000,0.446911
1665.134000,0.362365
1665.135000,0.286136
1665.136000,0.313817
1665.137000,0.380556
1665.138000,0.376571
1665.139000,0.428023
1665.140000,0.438337
1665.141000,0.332958
1665.142000,0.288110
1665.143000,0.114403
1665.144000,0.136972
1665.145000,0.200264
1665.146000,0.128110
1665.147000,0.068521
1665.148000,0.127237
1665.149000,0.126256
1665.150000,0.153098
1665.151000,0.130053
1665.152000,0.100798
1665.153000,0.060581
1665.154000,0.075793
1665.155000,-0.015875
1665.156000,-0.138806
1665.157000,-0.032914
1665.158000,0.135974
1665.159000,0.028787
1665.160000,0.074840
1665.161000,-0.009543
1665.162000,-0.052724
1665.163000,-0.158279
1665.164000,0.087284
1665.165000,0.122586
1665.166000,0.114250
1665.167000,0.065908
1665.168000,0.112940
1665.169000,-0.003186
1665.170000,0.059188
1665.171000,0.002455
1665.172000,-0.162174
1665.173000,-0.283879
1665.174000,-0.283334
1665.175000,-0.449013
1665.176000,-0.380688
1665.177000,-0.324630
1665.178000,-0.283383
1665.179000,-0.341730
1665.180000,-0.464280
1665.181000,-0.393281
1665.182000,-0.470436
1665.183000,-0.577242
1665.184000,-0.598279
1665.185000,-0.622811
1665.186000,-0.686825
1665.187000,-0.484700
1665.188000,-0.380986
1665.189000,-0.434601
1665.190000,-0.366425
1665.191000,-0.258417
1665.192000,-0.223915
1665.193000,-0.299184
1665.194000,-0.176904
1665.195000,-0.172805
1665.196000,-0.113629
1665.197000,-0.062881
1665.198000,0.022059
1665.199000,-0.070491
1665.200000,-0.085630
1665.201000,0.017050
1665.202000,-0.070963
1665.203000,-0.194076
1665.204000,-0.175104
1665.205000,-0.173457
1665.206000,-0.155848
1665.207000,-0.221068
1665.208000,-0.441289
1665.209000,-0.516166
1665.210000,-0.685925
1665.211000,-0.746458
1665.212000,-0.707427
1665.213000,-0.639964
1665.214000,-0.741636
1665.215000,-0.530228
1665.216000,-0.331638
1665.217000,-0.310903
1665.218000,-0.333421
1665.219000,-0.374649
1665.220000,-0.370296
1665.221000,-0.489606
1665.222000,-0.595892
1665.223000,-0.611769
1665.224000,-0.569113
1665.225000,-0.572294
1665.226000,-0.603204
1665.227000,-0.549341
1665.228000,-0.597971
1665.229000,-0.638593
1665.230000,-0.611911
1665.231000,-0.568717
1665.232000,-0.472934
1665.233000,-0.242028
1665.234000,-0.170928
1665.235000,-0.169129
1665.236000,-0.305715
1665.237000,-0.390132
1665.238000,-0.699618
1665.239000,-0.724948
1665.240000,-0.709865
1665.241000,-0.644339
1665.242000,-0.761149
1665.243000,-0.700246
1665.244000,-0.776755
1665.245000,-0.632319
1665.246000,-0.452807
1665.247000,-0.511730
1665.248000,-0.493040
1665.249000,-0.547390
1665.250000,-0.361056
1665.251000,-0.357369
1665.252000,-0.279733
1665.253000,-0.262840
1665.254000,-0.115800
1665.255000,-0.209024
1665.256000,-0.215554
1665.257000,-0.057204
1665.258000,-0.120297
1665.259000,-0.353051
1665.260000,-0.537802
1665.261000,-0.535768
1665.262000,-0.542322
1665.263000,-0.617029
1665.264000,-0.431880
1665.265000,-0.584675
1665.266000,-0.490939
1665.267000,-0.473465
1665.268000,-0.440640
1665.269000,-0.414287
1665.270000,-0.518138
1665.271000,-0.569193
1665.272000,-0.573989
1665.273000,-0.526532
1665.274000,-0.773155
1665.275000,-0.694625
1665.276000,-0.667556
1665.277000,-0.625798
1665.278000,-0.713439
1665.279000,-0.737093
1665.280000,-0.550044
1665.281000,-0.599472
1665.282000,-0.450157
1665.283000,-0.505059
1665.284000,-0.447812
1665.285000,-0.520571
1665.286000,-0.417418
1665.287000,-0.388541
1665.288000,-0.335070
1665.289000,-0.351940
1665.290000,-0.279450
1665.291000,-0.104507
1665.292000,-0.089566
1665.293000,-0.078699
1665.294000,-0.116344
1665.295000,-0.167013
1665.296000,-0.090608
1665.297000,-0.202595
1665.298000,-0.236491
1665.299000,-0.173351
1665.300000,-0.133713
1665.301000,-0.152368
1665.302000,0.031869
1665.303000,0.038287
1665.304000,0.132186
1665.305000,0.147622
1665.306000,0.091048
1665.307000,0.262943
1665.308000,0.468115
1665.309000,0.383367
1665.310000,0.323441
1665.311000,0.374355
1665.312000,0.332963
1665.313000,0.442223
1665.314000,0.314911
1665.315000,0.403801
1665.316000,0.407107
1665.317000,0.364262
1665.318000,0.413923
1665.319000,0.430209
1665.320000,0.370383
1665.321000,0.434314
1665.322000,0.392417
1665.323000,0.354832
1665.324000,0.263846
1665.325000,0.289643
1665.326000,0.177235
1665.327000,0.306089
1665.328000,0.411902
1665.329000,0.364073
1665.330000,0.400726
1665.331000,0.382049
1665.332000,0.352820
1665.333000,0.483472
1665.334000,0.381228
1665.335000,0.344421
1665.336000,0.270295
1665.337000,0.226593
1665.338000,0.140537
1665.339000,-0.047721
1665.340000,-0.004234
1665.341000,-0.177110
1665.342000,-0.255273
1665.343000,-0.190378
1665.344000,0.002679
1665.345000,0.211242
1665.346000,0.112669
1665.347000,-0.168037
1665.348000,-0.295000
1665.349000,-0.303731
1665.350000,-0.410685
1665.351000,-0.532938
1665.352000,-0.483415
1665.353000,-0.417778
1665.354000,-0.570908
1665.355000,-0.501287
1665.356000,-0.476544
1665.357000,-0.389280
1665.358000,-0.312505
1665.359000,-0.216196
1665.360000,-0.248185
1665.361000,-0.276251
1665.362000,-0.361433
1665.363000,-0.174977
1665.364000,-0.250866
1665.365000,-0.184186
1665.366000,-0.115923
1665.367000,-0.074660
1665.368000,-0.078095
1665.369000,0.100225
1665.370000,-0.013323
1665.371000,0.026878
1665.372000,0.022879
1665.373000,0.003641
1665.374000,0.040189
1665.375000,0.010327
1665.376000,-0.095148
1665.377000,-0.018130
1665.378000,0.118027
1665.379000,-0.063587
1665.380000,-0.193969
1665.381000,-0.049271
1665.382000,-0.052405
1665.383000,-0.065569
1665.384000,-0.031631
1665.385000,0.095242
1665.386000,0.121475
1665.387000,0.004846
1665.388000,0.081040
1665.389000,0.027422
1665.390000,0.061409
1665.391000,0.316561
1665.392000,0.428622
1665.393000,0.327674
1665.394000,0.298566
1665.395000,0.185718
1665.396000,0.017918
1665.397000,0.024493
1665.398000,0.071169
1665.399000,0.030650
1665.400000,0.058543
1665.401000,0.198476
1665.402000,0.198708
1665.403000,0.156661
1665.404000,0.089647
1665.405000,0.077565
1665.406000,0.034011
1665.407000,0.045848
1665.408000,-0.285735
1665.409000,-0.304980
1665.410000,-0.123168
1665.411000,-0.172562
1665.412000,-0.262376
1665.413000,-0.135390
1665.414000,-0.090903
1665.415000,-0.307993
1665.416000,-0.369155
1665.417000,-0.361441
1665.418000,-0.374695
1665.419000,-0.407140
1665.420000,-0.325418
1665.421000,-0.181439
1665.422000,-0.196985
1665.423000,-0.167149
1665.424000,-0.111249
1665.425000,-0.040866
1665.426000,0.004789
1665.427000,0.077813
1665.428000,0.103690
1665.429000,0.028763
1665.430000,-0.022896
1665.431000,0.045057
1665.432000,0.071079
1665.433000,0.236356
1665.434000,0.389762
1665.435000,0.502200
1665.436000,0.340692
1665.437000,0.489798
1665.438000,0.395143
1665.439000,0.464046
1665.440000,0.358798
1665.441000,0.346164
1665.442000,0.291906
1665.443000,0.250702
1665.444000,0.218550
1665.445000,0.316107
1665.446000,0.362269
1665.447000,0.273350
1665.448000,0.277985
1665.449000,0.144081
1665.450000,0.091169
1665.451000,0.116266
1665.452000,0.036113
1665.453000,-0.023852
1665.454000,0.310445
1665.455000,0.332877
1665.456000,0.422620
1665.457000,0.372005
1665.458000,0.413166
1665.459000,0.484828
1665.460000,0.553067
1665.461000,0.632406
1665.462000,0.606241
1665.463000,0.576025
1665.464000,0.595682
1665.465000,0.509625
1665.466000,0.439587
1665.467000,0.407322
1665.468000,0.218384
1665.469000,0.151589
1665.470000,0.124539
1665.471000,0.008260
1665.472000,0.124982
1665.473000,0.163289
1665.474000,0.043288
1665.475000,-0.148082
1665.476000,-0.115269
1665.477000,-0.191535
1665.478000,-0.268274
1665.479000,-0.304206
1665.480000,-0.383135
1665.481000,-0.431538
1665.482000,-0.498795
1665.483000,-0.429600
1665.484000,-0.551190
1665.485000,-0.552537
1665.486000,-0.618613
1665.487000,-0.647067
1665.488000,-0.651849
1665.489000,-0.545986
1665.490000,-0.405024
1665.491000,-0.308691
1665.492000,-0.372339
1665.493000,-0.467972
1665.494000,-0.306747
1665.495000,-0.251522
1665.496000,-0.161060
1665.497000,-0.160683
1665.498000,-0.144748
1665.499000,-0.063705
1665.500000,-0.011671
1665.501000,0.034690
1665.502000,0.207452
1665.503000,0.147038
1665.504000,0.253363
1665.505000,0.266803
1665.506000,0.222601
1665.507000,0.289385
1665.508000,0.227734
1665.509000,0.332920
1665.510000,0.449677
1665.511000,0.529172
1665.512000,0.566982
1665.513000,0.659582
1665.514000,0.723379
1665.515000,0.789517
1665.516000,0.659675
1665.517000,0.580974
1665.518000,0.557522
1665.519000,0.476075
1665.520000,0.466639
1665.521000,0.401301
1665.522000,0.384672
1665.523000,0.397426
1665.524000,0.476865
1665.525000,0.425734
1665.526000,0.523936
1665.527000,0.411446
1665.528000,0.311614
1665.529000,0.144703
1665.530000,0.295468
1665.531000,0.300997
1665.532000,0.497084
1665.533000,0.425285
1665.534000,0.407680
1665.535000,0.401927
1665.536000,0.389490
1665.537000,0.500581
1665.538000,0.329079
1665.539000,0.409826
1665.540000,0.410594
1665.541000,0.322502
1665.542000,0.328641
1665.543000,0.389685
1665.544000,0.485291
1665.545000,0.477818
1665.546000,0.614607
1665.547000,0.515452
1665.548000,0.271626
1665.549000,0.160709
1665.550000,0.237314
1665.551000,0.286309
1665.552000,0.328880
1665.553000,0.455306
1665.554000,0.337734
1665.555000,0.202497
1665.556000,0.290926
1665.557000,0.265716
1665.558000,0.215486
1665.559000,0.166043
1665.560000,0.094490
1665.561000,0.044288
1665.562000,-0.224357
1665.563000,-0.139192
1665.564000,-0.110946
1665.565000,-0.104155
1665.566000,-0.162892
1665.567000,-0.137386
1665.568000,-0.130482
1665.569000,0.116442
1665.570000,0.228639
1665.571000,0.273152
1665.572000,0.375989
1665.573000,0.327528
1665.574000,0.289610
1665.575000,0.365094
1665.576000,0.482353
1665.577000,0.285361
1665.578000,0.326103
1665.579000,0.251981
1665.580000,0.271891
1665.581000,0.389401
1665.582000,0.494582
1665.583000,0.590958
1665.584000,0.680368
1665.585000,0.758900
1665.586000,0.944643
1665.587000,0.913492
1665.588000,0.823867
1665.589000,0.492038
1665.590000,0.401881
1665.591000,0.624666
1665.592000,0.643928
1665.593000,0.615099
1665.594000,0.581009
1665.595000,0.573147
1665.596000,0.768228
1665.597000,0.747291
1665.598000,0.510289
1665.599000,0.417012
1665.600000,0.326575
1665.601000,0.354982
1665.602000,0.327620
1665.603000,0.401905
1665.604000,0.295940
1665.605000,0.227004
1665.606000,0.240486
1665.607000,0.241914
1665.608000,0.230156
1665.609000,-0.020666
1665.610000,-0.165428
1665.611000,0.023538
1665.612000,-0.135685
1665.613000,-0.278522
1665.614000,-0.239965
1665.615000,-0.062455
1665.616000,-0.050222
1665.617000,-0.038003
1665.618000,-0.138036
1665.619000,-0.079141
1665.620000,-0.065147
1665.621000,-0.009221
1665.622000,-0.001415
1665.623000,0.104465
1665.624000,0.123060
1665.625000,0.126557
1665.626000,0.128148
1665.627000,0.063142
1665.628000,0.099072
1665.629000,0.072656
1665.630000,-0.151698
1665.631000,-0.168172
1665.632000,-0.265889
1665.633000,-0.242166
1665.634000,-0.381749
1665.635000,-0.227516
1665.636000,-0.276310
1665.637000,-0.221575
1665.638000,-0.255918
1665.639000,-0.339426
1665.640000,-0.291897
1665.641000,-0.340593
1665.642000,-0.308089
1665.643000,-0.322374
1665.644000,-0.385169
1665.645000,-0.469661
1665.646000,-0.385631
1665.647000,-0.399412
1665.648000,-0.481176
1665.649000,-0.644572
1665.650000,-0.459337
1665.651000,-0.645053
1665.652000,-0.636892
1665.653000,-0.558981
1665.654000,-0.564014
1665.655000,-0.502587
1665.656000,-0.393759
1665.657000,-0.362941
1665.658000,-0.359215
1665.659000,-0.305139
1665.660000,-0.376518
1665.661000,-0.315992
1665.662000,-0.263690
1665.663000,-0.255818
1665.664000,-0.444111
1665.665000,-0.449150
1665.666000,-0.418106
1665.667000,-0.357792
1665.668000,-0.064035
1665.669000,-0.050507
1665.670000,-0.128862
1665.671000,-0.215397
1665.672000,-0.154843
1665.673000,-0.051922
1665.674000,0.062116
1665.675000,0.279834
1665.676000,0.322632
1665.677000,0.129297
1665.678000,0.135111
1665.679000,0.134362
1665.680000,0.092060
1665.681000,0.023532
1665.682000,0.086784
1665.683000,0.156182
1665.684000,0.136039
1665.685000,0.297525
1665.686000,0.386148
1665.687000,0.501098
1665.688000,0.519409
1665.689000,0.426023
1665.690000,0.122649
1665.691000,0.027460
1665.692000,-0.023407
1665.693000,0.083889
1665.694000,0.130484
1665.695000,0.037092
1665.696000,0.003443
1665.697000,-0.104147
1665.698000,-0.127506
1665.699000,-0.060315
1665.700000,0.001703
1665.701000,0.048717
1665.702000,0.040366
1665.703000,0.048552
1665.704000,-0.047773
1665.705000,-0.021514
1665.706000,-0.020549
1665.707000,-0.010801
1665.708000,-0.006678
1665.709000,-0.041420
1665.710000,0.032509
1665.711000,0.089297
1665.712000,-0.055363
1665.713000,-0.060656
1665.714000,-0.192638
1665.715000,-0.190506
1665.716000,-0.228901
1665.717000,-0.351179
1665.718000,-0.514443
1665.719000,-0.731565
1665.720000,-0.785243
1665.721000,-0.770340
1665.722000,-0.787272
1665.723000,-0.843793
1665.724000,-0.918024
1665.725000,-1.005542
1665.726000,-1.116238
1665.727000,-1.219812
1665.728000,-1.287424
1665.729000,-1.549464
1665.730000,-1.522630
1665.731000,-1.438574
1665.732000,-1.302223
1665.733000,-1.016385
1665.734000,-0.895829
1665.735000,-0.762574
1665.736000,-0.618035
1665.737000,-0.640264
1665.738000,-0.774364
1665.739000,-0.772197
1665.740000,-0.719010
1665.741000,-0.696452
1665.742000,-0.592326
1665.743000,-0.601127
1665.744000,-0.512477
1665.745000,-0.597243
1665.746000,-0.663664
1665.747000,-0.517399
1665.748000,-0.568726
1665.749000,-0.419948
1665.750000,-0.503949
1665.751000,-0.560583
1665.752000,-0.664456
1665.753000,-0.575861
1665.754000,-0.538452
1665.755000,-0.522154
1665.756000,-0.625123
1665.757000,-0.851095
1665.758000,-0.722742
1665.759000,-0.761411
1665.760000,-0.700855
1665.761000,-0.766939
1665.762000,-0.872377
1665.763000,-0.868010
1665.764000,-0.829971
1665.765000,-0.797545
1665.766000,-0.829070
1665.767000,-0.969238
1665.768000,-1.045060
1665.769000,-0.937931
1665.770000,-0.807547
1665.771000,-0.824708
1665.772000,-0.807907
1665.773000,-0.845840
1665.774000,-0.888936
1665.775000,-1.008645
1665.776000,-1.003619
1665.777000,-1.022837
1665.778000,-1.107583
1665.779000,-1.228193
1665.780000,-1.254369
1665.781000,-1.262322
1665.782000,-1.156083
1665.783000,-1.155516
1665.784000,-1.084343
1665.785000,-1.075715
1665.786000,-1.102265
1665.787000,-0.927752
1665.788000,-1.034909
1665.789000,-0.890025
1665.790000,-0.734293
1665.791000,-0.637914
1665.792000,-0.549297
1665.793000,-0.638719
1665.794000,-0.629745
1665.795000,-0.398738
1665.796000,-0.235292
1665.797000,-0.150342
1665.798000,-0.058672
1665.799000,-0.047692
1665.800000,-0.112812
1665.801000,-0.287955
1665.802000,-0.107880
1665.803000,0.061838
1665.804000,0.077145
1665.805000,0.084777
1665.806000,0.039780
1665.807000,0.052384
1665.808000,0.090129
1665.809000,0.026251
1665.810000,-0.008918
1665.811000,0.017116
1665.812000,0.016186
1665.813000,0.171629
1665.814000,0.228922
1665.815000,0.115971
1665.816000,-0.142467
1665.817000,-0.063737
1665.818000,0.010015
1665.819000,0.132992
1665.820000,0.318125
1665.821000,0.374359
1665.822000,0.404897
1665.823000,0.333718
1665.824000,0.382804
1665.825000,0.359632
1665.826000,0.289021
1665.827000,0.305563
1665.828000,0.557331
1665.829000,0.566569
1665.830000,0.473801
1665.831000,0.487744
1665.832000,0.630438
1665.833000,0.767449
1665.834000,0.759168
1665.835000,0.764496
1665.836000,0.651947
1665.837000,0.542103
1665.838000,0.556933
1665.839000,0.593343
1665.840000,0.779456
1665.841000,0.768943
1665.842000,0.651325
1665.843000,0.450964
1665.844000,0.449248
1665.845000,0.548966
1665.846000,0.643393
1665.847000,0.640359
1665.848000,0.488746
1665.849000,0.503659
1665.850000,0.469634
1665.851000,0.343831
1665.852000,0.228798
1665.853000,0.294985
1665.854000,0.374905
1665.855000,0.568640
1665.856000,0.554486
1665.857000,0.457277
1665.858000,0.489289
1665.859000,0.353201
1665.860000,0.367248
1665.861000,0.619522
1665.862000,0.692963
1665.863000,0.709247
1665.864000,0.738069
1665.865000,0.817056
1665.866000,0.713172
1665.867000,0.620363
1665.868000,0.738902
1665.869000,0.676911
1665.870000,0.613321
1665.871000,0.722326
1665.872000,0.789998
1665.873000,0.756188
1665.874000,0.861498
1665.875000,0.830968
1665.876000,0.626674
1665.877000,0.512577
1665.878000,0.507235
1665.879000,0.511426
1665.880000,0.412576
1665.881000,0.374411
1665.882000,0.374653
1665.883000,0.365513
1665.884000,0.288892
1665.885000,0.369315
1665.886000,0.311917
1665.887000,0.418656
1665.888000,0.495674
1665.889000,0.591833
1665.890000,0.394296
1665.891000,0.452358
1665.892000,0.584038
1665.893000,0.502771
1665.894000,0.420463
1665.895000,0.275953
1665.896000,0.167218
1665.897000,0.162161
1665.898000,0.212952
1665.899000,0.350819
1665.900000,0.481671
1665.901000,0.563964
1665.902000,0.422095
1665.903000,0.615453
1665.904000,0.601873
1665.905000,0.567050
1665.906000,0.425006
1665.907000,0.381327
1665.908000,0.220388
1665.909000,0.271419
1665.910000,0.021824
1665.911000,0.081347
1665.912000,0.041416
1665.913000,-0.104213
1665.914000,-0.155795
1665.915000,-0.036806
1665.916000,-0.022034
1665.917000,0.070758
1665.918000,-0.042245
1665.919000,-0.039536
1665.920000,0.232079
1665.921000,0.312574
1665.922000,0.299817
1665.923000,0.517541
1665.924000,0.713980
1665.925000,0.725529
1665.926000,0.728418
1665.927000,0.605823
1665.928000,0.533228
1665.929000,0.397116
1665.930000,0.591758
1665.931000,0.422188
1665.932000,0.398824
1665.933000,0.580110
1665.934000,0.656821
1665.935000,0.820108
1665.936000,0.750662
1665.937000,0.659232
1665.938000,0.719290
1665.939000,0.933343
1665.940000,0.994943
1665.941000,1.017108
1665.942000,1.187062
1665.943000,1.112725
1665.944000,0.963955
1665.945000,0.931016
1665.946000,0.873938
1665.947000,0.713755
1665.948000,0.668963
1665.949000,0.670434
1665.950000,0.539021
1665.951000,0.556201
1665.952000,0.599993
1665.953000,0.660272
1665.954000,0.929235
1665.955000,0.792607
1665.956000,0.943801
1665.957000,0.827591
1665.958000,0.705962
1665.959000,0.557021
1665.960000,0.469294
1665.961000,0.586715
1665.962000,0.901638
1665.963000,0.792767
1665.964000,0.786996
1665.965000,0.750766
1665.966000,0.670977
1665.967000,0.788277
1665.968000,0.584864
1665.969000,0.574537
1665.970000,0.746254
1665.971000,0.641903
1665.972000,0.610001
1665.973000,0.514632
1665.974000,0.275918
1665.975000,0.218420
1665.976000,0.311422
1665.977000,0.219557
1665.978000,0.208154
1665.979000,0.193973
1665.980000,0.151522
1665.981000,0.087298
1665.982000,0.155504
1665.983000,-0.022208
1665.984000,-0.073619
1665.985000,-0.121125
1665.986000,-0.201349
1665.987000,-0.188269
1665.988000,-0.240544
1665.989000,-0.116766
1665.990000,-0.097418
1665.991000,-0.050087
1665.992000,-0.157842
1665.993000,-0.189484
1665.994000,-0.158487
1665.995000,-0.096006
1665.996000,-0.029317
1665.997000,0.146104
1665.998000,0.183406
1665.999000,0.290926
1666.000000,0.184091
1666.001000,0.272979
1666.002000,0.271979
1666.003000,0.158036
1666.004000,0.137824
1666.005000,0.153081
1666.006000,0.098776
1666.007000,0.246642
1666.008000,0.028404
1666.009000,0.118239
1666.010000,0.032255
1666.011000,-0.063731
1666.012000,-0.107288
1666.013000,0.053825
1666.014000,0.147904
1666.015000,-0.028791
1666.016000,-0.031811
1666.017000,-0.047079
1666.018000,-0.161545
1666.019000,0.004810
1666.020000,0.101094
1666.021000,0.137340
1666.022000,-0.009276
1666.023000,0.020310
1666.024000,0.107321
1666.025000,0.205677
1666.026000,0.211408
1666.027000,0.300459
1666.028000,0.422493
1666.029000,0.499700
1666.030000,0.657299
1666.031000,0.444316
1666.032000,0.477965
1666.033000,0.327394
1666.034000,0.355492
1666.035000,0.207918
1666.036000,0.012593
1666.037000,0.176500
1666.038000,0.147174
1666.039000,0.019021
1666.040000,-0.091392
1666.041000,-0.144148
1666.042000,-0.263367
1666.043000,-0.123864
1666.044000,-0.094909
1666.045000,0.086361
1666.046000,0.063530
1666.047000,0.064160
1666.048000,-0.054878
1666.049000,0.048683
1666.050000,0.020867
1666.051000,0.065119
1666.052000,-0.092030
1666.053000,0.083424
1666.054000,0.125235
1666.055000,0.134637
1666.056000,0.042540
1666.057000,0.057343
1666.058000,-0.014686
1666.059000,-0.046540
1666.060000,0.008579
1666.061000,0.136975
1666.062000,-0.028795
1666.063000,-0.038029
1666.064000,0.009002
1666.065000,0.015559
1666.066000,-0.130292
1666.067000,-0.045648
1666.068000,-0.147371
1666.069000,-0.119883
1666.070000,0.057313
1666.071000,-0.179632
1666.072000,-0.183663
1666.073000,-0.311914
1666.074000,-0.319650
1666.075000,-0.229913
1666.076000,-0.108230
1666.077000,-0.158160
1666.078000,-0.077761
1666.079000,-0.013971
1666.080000,0.044494
1666.081000,-0.028639
1666.082000,-0.046968
1666.083000,0.219831
1666.084000,0.195431
1666.085000,0.163536
1666.086000,0.263265
1666.087000,0.274491
1666.088000,0.429877
1666.089000,0.272141
1666.090000,0.349816
1666.091000,0.294962
1666.092000,0.497299
1666.093000,0.476539
1666.094000,0.489591
1666.095000,0.384931
1666.096000,0.381579
1666.097000,0.304698
1666.098000,0.376359
1666.099000,0.556191
1666.100000,0.525187
1666.101000,0.436219
1666.102000,0.437044
1666.103000,0.504760
1666.104000,0.441737
1666.105000,0.385050
1666.106000,0.440236
1666.107000,0.504525
1666.108000,0.493139
1666.109000,0.197641
1666.110000,0.346128
1666.111000,0.306080
1666.112000,0.219389
1666.113000,0.327547
1666.114000,0.298456
1666.115000,0.302882
1666.116000,0.261799
1666.117000,0.144367
1666.118000,0.038185
1666.119000,0.059253
1666.120000,0.163172
1666.121000,0.100648
1666.122000,0.180952
1666.123000,0.416743
1666.124000,0.342136
1666.125000,0.493226
1666.126000,0.541554
1666.127000,0.647609
1666.128000,0.691261
1666.129000,0.806758
1666.130000,0.749297
1666.131000,0.816822
1666.132000,0.775629
1666.133000,0.665061
1666.134000,0.452897
1666.135000,0.394147
1666.136000,0.351722
1666.137000,0.166023
1666.138000,0.134336
1666.139000,0.245399
1666.140000,0.291539
1666.141000,0.104888
1666.142000,0.202465
1666.143000,0.322612
1666.144000,0.272932
1666.145000,0.282802
1666.146000,0.126677
1666.147000,0.031563
1666.148000,0.055102
1666.149000,0.026805
1666.150000,0.320481
1666.151000,0.224556
1666.152000,0.043617
1666.153000,0.125877
1666.154000,0.186632
1666.155000,0.218243
1666.156000,0.125793
1666.157000,0.189977
1666.158000,-0.138392
1666.159000,-0.226700
1666.160000,-0.411580
1666.161000,-0.353308
1666.162000,-0.397142
1666.163000,-0.500323
1666.164000,-0.425183
1666.165000,-0.513589
1666.166000,-0.764942
1666.167000,-0.746049
1666.168000,-0.715569
1666.169000,-0.808028
1666.170000,-0.729554
1666.171000,-0.728000
1666.172000,-0.871704
1666.173000,-0.772040
1666.174000,-0.677728
1666.175000,-0.597432
1666.176000,-0.541379
1666.177000,-0.596598
1666.178000,-0.579393
1666.179000,-0.534617
1666.180000,-0.522913
1666.181000,-0.318263
1666.182000,-0.400270
1666.183000,-0.463903
1666.184000,-0.322020
1666.185000,-0.164148
1666.186000,-0.036856
1666.187000,-0.069278
1666.188000,-0.142599
1666.189000,-0.100349
1666.190000,-0.087662
1666.191000,0.042176
1666.192000,-0.014388
1666.193000,-0.015763
1666.194000,0.022399
1666.195000,-0.124880
1666.196000,-0.016112
1666.197000,-0.103743
1666.198000,-0.151472
1666.199000,-0.080823
1666.200000,-0.108944
1666.201000,-0.011575
1666.202000,-0.036129
1666.203000,-0.123605
1666.204000,-0.278703
1666.205000,-0.192999
1666.206000,-0.125115
1666.207000,-0.171582
1666.208000,-0.207386
1666.209000,-0.104638
1666.210000,-0.055347
1666.211000,0.027214
1666.212000,-0.214855
1666.213000,-0.196742
1666.214000,-0.082436
1666.215000,-0.076470
1666.216000,-0.225623
1666.217000,-0.087486
1666.218000,-0.016909
1666.219000,-0.004897
1666.220000,0.010355
1666.221000,-0.119331
1666.222000,0.096614
1666.223000,0.117813
1666.224000,0.215918
1666.225000,0.164464
1666.226000,0.163207
1666.227000,0.169277
1666.228000,0.329370
1666.229000,0.143305
1666.230000,0.005132
1666.231000,0.174874
1666.232000,0.146221
1666.233000,0.095946
1666.234000,-0.104097
1666.235000,-0.153389
1666.236000,-0.270272
1666.237000,-0.291244
1666.238000,-0.674951
1666.239000,-0.606927
1666.240000,-0.631533
1666.241000,-0.570410
1666.242000,-0.441998
1666.243000,-0.656259
1666.244000,-0.503443
1666.245000,-0.745621
1666.246000,-0.877569
1666.247000,-1.115199
1666.248000,-1.350859
1666.249000,-1.528581
1666.250000,-1.364964
1666.251000,-1.485370
1666.252000,-1.415081
1666.253000,-1.336759
1666.254000,-1.175033
1666.255000,-1.110881
1666.256000,-1.071044
1666.257000,-0.987209
1666.258000,-1.079309
1666.259000,-1.092418
1666.260000,-0.950446
1666.261000,-1.054412
1666.262000,-0.973016
1666.263000,-0.984532
1666.264000,-0.876482
1666.265000,-0.724785
1666.266000,-0.802377
1666.267000,-0.614086
1666.268000,-0.618546
1666.269000,-0.523867
1666.270000,-0.609907
1666.271000,-0.602965
1666.272000,-0.598176
1666.273000,-0.836596
1666.274000,-0.918149
1666.275000,-0.945065
1666.276000,-0.659794
1666.277000,-0.450502
1666.278000,-0.484404
1666.279000,-0.495074
1666.280000,-0.550154
1666.281000,-0.520498
1666.282000,-0.598878
1666.283000,-0.515341
1666.284000,-0.433430
1666.285000,-0.397547
1666.286000,-0.557279
1666.287000,-0.600271
1666.288000,-0.667238
1666.289000,-0.841675
1666.290000,-0.716209
1666.291000,-0.973354
1666.292000,-0.874425
1666.293000,-0.831026
1666.294000,-0.706843
1666.295000,-0.709279
1666.296000,-0.706472
1666.297000,-0.820603
1666.298000,-0.925993
1666.299000,-0.794734
1666.300000,-0.651120
1666.301000,-0.626640
1666.302000,-0.586334
1666.303000,-0.623442
1666.304000,-0.668111
1666.305000,-0.755292
1666.306000,-0.709805
1666.307000,-0.654747
1666.308000,-0.623576
1666.309000,-0.436463
1666.310000,-0.455068
1666.311000,-0.452356
1666.312000,-0.532578
1666.313000,-0.551561
1666.314000,-0.837428
1666.315000,-0.839707
1666.316000,-0.784149
1666.317000,-0.621035
1666.318000,-0.497431
1666.319000,-0.499952
1666.320000,-0.443620
1666.321000,-0.521825
1666.322000,-0.568426
1666.323000,-0.525383
1666.324000,-0.597993
1666.325000,-0.516608
1666.326000,-0.379114
1666.327000,-0.336139
1666.328000,-0.368818
1666.329000,-0.348004
1666.330000,-0.268998
1666.331000,-0.103364
1666.332000,-0.113156
1666.333000,-0.011175
1666.334000,0.002742
1666.335000,-0.060025
1666.336000,-0.000853
1666.337000,0.049868
1666.338000,0.108272
1666.339000,0.046657
1666.340000,0.083577
1666.341000,-0.118106
1666.342000,-0.142416
1666.343000,-0.095623
1666.344000,-0.126853
1666.345000,-0.282610
1666.346000,-0.216755
1666.347000,-0.198950
1666.348000,-0.171729
1666.349000,-0.332956
1666.350000,-0.480598
1666.351000,-0.348337
1666.352000,-0.396902
1666.353000,-0.351386
1666.354000,-0.605793
1666.355000,-0.643931
1666.356000,-0.606663
1666.357000,-0.453385
1666.358000,-0.457677
1666.359000,-0.415153
1666.360000,-0.213866
1666.361000,-0.127908
1666.362000,0.027531
1666.363000,-0.013838
1666.364000,-0.126307
1666.365000,-0.026727
1666.366000,0.023762
1666.367000,-0.000843
1666.368000,0.067288
1666.369000,0.154363
1666.370000,0.113907
1666.371000,-0.016705
1666.372000,0.123627
1666.373000,0.093716
1666.374000,0.169855
1666.375000,0.092831
1666.376000,0.181129
1666.377000,0.121041
1666.378000,0.099800
1666.379000,0.087577
1666.380000,0.197794
1666.381000,0.319886
1666.382000,0.514403
1666.383000,0.652103
1666.384000,0.725355
1666.385000,0.675193
1666.386000,0.863036
1666.387000,0.795995
1666.388000,0.817911
1666.389000,0.942078
1666.390000,0.934510
1666.391000,0.810686
1666.392000,0.670710
1666.393000,0.673280
1666.394000,0.707100
1666.395000,0.942790
1666.396000,0.842849
1666.397000,0.937413
1666.398000,0.875718
1666.399000,0.852853
1666.400000,0.809104
1666.401000,0.837394
1666.402000,0.917269
1666.403000,0.979662
1666.404000,0.874742
1666.405000,0.871476
1666.406000,0.987415
1666.407000,1.078511
1666.408000,1.170074
1666.409000,1.261390
1666.410000,1.253223
1666.411000,1.152764
1666.412000,1.093611
1666.413000,1.095093
1666.414000,0.752282
1666.415000,0.823219
1666.416000,0.668316
1666.417000,0.711608
1666.418000,0.870603
1666.419000,0.727333
1666.420000,0.857258
1666.421000,0.877913
1666.422000,0.810407
1666.423000,0.907552
1666.424000,0.925672
1666.425000,0.895494
1666.426000,0.825470
1666.427000,0.798066
1666.428000,0.864782
1666.429000,0.990575
1666.430000,0.894195
1666.431000,1.073268
1666.432000,1.094805
1666.433000,1.009760
1666.434000,1.107752
1666.435000,0.979429
1666.436000,0.944684
1666.437000,0.838165
1666.438000,0.780662
1666.439000,0.516246
1666.440000,0.399786
1666.441000,0.128818
1666.442000,0.096441
1666.443000,0.145192
1666.444000,0.263044
1666.445000,0.397199
1666.446000,0.261953
1666.447000,0.295463
1666.448000,0.247423
1666.449000,0.265528
1666.450000,0.053514
1666.451000,0.013524
1666.452000,0.054572
1666.453000,0.056405
1666.454000,-0.053432
1666.455000,-0.098886
1666.456000,-0.297303
1666.457000,-0.216075
1666.458000,-0.334162
1666.459000,-0.520435
1666.460000,-0.486202
1666.461000,-0.661677
1666.462000,-0.707859
1666.463000,-0.958964
1666.464000,-0.792319
1666.465000,-0.621743
1666.466000,-0.444586
1666.467000,-0.488168
1666.468000,-0.429190
1666.469000,-0.305367
1666.470000,-0.239372
1666.471000,-0.216962
1666.472000,-0.361751
1666.473000,-0.250957
1666.474000,-0.274193
1666.475000,-0.217793
1666.476000,-0.088230
1666.477000,0.014235
1666.478000,0.033381
1666.479000,0.007061
1666.480000,-0.018816
1666.481000,0.081472
1666.482000,-0.024599
1666.483000,-0.002381
1666.484000,0.059219
1666.485000,0.130574
1666.486000,0.150413
1666.487000,0.406224
1666.488000,0.217181
1666.489000,0.285421
1666.490000,0.323596
1666.491000,0.210679
1666.492000,0.251282
1666.493000,0.210709
1666.494000,-0.136983
1666.495000,-0.123586
1666.496000,-0.044579
1666.497000,-0.111981
1666.498000,0.024035
1666.499000,-0.041439
1666.500000,-0.212184
1666.501000,-0.124947
1666.502000,-0.249527
1666.503000,-0.361501
1666.504000,-0.392985
1666.505000,-0.460255
1666.506000,-0.506428
1666.507000,-0.531402
1666.508000,-0.405874
1666.509000,-0.405499
1666.510000,-0.501196
1666.511000,-0.500400
1666.512000,-0.506212
1666.513000,-0.324145
1666.514000,-0.165199
1666.515000,0.001881
1666.516000,-0.220282
1666.517000,-0.122294
1666.518000,-0.019985
1666.519000,-0.096357
1666.520000,-0.061004
1666.521000,-0.066397
1666.522000,0.136501
1666.523000,0.086004
1666.524000,-0.088815
1666.525000,-0.097786
1666.526000,-0.075053
1666.527000,-0.021941
1666.528000,-0.139312
1666.529000,-0.205854
1666.530000,-0.178650
1666.531000,-0.120378
1666.532000,-0.212396
1666.533000,-0.233824
1666.534000,-0.330857
1666.535000,-0.451321
1666.536000,-0.636165
1666.537000,-0.609556
1666.538000,-0.290059
1666.539000,-0.259746
1666.540000,-0.091721
1666.541000,-0.063467
1666.542000,-0.048582
1666.543000,0.049545
1666.544000,0.037176
1666.545000,0.001150
1666.546000,0.001044
1666.547000,-0.050814
1666.548000,-0.102317
1666.549000,-0.134539
1666.550000,-0.151898
1666.551000,-0.044454
1666.552000,-0.025656
1666.553000,0.134981
1666.554000,0.074652
1666.555000,0.015718
1666.556000,-0.040092
1666.557000,-0.119430
1666.558000,-0.222793
1666.559000,-0.118967
1666.560000,-0.228068
1666.561000,-0.229787
1666.562000,-0.231942
1666.563000,-0.231084
1666.564000,-0.148187
1666.565000,-0.257367
1666.566000,-0.408513
1666.567000,-0.444131
1666.568000,-0.527360
1666.569000,-0.473215
1666.570000,-0.444329
1666.571000,-0.390715
1666.572000,-0.298026
1666.573000,-0.462190
1666.574000,-0.366585
1666.575000,-0.334765
1666.576000,-0.203778
1666.577000,-0.118423
1666.578000,-0.122864
1666.579000,-0.022013
1666.580000,0.093283
1666.581000,0.279281
1666.582000,0.441056
1666.583000,0.372458
1666.584000,0.678466
1666.585000,0.669325
1666.586000,0.793164
1666.587000,0.569617
1666.588000,0.560273
1666.589000,0.427631
1666.590000,0.364313
1666.591000,0.499197
1666.592000,0.406080
1666.593000,0.363144
1666.594000,0.470020
1666.595000,0.297474
1666.596000,0.455691
1666.597000,0.348577
1666.598000,0.481913
1666.599000,0.404870
1666.600000,0.442178
1666.601000,0.374110
1666.602000,0.337910
1666.603000,0.571332
1666.604000,0.720603
1666.605000,0.689977
1666.606000,0.673679
1666.607000,0.637941
1666.608000,0.497678
1666.609000,0.401454
1666.610000,0.272770
1666.611000,0.285248
1666.612000,0.300255
1666.613000,0.324320
1666.614000,0.372222
1666.615000,0.409186
1666.616000,0.194754
1666.617000,0.046645
1666.618000,-0.125292
1666.619000,-0.065311
1666.620000,-0.109046
1666.621000,-0.227780
1666.622000,-0.255303
1666.623000,-0.198896
1666.624000,-0.182754
1666.625000,-0.313786
1666.626000,-0.323570
1666.627000,-0.246518
1666.628000,-0.224084
1666.629000,-0.203495
1666.630000,-0.142950
1666.631000,-0.282348
1666.632000,-0.078741
1666.633000,-0.101452
1666.634000,-0.210184
1666.635000,-0.208063
1666.636000,0.029378
1666.637000,0.018667
1666.638000,-0.047624
1666.639000,-0.124728
1666.640000,0.054018
1666.641000,0.274972
1666.642000,0.267262
1666.643000,0.330188
1666.644000,0.291309
1666.645000,0.208661
1666.646000,0.272921
1666.647000,0.426101
1666.648000,0.457431
1666.649000,0.264750
1666.650000,0.342513
1666.651000,0.240900
1666.652000,0.275427
1666.653000,0.087523
1666.654000,-0.053473
1666.655000,-0.010627
1666.656000,-0.047683
1666.657000,-0.191109
1666.658000,-0.311393
1666.659000,-0.489084
1666.660000,-0.528479
1666.661000,-0.591400
1666.662000,-0.595091
1666.663000,-0.472624
1666.664000,-0.508833
1666.665000,-0.476327
1666.666000,-0.457392
1666.667000,-0.451010
1666.668000,-0.351488
1666.669000,-0.373879
1666.670000,-0.479344
1666.671000,-0.462616
1666.672000,-0.407840
1666.673000,-0.429247
1666.674000,-0.471010
1666.675000,-0.587703
1666.676000,-0.561981
1666.677000,-0.615342
1666.678000,-0.725575
1666.679000,-0.613206
1666.680000,-0.617382
1666.681000,-0.563914
1666.682000,-0.405326
1666.683000,-0.413696
1666.684000,-0.448507
1666.685000,-0.362215
1666.686000,-0.062512
1666.687000,-0.011095
1666.688000,-0.024177
1666.689000,-0.024692
1666.690000,-0.126970
1666.691000,0.067126
1666.692000,0.046191
1666.693000,-0.016594
1666.694000,0.070577
1666.695000,0.115301
1666.696000,-0.023760
1666.697000,0.017780
1666.698000,0.090664
1666.699000,-0.017987
1666.700000,0.061061
1666.701000,0.116902
1666.702000,0.060249
1666.703000,0.099597
1666.704000,0.112079
1666.705000,0.301271
1666.706000,0.464591
1666.707000,0.430980
1666.708000,0.408342
1666.709000,0.303657
1666.710000,0.365234
1666.711000,0.276976
1666.712000,0.115082
1666.713000,-0.032370
1666.714000,-0.111398
1666.715000,-0.135782
1666.716000,0.132893
1666.717000,0.308386
1666.718000,0.281927
1666.719000,0.287760
1666.720000,0.445024
1666.721000,0.441511
1666.722000,0.408055
1666.723000,0.346950
1666.724000,0.372917
1666.725000,0.379733
1666.726000,0.443710
1666.727000,0.506522
1666.728000,0.593766
1666.729000,0.501941
1666.730000,0.425115
1666.731000,0.548303
1666.732000,0.679988
1666.733000,0.523252
1666.734000,0.630233
1666.735000,0.524327
1666.736000,0.474644
1666.737000,0.447815
1666.738000,0.500232
1666.739000,0.440340
1666.740000,0.354334
1666.741000,0.492396
1666.742000,0.547899
1666.743000,0.496087
1666.744000,0.419206
1666.745000,0.086327
1666.746000,-0.023341
1666.747000,-0.035698
1666.748000,-0.095260
1666.749000,0.008034
1666.750000,0.062654
1666.751000,0.029388
1666.752000,-0.089740
1666.753000,-0.049454
1666.754000,-0.045872
1666.755000,-0.099491
1666.756000,-0.241090
1666.757000,-0.276267
1666.758000,-0.265591
1666.759000,-0.436558
1666.760000,-0.596857
1666.761000,-0.283429
1666.762000,-0.309642
1666.763000,-0.494976
1666.764000,-0.364887
1666.765000,-0.420281
1666.766000,-0.431009
1666.767000,-0.571329
1666.768000,-0.575334
1666.769000,-0.661408
1666.770000,-0.734568
1666.771000,-0.688342
1666.772000,-0.743256
1666.773000,-0.689425
1666.774000,-0.602419
1666.775000,-0.633403
1666.776000,-0.496117
1666.777000,-0.380284
1666.778000,-0.404741
1666.779000,-0.429538
1666.780000,-0.423598
1666.781000,-0.443124
1666.782000,-0.616906
1666.783000,-0.621780
1666.784000,-0.648114
1666.785000,-0.569980
1666.786000,-0.739539
1666.787000,-0.908345
1666.788000,-1.043965
1666.789000,-1.135041
1666.790000,-1.001696
1666.791000,-0.847716
1666.792000,-0.820034
1666.793000,-0.808470
1666.794000,-0.786704
1666.795000,-0.652722
1666.796000,-0.776157
1666.797000,-0.809214
1666.798000,-0.765966
1666.799000,-0.688812
1666.800000,-0.369830
1666.801000,-0.536218
1666.802000,-0.594705
1666.803000,-0.706202
1666.804000,-0.823872
1666.805000,-0.810316
1666.806000,-0.788687
1666.807000,-0.643305
1666.808000,-0.678438
1666.809000,-0.587286
1666.810000,-0.627968
1666.811000,-0.470928
1666.812000,-0.483279
1666.813000,-0.623138
1666.814000,-0.641837
1666.815000,-0.855386
1666.816000,-0.683909
1666.817000,-0.541489
1666.818000,-0.404382
1666.819000,-0.451962
1666.820000,-0.398330
1666.821000,-0.458036
1666.822000,-0.724805
1666.823000,-0.719299
1666.824000,-0.812754
1666.825000,-0.810101
1666.826000,-1.082744
1666.827000,-0.907401
1666.828000,-0.967531
1666.829000,-1.010228
1666.830000,-0.835685
1666.831000,-0.825883
1666.832000,-0.901207
1666.833000,-0.947913
1666.834000,-0.912615
1666.835000,-0.846275
1666.836000,-0.874897
1666.837000,-0.916990
1666.838000,-0.893705
1666.839000,-0.666338
1666.840000,-0.517501
1666.841000,-0.530877
1666.842000,-0.528641
1666.843000,-0.245232
1666.844000,-0.460664
1666.845000,-0.452980
1666.846000,-0.562443
1666.847000,-0.565774
1666.848000,-0.586651
1666.849000,-0.383605
1666.850000,-0.331305
1666.851000,-0.399267
1666.852000,-0.312262
1666.853000,-0.347933
1666.854000,-0.235678
1666.855000,-0.162920
1666.856000,-0.248401
1666.857000,-0.204926
1666.858000,-0.128974
1666.859000,-0.094403
1666.860000,-0.015168
1666.861000,-0.078515
1666.862000,-0.080234
1666.863000,-0.032919
1666.864000,-0.151416
1666.865000,-0.148648
1666.866000,-0.199110
1666.867000,0.050902
1666.868000,0.199898
1666.869000,0.154025
1666.870000,0.172459
1666.871000,0.278511
1666.872000,0.432800
1666.873000,0.313112
1666.874000,0.262434
1666.875000,0.201567
1666.876000,0.150674
1666.877000,0.165754
1666.878000,0.072884
1666.879000,0.180495
1666.880000,0.172541
1666.881000,0.108600
1666.882000,0.130871
1666.883000,0.194174
1666.884000,0.349616
1666.885000,0.369341
1666.886000,0.465043
1666.887000,0.365814
1666.888000,0.393477
1666.889000,0.465171
1666.890000,0.448307
1666.891000,0.336901
1666.892000,0.439980
1666.893000,0.231705
1666.894000,0.256204
1666.895000,0.263798
1666.896000,0.520336
1666.897000,0.497377
1666.898000,0.409905
1666.899000,0.473183
1666.900000,0.466142
1666.901000,0.549196
1666.902000,0.438143
1666.903000,0.367706
1666.904000,0.518236
1666.905000,0.601379
1666.906000,0.497973
1666.907000,0.453550
1666.908000,0.672957
1666.909000,0.669948
1666.910000,0.734689
1666.911000,0.792659
1666.912000,0.856205
1666.913000,0.830356
1666.914000,0.813401
1666.915000,0.685851
1666.916000,0.751591
1666.917000,0.667777
1666.918000,0.513324
1666.919000,0.494165
1666.920000,0.531334
1666.921000,0.813551
1666.922000,0.734527
1666.923000,0.682250
1666.924000,0.576716
1666.925000,0.806253
1666.926000,0.703568
1666.927000,0.678861
1666.928000,0.635461
1666.929000,0.556978
1666.930000,0.557739
1666.931000,0.617056
1666.932000,0.547786
1666.933000,0.664910
1666.934000,0.531401
1666.935000,0.571001
1666.936000,0.565497
1666.937000,0.524831
1666.938000,0.663916
1666.939000,0.713024
1666.940000,0.798092
1666.941000,0.710458
1666.942000,0.648661
1666.943000,0.493497
1666.944000,0.549487
1666.945000,0.406634
1666.946000,0.248422
1666.947000,0.391932
1666.948000,0.291543
1666.949000,0.422482
1666.950000,0.494799
1666.951000,0.407338
1666.952000,0.168371
1666.953000,0.238497
1666.954000,0.097607
1666.955000,0.249888
1666.956000,0.205860
1666.957000,0.113261
1666.958000,0.043650
1666.959000,0.155676
1666.960000,0.243887
1666.961000,0.170451
1666.962000,0.101134
1666.963000,-0.038788
1666.964000,-0.153974
1666.965000,-0.330287
1666.966000,-0.326956
1666.967000,-0.239211
1666.968000,-0.191235
1666.969000,-0.261024
1666.970000,-0.210291
1666.971000,-0.352063
1666.972000,-0.433735
1666.973000,-0.300594
1666.974000,-0.110594
1666.975000,0.048737
1666.976000,-0.145696
1666.977000,-0.042127
1666.978000,-0.011163
1666.979000,-0.097301
1666.980000,-0.217907
1666.981000,-0.272308
1666.982000,-0.429226
1666.983000,-0.388374
1666.984000,-0.436996
1666.985000,-0.321793
1666.986000,-0.218759
1666.987000,-0.337674
1666.988000,-0.215634
1666.989000,-0.327845
1666.990000,-0.284546
1666.991000,-0.303468
1666.992000,-0.474239
1666.993000,-0.511040
1666.994000,-0.502097
1666.995000,-0.383920
1666.996000,-0.373308
1666.997000,-0.427788
1666.998000,-0.400798
1666.999000,-0.537902
1667.000000,-0.611974
1667.001000,-0.567044
1667.002000,-0.621080
1667.003000,-0.638681
1667.004000,-0.502477
1667.005000,-0.862800
1667.006000,-0.952439
1667.007000,-0.772468
1667.008000,-0.801280
1667.009000,-0.722634
1667.010000,-0.870975
1667.011000,-0.628435
1667.012000,-0.495915
1667.013000,-0.299345
1667.014000,-0.335670
1667.015000,-0.335852
1667.016000,-0.355656
1667.017000,-0.351776
1667.018000,-0.370286
1667.019000,-0.021092
1667.020000,-0.006851
1667.021000,-0.036592
1667.022000,0.044190
1667.023000,0.062088
1667.024000,0.325384
1667.025000,0.380635
1667.026000,0.296787
1667.027000,0.356781
1667.028000,0.219503
1667.029000,0.378394
1667.030000,0.208907
1667.031000,0.178647
1667.032000,0.272596
1667.033000,0.300315
1667.034000,0.296463
1667.035000,0.367773
1667.036000,0.441019
1667.037000,0.298313
1667.038000,0.326741
1667.039000,0.419540
1667.040000,0.549364
1667.041000,0.459419
1667.042000,0.327156
1667.043000,0.356595
1667.044000,0.445506
1667.045000,0.364063
1667.046000,0.265690
1667.047000,0.175357
1667.048000,0.174702
1667.049000,0.287791
1667.050000,0.158504
1667.051000,0.116900
1667.052000,0.292737
1667.053000,0.095108
1667.054000,0.288740
1667.055000,0.446909
1667.056000,0.507509
1667.057000,0.586858
1667.058000,0.480376
1667.059000,0.369132
1667.060000,0.455374
1667.061000,0.411793
1667.062000,0.383854
1667.063000,0.399927
1667.064000,0.446327
1667.065000,0.248159
1667.066000,0.125864
1667.067000,0.020047
1667.068000,0.055327
1667.069000,0.167900
1667.070000,0.148738
1667.071000,0.073842
1667.072000,0.135360
1667.073000,0.318969
1667.074000,0.371460
1667.075000,0.440875
1667.076000,0.392702
1667.077000,0.358285
1667.078000,0.222856
1667.079000,0.162563
1667.080000,0.296715
1667.081000,0.137959
1667.082000,0.247430
1667.083000,0.312821
1667.084000,0.031434
1667.085000,0.115992
1667.086000,0.115611
1667.087000,0.185148
1667.088000,0.183876
1667.089000,0.159441
1667.090000,0.227350
1667.091000,-0.051442
1667.092000,-0.072749
1667.093000,-0.086004
1667.094000,-0.075383
1667.095000,-0.214826
1667.096000,-0.152596
1667.097000,-0.376390
1667.098000,-0.074084
1667.099000,-0.122418
1667.100000,0.094720
1667.101000,0.207706
1667.102000,0.229204
1667.103000,0.330445
1667.104000,0.412123
1667.105000,0.454578
1667.106000,0.622985
1667.107000,0.705112
1667.108000,0.872714
1667.109000,0.771811
1667.110000,0.792447
1667.111000,0.592149
1667.112000,0.583684
1667.113000,0.485762
1667.114000,0.396987
1667.115000,0.428128
1667.116000,0.545168
1667.117000,0.541563
1667.118000,0.351435
1667.119000,0.344621
1667.120000,0.203113
1667.121000,0.078425
1667.122000,0.120464
1667.123000,0.136141
1667.124000,0.242744
1667.125000,0.255509
1667.126000,0.132770
1667.127000,-0.001894
1667.128000,-0.124644
1667.129000,-0.226121
1667.130000,-0.261943
1667.131000,-0.232453
1667.132000,-0.252454
1667.133000,-0.127312
1667.134000,-0.145368
1667.135000,-0.032532
1667.136000,0.264329
1667.137000,0.187350
1667.138000,0.111353
1667.139000,0.028186
1667.140000,0.001704
1667.141000,0.043420
1667.142000,0.108405
1667.143000,0.231408
1667.144000,0.096011
1667.145000,0.143357
1667.146000,0.187195
1667.147000,0.085463
1667.148000,-0.167484
1667.149000,-0.115011
1667.150000,-0.280338
1667.151000,-0.320107
1667.152000,-0.313323
1667.153000,-0.258215
1667.154000,-0.280356
1667.155000,-0.298764
1667.156000,-0.197500
1667.157000,-0.103204
1667.158000,-0.149491
1667.159000,-0.129299
1667.160000,-0.145846
1667.161000,-0.165329
1667.162000,-0.149441
1667.163000,-0.039075
1667.164000,-0.052938
1667.165000,-0.145618
1667.166000,-0.170982
1667.167000,-0.217955
1667.168000,-0.044379
1667.169000,-0.110326
1667.170000,-0.245252
1667.171000,-0.431488
1667.172000,-0.525004
1667.173000,-0.471043
1667.174000,-0.556067
1667.175000,-0.399289
1667.176000,-0.528902
1667.177000,-0.468794
1667.178000,-0.481852
1667.179000,-0.580368
1667.180000,-0.527631
1667.181000,-0.525471
1667.182000,-0.547599
1667.183000,-0.587179
1667.184000,-0.652219
1667.185000,-0.652006
1667.186000,-0.633294
1667.187000,-0.507069
1667.188000,-0.513591
1667.189000,-0.565692
1667.190000,-0.489117
1667.191000,-0.539643
1667.192000,-0.469074
1667.193000,-0.464796
1667.194000,-0.260190
1667.195000,-0.193364
1667.196000,-0.158613
1667.197000,-0.091869
1667.198000,-0.072924
1667.199000,0.104501
1667.200000,0.089220
1667.201000,0.220139
1667.202000,0.251817
1667.203000,0.455420
1667.204000,0.402512
1667.205000,0.243055
1667.206000,0.350206
1667.207000,0.216048
1667.208000,0.289070
1667.209000,0.270451
1667.210000,0.387650
1667.211000,0.236832
1667.212000,0.170519
1667.213000,0.183303
1667.214000,0.186928
1667.215000,0.104070
1667.216000,-0.065809
1667.217000,-0.082255
1667.218000,-0.013850
1667.219000,-0.057960
1667.220000,-0.192004
1667.221000,-0.311183
1667.222000,-0.350122
1667.223000,-0.239787
1667.224000,-0.316048
1667.225000,-0.446494
1667.226000,-0.366091
1667.227000,-0.254602
1667.228000,-0.150490
1667.229000,-0.186141
1667.230000,-0.240528
1667.231000,-0.328618
1667.232000,-0.297586
1667.233000,-0.173088
1667.234000,-0.078219
1667.235000,-0.043955
1667.236000,0.090085
1667.237000,0.095548
1667.238000,0.230415
1667.239000,0.153382
1667.240000,0.287604
1667.241000,0.269558
1667.242000,0.212479
1667.243000,0.189694
1667.244000,-0.084765
1667.245000,-0.248838
1667.246000,-0.135937
1667.247000,-0.149610
1667.248000,-0.049829
1667.249000,-0.045612
1667.250000,-0.165621
1667.251000,-0.124477
1667.252000,-0.145523
1667.253000,-0.170454
1667.254000,-0.053088
1667.255000,-0.201392
1667.256000,-0.207743
1667.257000,-0.127321
1667.258000,0.040895
1667.259000,-0.031476
1667.260000,0.030959
1667.261000,0.073959
1667.262000,-0.049027
1667.263000,0.046871
1667.264000,-0.001478
1667.265000,0.032070
1667.266000,0.095436
1667.267000,0.024558
1667.268000,0.114158
1667.269000,0.294773
1667.270000,0.330324
1667.271000,0.412323
1667.272000,0.331223
1667.273000,0.325027
1667.274000,0.276789
1667.275000,0.228923
1667.276000,0.350704
1667.277000,0.281414
1667.278000,0.400160
1667.279000,0.402801
1667.280000,0.449553
1667.281000,0.420376
1667.282000,0.483298
1667.283000,0.539615
1667.284000,0.630446
1667.285000,0.784510
1667.286000,0.849372
1667.287000,0.828253
1667.288000,0.741324
1667.289000,0.627588
1667.290000,0.640629
1667.291000,0.487678
1667.292000,0.569992
1667.293000,0.710115
1667.294000,0.473351
1667.295000,0.481034
1667.296000,0.390747
1667.297000,0.439805
1667.298000,0.482698
1667.299000,0.364786
1667.300000,0.383684
1667.301000,0.543149
1667.302000,0.565727
1667.303000,0.522878
1667.304000,0.490804
1667.305000,0.488348
1667.306000,0.576407
1667.307000,0.591313
1667.308000,0.624371
1667.309000,0.728741
1667.310000,0.567911
1667.311000,0.503295
1667.312000,0.554032
1667.313000,0.719970
1667.314000,0.643161
1667.315000,0.480434
1667.316000,0.494314
1667.317000,0.445003
1667.318000,0.503559
1667.319000,0.454820
1667.320000,0.572936
1667.321000,0.770445
1667.322000,0.704455
1667.323000,0.840318
1667.324000,0.989302
1667.325000,1.005651
1667.326000,0.891107
1667.327000,0.778478
1667.328000,0.648855
1667.329000,0.791826
1667.330000,0.822059
1667.331000,0.966817
1667.332000,0.962665
1667.333000,0.923849
1667.334000,0.833137
1667.335000,0.797458
1667.336000,0.652633
1667.337000,0.451503
1667.338000,0.482122
1667.339000,0.367085
1667.340000,0.286879
1667.341000,0.364626
1667.342000,0.406145
1667.343000,0.569182
1667.344000,0.477540
1667.345000,0.438203
1667.346000,0.509555
1667.347000,0.432360
1667.348000,0.374919
1667.349000,0.413561
1667.350000,0.450274
1667.351000,0.333307
1667.352000,0.207109
1667.353000,-0.019628
1667.354000,0.098926
1667.355000,0.262062
1667.356000,0.178832
1667.357000,0.191234
1667.358000,0.089987
1667.359000,0.183160
1667.360000,0.192204
1667.361000,0.042513
1667.362000,0.016284
1667.363000,-0.116241
1667.364000,-0.144682
1667.365000,-0.153023
1667.366000,-0.094305
1667.367000,0.047051
1667.368000,-0.015633
1667.369000,-0.023130
1667.370000,-0.090570
1667.371000,0.072211
1667.372000,0.026305
1667.373000,-0.122254
1667.374000,-0.059524
1667.375000,-0.116600
1667.376000,-0.207932
1667.377000,-0.140831
1667.378000,-0.327744
1667.379000,-0.281722
1667.380000,-0.346326
1667.381000,-0.274816
1667.382000,-0.351677
1667.383000,-0.391069
1667.384000,-0.299106
1667.385000,-0.302019
1667.386000,-0.350744
1667.387000,-0.365036
1667.388000,-0.406620
1667.389000,-0.416207
1667.390000,-0.282029
1667.391000,-0.187278
1667.392000,-0.154231
1667.393000,-0.063208
1667.394000,-0.025171
1667.395000,-0.054315
1667.396000,-0.061822
1667.397000,0.035414
1667.398000,-0.097198
1667.399000,-0.263144
1667.400000,-0.415999
1667.401000,-0.408577
1667.402000,-0.269973
1667.403000,-0.345326
1667.404000,-0.530607
1667.405000,-0.440166
1667.406000,-0.346735
1667.407000,-0.383534
1667.408000,-0.315260
1667.409000,-0.222781
1667.410000,-0.289817
1667.411000,-0.409385
1667.412000,-0.585164
1667.413000,-0.615168
1667.414000,-0.860717
1667.415000,-0.798840
1667.416000,-0.905369
1667.417000,-0.978804
1667.418000,-1.096711
1667.419000,-1.102134
1667.420000,-1.060059
1667.421000,-1.133624
1667.422000,-1.027618
1667.423000,-1.065198
1667.424000,-0.910936
1667.425000,-0.940185
1667.426000,-1.025965
1667.427000,-1.002787
1667.428000,-1.001865
1667.429000,-0.992058
1667.430000,-1.117474
1667.431000,-1.133588
1667.432000,-1.149941
1667.433000,-1.081450
1667.434000,-0.951099
1667.435000,-1.017790
1667.436000,-0.921217
1667.437000,-0.784730
1667.438000,-0.624889
1667.439000,-0.493236
1667.440000,-0.503909
1667.441000,-0.573456
1667.442000,-0.614872
1667.443000,-0.643185
1667.444000,-0.742595
1667.445000,-0.686640
1667.446000,-0.584685
1667.447000,-0.711493
1667.448000,-0.608131
1667.449000,-0.757129
1667.450000,-0.583522
1667.451000,-0.442531
1667.452000,-0.369323
1667.453000,-0.353085
1667.454000,-0.417248
1667.455000,-0.320347
1667.456000,-0.217230
1667.457000,-0.250944
1667.458000,-0.175843
1667.459000,-0.107720
1667.460000,0.016216
1667.461000,-0.082323
1667.462000,-0.100488
1667.463000,-0.223560
1667.464000,-0.224772
1667.465000,-0.192824
1667.466000,-0.037376
1667.467000,-0.091223
1667.468000,-0.112083
1667.469000,-0.049318
1667.470000,-0.023826
1667.471000,-0.134146
1667.472000,-0.126381
1667.473000,-0.036049
1667.474000,0.047439
1667.475000,0.256307
1667.476000,0.306351
1667.477000,0.397466
1667.478000,0.509761
1667.479000,0.606357
1667.480000,0.589261
1667.481000,0.485459
1667.482000,0.473280
1667.483000,0.406061
1667.484000,0.325804
1667.485000,0.335797
1667.486000,0.268199
1667.487000,0.235943
1667.488000,0.173165
1667.489000,0.200289
1667.490000,0.155797
1667.491000,0.101108
1667.492000,-0.073111
1667.493000,-0.188802
1667.494000,-0.214934
1667.495000,-0.228821
1667.496000,-0.012020
1667.497000,-0.077157
1667.498000,-0.236548
1667.499000,-0.147080
1667.500000,-0.138037
1667.501000,0.006386
1667.502000,0.124748
1667.503000,0.041772
1667.504000,-0.005293
1667.505000,0.023052
1667.506000,-0.034173
1667.507000,-0.165142
1667.508000,-0.376992
1667.509000,-0.322405
1667.510000,-0.229620
1667.511000,-0.042342
1667.512000,0.038933
1667.513000,-0.006136
1667.514000,-0.033359
1667.515000,0.010178
1667.516000,0.281884
1667.517000,0.208050
1667.518000,0.048371
1667.519000,-0.033618
1667.520000,0.144010
1667.521000,0.256678
1667.522000,0.170712
1667.523000,0.055044
1667.524000,-0.097076
1667.525000,0.099441
1667.526000,-0.038382
1667.527000,0.082795
1667.528000,0.137479
1667.529000,0.118761
1667.530000,0.034246
1667.531000,0.028792
1667.532000,0.125676
1667.533000,0.203822
1667.534000,0.125040
1667.535000,0.009210
1667.536000,-0.061557
1667.537000,-0.035800
1667.538000,0.099228
1667.539000,0.041363
1667.540000,0.019282
1667.541000,-0.203539
1667.542000,-0.324538
1667.543000,-0.282646
1667.544000,-0.396559
1667.545000,-0.422928
1667.546000,-0.408724
1667.547000,-0.491070
1667.548000,-0.479290
1667.549000,-0.472863
1667.550000,-0.551506
1667.551000,-0.377163
1667.552000,-0.344883
1667.553000,-0.399138
1667.554000,-0.317390
1667.555000,-0.331428
1667.556000,-0.384972
1667.557000,-0.387229
1667.558000,-0.377269
1667.559000,-0.263534
1667.560000,-0.317837
1667.561000,-0.445549
1667.562000,-0.579632
1667.563000,-0.430338
1667.564000,-0.444445
1667.565000,-0.525520
1667.566000,-0.335590
1667.567000,-0.306426
1667.568000,-0.289965
1667.569000,-0.149004
1667.570000,-0.076465
1667.571000,-0.087100
1667.572000,-0.151830
1667.573000,-0.186126
1667.574000,-0.340066
1667.575000,-0.323614
1667.576000,-0.063969
1667.577000,0.168694
1667.578000,0.229967
1667.579000,0.272097
1667.580000,0.305078
1667.581000,0.378784
1667.582000,0.264315
1667.583000,0.216553
1667.584000,0.104445
1667.585000,0.192926
1667.586000,0.186399
1667.587000,0.282701
1667.588000,0.429949
1667.589000,0.373596
1667.590000,0.537285
1667.591000,0.494117
1667.592000,0.521475
1667.593000,0.443425
1667.594000,0.446391
1667.595000,0.489007
1667.596000,0.464086
1667.597000,0.529663
1667.598000,0.457077
1667.599000,0.584822
1667.600000,0.492528
1667.601000,0.550987
1667.602000,0.791330
1667.603000,0.792100
1667.604000,0.701424
1667.605000,0.691311
1667.606000,0.825143
1667.607000,0.874423
1667.608000,0.989549
1667.609000,0.921513
1667.610000,0.841668
1667.611000,0.555392
1667.612000,0.570831
1667.613000,0.615008
1667.614000,0.597390
1667.615000,0.417552
1667.616000,0.349090
1667.617000,0.126156
1667.618000,0.026366
1667.619000,-0.073562
1667.620000,0.016588
1667.621000,-0.072084
1667.622000,-0.103473
1667.623000,-0.229462
1667.624000,-0.165464
1667.625000,-0.117351
1667.626000,-0.094451
1667.627000,-0.089328
1667.628000,0.077001
1667.629000,-0.014979
1667.630000,0.037214
1667.631000,0.148851
1667.632000,-0.012982
1667.633000,0.015226
1667.634000,-0.047803
1667.635000,-0.035521
1667.636000,0.025771
1667.637000,0.035980
1667.638000,-0.140949
1667.639000,-0.095150
1667.640000,0.015156
1667.641000,0.121745
1667.642000,0.159988
1667.643000,-0.120894
1667.644000,-0.280529
1667.645000,-0.209628
1667.646000,-0.338281
1667.647000,-0.424616
1667.648000,-0.370019
1667.649000,-0.416513
1667.650000,-0.406691
1667.651000,-0.443903
1667.652000,-0.601569
1667.653000,-0.621026
1667.654000,-0.592140
1667.655000,-0.524892
1667.656000,-0.545078
1667.657000,-0.565002
1667.658000,-0.575811
1667.659000,-0.468628
1667.660000,-0.319820
1667.661000,-0.206584
1667.662000,-0.173283
1667.663000,-0.250537
1667.664000,-0.181988
1667.665000,-0.195587
1667.666000,-0.160279
1667.667000,-0.066247
1667.668000,-0.029191
1667.669000,-0.161022
1667.670000,0.000451
1667.671000,-0.117802
1667.672000,-0.191308
1667.673000,-0.142540
1667.674000,0.003503
1667.675000,0.120132
1667.676000,0.163349
1667.677000,0.258362
1667.678000,0.139795
1667.679000,0.144144
1667.680000,0.083309
1667.681000,0.171823
1667.682000,0.093443
1667.683000,0.104407
1667.684000,0.121240
1667.685000,0.104618
1667.686000,0.157828
1667.687000,0.263558
1667.688000,0.161597
1667.689000,0.025230
1667.690000,-0.207739
1667.691000,0.055752
1667.692000,0.229585
1667.693000,0.270649
1667.694000,0.386880
1667.695000,0.344387
1667.696000,0.274622
1667.697000,0.220407
1667.698000,0.197998
1667.699000,0.184876
1667.700000,0.325129
1667.701000,0.489779
1667.702000,0.514587
1667.703000,0.368543
1667.704000,0.381705
1667.705000,0.288421
1667.706000,0.173761
1667.707000,0.015965
1667.708000,0.057421
1667.709000,0.177585
1667.710000,0.172493
1667.711000,0.158758
1667.712000,0.091978
1667.713000,0.081519
1667.714000,0.062734
1667.715000,0.188563
1667.716000,0.237251
1667.717000,0.119538
1667.718000,0.174653
1667.719000,0.195669
1667.720000,0.222082
1667.721000,0.221521
1667.722000,0.347736
1667.723000,0.439102
1667.724000,0.436653
1667.725000,0.344177
1667.726000,0.256721
1667.727000,0.378762
1667.728000,0.356788
1667.729000,0.295170
1667.730000,0.210570
1667.731000,0.313503
1667.732000,0.293213
1667.733000,0.430786
1667.734000,0.317162
1667.735000,0.333552
1667.736000,0.299961
1667.737000,0.262387
1667.738000,0.312237
1667.739000,0.314290
1667.740000,0.284663
1667.741000,0.411814
1667.742000,0.364688
1667.743000,0.376435
1667.744000,0.224959
1667.745000,0.221226
1667.746000,0.184506
1667.747000,0.383971
1667.748000,0.385783
1667.749000,0.432869
1667.750000,0.350741
1667.751000,0.392311
1667.752000,0.393787
1667.753000,0.520638
1667.754000,0.572823
1667.755000,0.614626
1667.756000,0.519450
1667.757000,0.620540
1667.758000,0.696351
1667.759000,0.558793
1667.760000,0.679506
1667.761000,0.632544
1667.762000,0.630338
1667.763000,0.639033
1667.764000,0.606652
1667.765000,0.670450
1667.766000,0.666613
1667.767000,0.704862
1667.768000,0.728341
1667.769000,0.730963
1667.770000,0.714375
1667.771000,0.841128
1667.772000,0.910503
1667.773000,0.966798
1667.774000,0.977450
1667.775000,0.996735
1667.776000,1.078101
1667.777000,1.213766
1667.778000,1.157051
1667.779000,1.277513
1667.780000,1.300221
1667.781000,1.287064
1667.782000,1.343434
1667.783000,1.175755
1667.784000,1.110383
1667.785000,0.950787
1667.786000,0.778487
1667.787000,0.823061
1667.788000,0.835177
1667.789000,0.770693
1667.790000,0.797424
1667.791000,0.820383
1667.792000,0.821417
1667.793000,0.760557
1667.794000,0.826217
1667.795000,0.780759
1667.796000,0.622541
1667.797000,0.535714
1667.798000,0.696669
1667.799000,0.736874
1667.800000,0.708782
1667.801000,0.700826
1667.802000,0.533595
1667.803000,0.365524
1667.804000,0.461652
1667.805000,0.477284
1667.806000,0.472332
1667.807000,0.371079
1667.808000,0.231340
1667.809000,0.217916
1667.810000,0.185334
1667.811000,0.060091
1667.812000,-0.084207
1667.813000,-0.115437
1667.814000,-0.251379
1667.815000,-0.442518
1667.816000,-0.337335
1667.817000,-0.463707
1667.818000,-0.462360
1667.819000,-0.499306
1667.820000,-0.431605
1667.821000,-0.658169
1667.822000,-0.641816
1667.823000,-0.548221
1667.824000,-0.478785
1667.825000,-0.406714
1667.826000,-0.536581
1667.827000,-0.727993
1667.828000,-0.670422
1667.829000,-0.593970
1667.830000,-0.658818
1667.831000,-0.758112
1667.832000,-0.822004
1667.833000,-0.836478
1667.834000,-0.770118
1667.835000,-0.627926
1667.836000,-0.762078
1667.837000,-0.802018
1667.838000,-0.981948
1667.839000,-0.949308
1667.840000,-0.949105
1667.841000,-0.796432
1667.842000,-0.843702
1667.843000,-0.921242
1667.844000,-0.844495
1667.845000,-0.923363
1667.846000,-1.031528
1667.847000,-0.964541
1667.848000,-1.054156
1667.849000,-0.951765
1667.850000,-1.096106
1667.851000,-1.034568
1667.852000,-0.934921
1667.853000,-1.000258
1667.854000,-0.951063
1667.855000,-0.947710
1667.856000,-1.036863
1667.857000,-1.063713
1667.858000,-1.159337
1667.859000,-1.006360
1667.860000,-0.917641
1667.861000,-0.880447
1667.862000,-0.755911
1667.863000,-0.813497
1667.864000,-0.889526
1667.865000,-0.901297
1667.866000,-0.837987
1667.867000,-0.710726
1667.868000,-0.564524
1667.869000,-0.682314
1667.870000,-0.614791
1667.871000,-0.516613
1667.872000,-0.490836
1667.873000,-0.330147
1667.874000,-0.257920
1667.875000,-0.249743
1667.876000,-0.279629
1667.877000,-0.170664
1667.878000,-0.091191
1667.879000,-0.174806
1667.880000,-0.230164
1667.881000,-0.133746
1667.882000,-0.079406
1667.883000,-0.121818
1667.884000,-0.165859
1667.885000,-0.170119
1667.886000,-0.174144
1667.887000,-0.251605
1667.888000,-0.344256
1667.889000,-0.355402
1667.890000,-0.467575
1667.891000,-0.161434
1667.892000,0.004086
1667.893000,-0.335260
1667.894000,-0.250556
1667.895000,-0.343926
1667.896000,-0.431680
1667.897000,-0.535058
1667.898000,-0.627528
1667.899000,-0.706726
1667.900000,-0.706634
1667.901000,-0.698297
1667.902000,-0.741659
1667.903000,-0.460980
1667.904000,-0.361436
1667.905000,-0.243793
1667.906000,-0.084294
1667.907000,-0.128573
1667.908000,-0.143678
1667.909000,-0.172140
1667.910000,-0.121768
1667.911000,-0.047452
1667.912000,-0.110049
1667.913000,-0.208555
1667.914000,-0.187039
1667.915000,-0.217576
1667.916000,-0.362127
1667.917000,-0.357038
1667.918000,-0.411900
1667.919000,-0.512744
1667.920000,-0.507027
1667.921000,-0.428444
1667.922000,-0.442977
1667.923000,-0.625455
1667.924000,-0.630909
1667.925000,-0.650365
1667.926000,-0.494864
1667.927000,-0.300794
1667.928000,-0.518181
1667.929000,-0.313962
1667.930000,-0.466827
1667.931000,-0.458975
1667.932000,-0.615207
1667.933000,-0.563840
1667.934000,-0.584610
1667.935000,-0.556437
1667.936000,-0.642249
1667.937000,-0.462288
1667.938000,-0.437324
1667.939000,-0.230399
1667.940000,-0.099970
1667.941000,-0.050278
1667.942000,-0.062192
1667.943000,-0.161847
1667.944000,-0.172084
1667.945000,-0.108526
1667.946000,-0.124486
1667.947000,-0.145365
1667.948000,-0.006203
1667.949000,0.141432
1667.950000,0.361626
1667.951000,0.270574
1667.952000,0.181543
1667.953000,0.269945
1667.954000,0.139453
1667.955000,0.276873
1667.956000,0.332076
1667.957000,0.360260
1667.958000,0.556261
1667.959000,0.743961
1667.960000,0.597279
1667.961000,0.862125
1667.962000,0.959306
1667.963000,0.840077
1667.964000,0.732369
1667.965000,0.538789
1667.966000,0.470626
1667.967000,0.381739
1667.968000,0.245999
1667.969000,0.282744
1667.970000,0.238868
1667.971000,0.373465
1667.972000,0.234016
1667.973000,0.198350
1667.974000,0.089185
1667.975000,0.161716
1667.976000,-0.034328
1667.977000,-0.067973
1667.978000,0.000834
1667.979000,0.071461
1667.980000,0.297611
1667.981000,0.271869
1667.982000,0.551960
1667.983000,0.532824
1667.984000,0.457256
1667.985000,0.484052
1667.986000,0.372052
1667.987000,0.320096
1667.988000,0.144324
1667.989000,0.034626
1667.990000,-0.062296
1667.991000,0.014799
1667.992000,0.010817
1667.993000,-0.047774
1667.994000,-0.014940
1667.995000,-0.246294
1667.996000,-0.233637
1667.997000,-0.224649
1667.998000,-0.208975
1667.999000,-0.216687
1668.000000,-0.173899
1668.001000,-0.149130
1668.002000,-0.185483
1668.003000,-0.082203
1668.004000,-0.075150
1668.005000,-0.197430
1668.006000,-0.342059
1668.007000,-0.538834
1668.008000,-0.371326
1668.009000,-0.324391
1668.010000,-0.390733
1668.011000,-0.444843
1668.012000,-0.532029
1668.013000,-0.682745
1668.014000,-0.618255
1668.015000,-0.478896
1668.016000,-0.358526
1668.017000,-0.342030
1668.018000,-0.348949
1668.019000,-0.404860
1668.020000,-0.432260
1668.021000,-0.447250
1668.022000,-0.644893
1668.023000,-0.581274
1668.024000,-0.536174
1668.025000,-0.638517
1668.026000,-0.637150
1668.027000,-0.715319
1668.028000,-0.782443
1668.029000,-0.882838
1668.030000,-0.847107
1668.031000,-0.840488
1668.032000,-0.813961
1668.033000,-0.691625
1668.034000,-0.622106
1668.035000,-0.705917
1668.036000,-0.410310
1668.037000,-0.283443
1668.038000,-0.131256
1668.039000,-0.062370
1668.040000,-0.108962
1668.041000,0.051855
1668.042000,0.062063
1668.043000,-0.110356
1668.044000,-0.141912
1668.045000,-0.001718
1668.046000,0.067227
1668.047000,0.123041
1668.048000,0.018561
1668.049000,0.116023
1668.050000,0.213691
1668.051000,0.390467
1668.052000,0.359915
1668.053000,0.425806
1668.054000,0.394053
1668.055000,0.509876
1668.056000,0.530564
1668.057000,0.472028
1668.058000,0.426526
1668.059000,0.415724
1668.060000,0.277652
1668.061000,0.325185
1668.062000,0.373443
1668.063000,0.306414
1668.064000,0.274450
1668.065000,0.188908
1668.066000,0.131258
1668.067000,0.193601
1668.068000,0.208448
1668.069000,0.273879
1668.070000,0.475650
1668.071000,0.600723
1668.072000,0.591132
1668.073000,0.500367
1668.074000,0.543111
1668.075000,0.430045
1668.076000,0.522161
1668.077000,0.537587
1668.078000,0.662949
1668.079000,0.713414
1668.080000,0.668685
1668.081000,0.651461
1668.082000,0.648170
1668.083000,0.659029
1668.084000,0.722560
1668.085000,0.754680
1668.086000,0.752293
1668.087000,0.733249
1668.088000,0.699980
1668.089000,0.656954
1668.090000,0.463055
1668.091000,0.446700
1668.092000,0.455399
1668.093000,0.327850
1668.094000,0.346316
1668.095000,0.254670
1668.096000,0.337455
1668.097000,0.286062
1668.098000,0.294010
1668.099000,0.132965
1668.100000,-0.055858
1668.101000,-0.089499
1668.102000,0.010267
1668.103000,0.038328
1668.104000,-0.134570
1668.105000,-0.196222
1668.106000,-0.230190
1668.107000,-0.234196
1668.108000,-0.242814
1668.109000,-0.369949
1668.110000,-0.371357
1668.111000,-0.420782
1668.112000,-0.344302
1668.113000,-0.380585
1668.114000,-0.321492
1668.115000,-0.515869
1668.116000,-0.439642
1668.117000,-0.542663
1668.118000,-0.397870
1668.119000,-0.536026
1668.120000,-0.533293
1668.121000,-0.510276
1668.122000,-0.480330
1668.123000,-0.545852
1668.124000,-0.542745
1668.125000,-0.579479
1668.126000,-0.486621
1668.127000,-0.603914
1668.128000,-0.561074
1668.129000,-0.599947
1668.130000,-0.409733
1668.131000,-0.428292
1668.132000,-0.255062
1668.133000,-0.294963
1668.134000,-0.377701
1668.135000,-0.455081
1668.136000,-0.354014
1668.137000,-0.306742
1668.138000,-0.419882
1668.139000,-0.574013
1668.140000,-0.614550
1668.141000,-0.604277
1668.142000,-0.639772
1668.143000,-0.698506
1668.144000,-0.680068
1668.145000,-0.639682
1668.146000,-0.447925
1668.147000,-0.238092
1668.148000,-0.032072
1668.149000,0.036869
1668.150000,0.091817
1668.151000,0.129632
1668.152000,0.224531
1668.153000,0.210857
1668.154000,0.238640
1668.155000,0.322035
1668.156000,0.335405
1668.157000,0.281176
1668.158000,0.335114
1668.159000,0.290927
1668.160000,0.377937
1668.161000,0.482804
1668.162000,0.584294
1668.163000,0.681979
1668.164000,0.660317
1668.165000,0.867052
1668.166000,0.852958
1668.167000,0.886235
1668.168000,0.842846
1668.169000,0.849421
1668.170000,0.930084
1668.171000,0.933900
1668.172000,1.068213
1668.173000,1.222438
1668.174000,1.156453
1668.175000,1.074120
1668.176000,1.071506
1668.177000,1.086742
1668.178000,1.063707
1668.179000,1.122494
1668.180000,1.080589
1668.181000,0.896879
1668.182000,0.918014
1668.183000,0.803637
1668.184000,0.866352
1668.185000,0.898584
1668.186000,0.838946
1668.187000,0.737978
1668.188000,0.731784
1668.189000,0.681024
1668.190000,0.676865
1668.191000,0.639058
1668.192000,0.419761
1668.193000,0.560687
1668.194000,0.638580
1668.195000,0.636641
1668.196000,0.550350
1668.197000,0.629445
1668.198000,0.622367
1668.199000,0.693640
1668.200000,0.833464
1668.201000,0.855589
1668.202000,0.840246
1668.203000,0.714851
1668.204000,0.686714
1668.205000,0.603619
1668.206000,0.541251
1668.207000,0.504513
1668.208000,0.543199
1668.209000,0.547118
1668.210000,0.460856
1668.211000,0.352962
1668.212000,0.397710
1668.213000,0.403519
1668.214000,0.246937
1668.215000,0.337838
1668.216000,0.387358
1668.217000,0.143009
1668.218000,0.166874
1668.219000,0.105698
1668.220000,0.073537
1668.221000,0.270244
1668.222000,0.250945
1668.223000,0.078652
1668.224000,0.194400
1668.225000,0.144124
1668.226000,0.036358
1668.227000,0.017073
1668.228000,-0.142702
1668.229000,0.115101
1668.230000,0.079870
1668.231000,-0.008342
1668.232000,0.141493
1668.233000,0.215410
1668.234000,0.085966
1668.235000,0.029800
1668.236000,-0.089165
1668.237000,-0.045544
1668.238000,-0.005052
1668.239000,0.016211
1668.240000,0.021436
1668.241000,-0.131316
1668.242000,-0.171544
1668.243000,-0.182372
1668.244000,-0.196803
1668.245000,-0.050690
1668.246000,-0.083705
1668.247000,-0.151897
1668.248000,-0.266063
1668.249000,-0.368016
1668.250000,-0.337593
1668.251000,-0.400242
1668.252000,-0.297922
1668.253000,-0.377025
1668.254000,-0.364535
1668.255000,-0.293248
1668.256000,-0.414250
1668.257000,-0.468598
1668.258000,-0.501606
1668.259000,-0.488568
1668.260000,-0.558313
1668.261000,-0.603907
1668.262000,-0.471424
1668.263000,-0.593980
1668.264000,-0.531237
1668.265000,-0.599090
1668.266000,-0.497546
1668.267000,-0.359987
1668.268000,-0.345629
1668.269000,-0.326284
1668.270000,-0.112890
1668.271000,-0.085956
1668.272000,-0.183941
1668.273000,-0.054251
1668.274000,-0.259523
1668.275000,-0.403279
1668.276000,-0.312402
1668.277000,-0.516600
1668.278000,-0.463932
1668.279000,-0.694293
1668.280000,-0.574828
1668.281000,-0.565947
1668.282000,-0.605104
1668.283000,-0.584806
1668.284000,-0.560366
1668.285000,-0.456361
1668.286000,-0.354681
1668.287000,-0.429584
1668.288000,-0.500872
1668.289000,-0.523602
1668.290000,-0.334025
1668.291000,-0.361331
1668.292000,-0.354878
1668.293000,-0.298608
1668.294000,-0.294003
1668.295000,-0.280015
1668.296000,-0.179209
1668.297000,-0.242255
1668.298000,-0.074491
1668.299000,0.081048
1668.300000,0.076731
1668.301000,0.026130
1668.302000,-0.040816
1668.303000,-0.189699
1668.304000,-0.363917
1668.305000,-0.497066
1668.306000,-0.456409
1668.307000,-0.508419
1668.308000,-0.453290
1668.309000,-0.412885
1668.310000,-0.408072
1668.311000,-0.312270
1668.312000,-0.345296
1668.313000,-0.468503
1668.314000,-0.293494
1668.315000,-0.302315
1668.316000,-0.333180
1668.317000,-0.331886
1668.318000,-0.361147
1668.319000,-0.252641
1668.320000,-0.091156
1668.321000,-0.229738
1668.322000,-0.152627
1668.323000,-0.063361
1668.324000,0.023700
1668.325000,0.172113
1668.326000,-0.031448
1668.327000,-0.336264
1668.328000,-0.325514
1668.329000,-0.251165
1668.330000,-0.183737
1668.331000,-0.206440
1668.332000,-0.174123
1668.333000,-0.323729
1668.334000,-0.337413
1668.335000,-0.513330
1668.336000,-0.475346
1668.337000,-0.421069
1668.338000,-0.416414
1668.339000,-0.560303
1668.340000,-0.527467
1668.341000,-0.709961
1668.342000,-0.641937
1668.343000,-0.711803
1668.344000,-0.764850
1668.345000,-0.730180
1668.346000,-0.817077
1668.347000,-0.760218
1668.348000,-0.912410
1668.349000,-0.844916
1668.350000,-0.730612
1668.351000,-0.629540
1668.352000,-0.575660
1668.353000,-0.502603
1668.354000,-0.489749
1668.355000,-0.487031
1668.356000,-0.423756
1668.357000,-0.257769
1668.358000,0.018001
1668.359000,-0.027751
1668.360000,0.033946
1668.361000,-0.004106
1668.362000,0.116599
1668.363000,0.041715
1668.364000,-0.015427
1668.365000,-0.147413
1668.366000,-0.305883
1668.367000,-0.073787
1668.368000,0.090433
1668.369000,-0.045482
1668.370000,-0.169615
1668.371000,-0.233608
1668.372000,-0.158724
1668.373000,-0.032708
1668.374000,-0.185690
1668.375000,-0.030916
1668.376000,0.030782
1668.377000,0.124245
1668.378000,0.197421
1668.379000,0.244155
1668.380000,0.361293
1668.381000,0.277350
1668.382000,0.217248
1668.383000,0.042758
1668.384000,0.265881
1668.385000,0.372215
1668.386000,0.411790
1668.387000,0.488566
1668.388000,0.425280
1668.389000,0.372916
1668.390000,0.393895
1668.391000,0.348707
1668.392000,0.370959
1668.393000,0.406689
1668.394000,0.398309
1668.395000,0.385037
1668.396000,0.386230
1668.397000,0.348415
1668.398000,0.234674
1668.399000,0.417394
1668.400000,0.563375
1668.401000,0.952408
1668.402000,1.006609
1668.403000,1.052357
1668.404000,1.133668
1668.405000,1.238567
1668.406000,1.214689
1668.407000,1.105684
1668.408000,1.098524
1668.409000,0.942321
1668.410000,0.940075
1668.411000,0.631505
1668.412000,0.708746
1668.413000,0.479389
1668.414000,0.601580
1668.415000,0.603471
1668.416000,0.580212
1668.417000,0.561129
1668.418000,0.746614
1668.419000,0.977146
1668.420000,0.979062
1668.421000,1.004138
1668.422000,1.010100
1668.423000,1.051019
1668.424000,1.050671
1668.425000,0.947914
1668.426000,1.180436
1668.427000,1.196963
1668.428000,1.160792
1668.429000,0.916077
1668.430000,1.017962
1668.431000,0.873645
1668.432000,0.956777
1668.433000,0.770035
1668.434000,0.554459
1668.435000,0.515182
1668.436000,0.461468
1668.437000,0.451432
1668.438000,0.536416
1668.439000,0.600736
1668.440000,0.436441
1668.441000,0.426639
1668.442000,0.349430
1668.443000,0.379065
1668.444000,0.375899
1668.445000,0.479654
1668.446000,0.262571
1668.447000,0.245961
1668.448000,0.239211
1668.449000,0.271838
1668.450000,0.221940
1668.451000,0.229653
1668.452000,0.088622
1668.453000,0.229418
1668.454000,-0.011873
1668.455000,-0.127248
1668.456000,-0.302187
1668.457000,-0.434039
1668.458000,-0.298414
1668.459000,-0.266143
1668.460000,-0.250921
1668.461000,-0.314423
1668.462000,-0.239969
1668.463000,-0.210136
1668.464000,-0.338514
1668.465000,-0.413638
1668.466000,-0.271104
1668.467000,-0.383567
1668.468000,-0.465561
1668.469000,-0.393483
1668.470000,-0.343004
1668.471000,-0.217349
1668.472000,-0.289847
1668.473000,-0.396525
1668.474000,-0.523060
1668.475000,-0.533964
1668.476000,-0.514557
1668.477000,-0.395113
1668.478000,-0.431904
1668.479000,-0.204110
1668.480000,-0.203115
1668.481000,-0.165924
1668.482000,0.089562
1668.483000,0.101274
1668.484000,-0.017394
1668.485000,0.112652
1668.486000,-0.035734
1668.487000,-0.024112
1668.488000,-0.036985
1668.489000,-0.132839
1668.490000,-0.272255
1668.491000,-0.295309
1668.492000,-0.153526
1668.493000,-0.201881
1668.494000,-0.231715
1668.495000,-0.302717
1668.496000,-0.191394
1668.497000,-0.189664
1668.498000,-0.111635
1668.499000,0.043373
1668.500000,0.138724
1668.501000,0.221461
1668.502000,0.413300
1668.503000,0.351766
1668.504000,0.362992
1668.505000,0.516562
1668.506000,0.441164
1668.507000,0.401979
1668.508000,0.203331
1668.509000,0.237665
1668.510000,0.376071
1668.511000,0.366072
1668.512000,0.405166
1668.513000,0.448563
1668.514000,0.499912
1668.515000,0.354950
1668.516000,0.364746
1668.517000,0.470135
1668.518000,0.363345
1668.519000,0.194365
1668.520000,0.175844
1668.521000,0.070551
1668.522000,0.122209
1668.523000,0.099434
1668.524000,0.177804
1668.525000,0.119403
1668.526000,0.170264
1668.527000,0.096566
1668.528000,0.293957
1668.529000,0.169338
1668.530000,0.166584
1668.531000,0.233597
1668.532000,0.213837
1668.533000,-0.050037
1668.534000,0.043419
1668.535000,-0.146756
1668.536000,-0.112503
1668.537000,-0.079427
1668.538000,-0.197749
1668.539000,-0.078485
1668.540000,0.013934
1668.541000,0.011351
1668.542000,-0.038655
1668.543000,-0.018568
1668.544000,0.069781
1668.545000,0.014752
1668.546000,-0.007951
1668.547000,-0.081695
1668.548000,-0.137823
1668.549000,-0.081747
1668.550000,0.082316
1668.551000,0.222141
1668.552000,0.162846
1668.553000,0.154643
1668.554000,0.053358
1668.555000,0.052251
1668.556000,0.000712
1668.557000,-0.012278
1668.558000,-0.083721
1668.559000,-0.020123
1668.560000,-0.174601
1668.561000,-0.233139
1668.562000,-0.304610
1668.563000,-0.408835
1668.564000,-0.477275
1668.565000,-0.398241
1668.566000,-0.365811
1668.567000,-0.192894
1668.568000,-0.251953
1668.569000,-0.325681
1668.570000,-0.366527
1668.571000,-0.404337
1668.572000,-0.392011
1668.573000,-0.338600
1668.574000,-0.483962
1668.575000,-0.469458
1668.576000,-0.331954
1668.577000,-0.243506
1668.578000,-0.177119
1668.579000,-0.044513
1668.580000,-0.047597
1668.581000,-0.105748
1668.582000,-0.325563
1668.583000,-0.174703
1668.584000,-0.096478
1668.585000,-0.203630
1668.586000,-0.211600
1668.587000,-0.440559
1668.588000,-0.280676
1668.589000,-0.313349
1668.590000,-0.423397
1668.591000,-0.326876
1668.592000,-0.355948
1668.593000,-0.254771
1668.594000,-0.243324
1668.595000,-0.253473
1668.596000,-0.078166
1668.597000,-0.083302
1668.598000,-0.040756
1668.599000,-0.099444
1668.600000,-0.077414
1668.601000,-0.059654
1668.602000,-0.136362
1668.603000,-0.143626
1668.604000,-0.016548
1668.605000,0.065541
1668.606000,0.178514
1668.607000,0.243806
1668.608000,0.164597
1668.609000,0.232774
1668.610000,0.091020
1668.611000,0.339560
1668.612000,0.406508
1668.613000,0.424287
1668.614000,0.328078
1668.615000,0.385520
1668.616000,0.308295
1668.617000,0.290762
1668.618000,0.179415
1668.619000,0.287142
1668.620000,0.361538
1668.621000,0.251181
1668.622000,0.194511
1668.623000,0.228241
1668.624000,0.297923
1668.625000,0.370871
1668.626000,0.302059
1668.627000,0.285006
1668.628000,0.185302
1668.629000,0.082131
1668.630000,0.138522
1668.631000,0.130447
1668.632000,0.093719
1668.633000,-0.098221
1668.634000,0.019330
1668.635000,-0.062667
1668.636000,-0.056918
1668.637000,-0.138609
1668.638000,0.050538
1668.639000,-0.113960
1668.640000,0.021556
1668.641000,0.109614
1668.642000,0.008950
1668.643000,0.305367
1668.644000,0.235862
1668.645000,0.026397
1668.646000,0.118026
1668.647000,0.204382
1668.648000,0.068909
1668.649000,-0.171347
1668.650000,-0.038719
1668.651000,-0.177131
1668.652000,-0.136377
1668.653000,-0.001323
1668.654000,0.050056
1668.655000,0.080608
1668.656000,0.382655
1668.657000,0.207976
1668.658000,0.161962
1668.659000,0.122089
1668.660000,0.063213
1668.661000,0.124096
1668.662000,-0.024533
1668.663000,0.074362
1668.664000,0.086922
1668.665000,0.175584
1668.666000,0.172677
1668.667000,0.224257
1668.668000,0.266421
1668.669000,0.276286
1668.670000,0.383624
1668.671000,0.250009
1668.672000,0.161970
1668.673000,0.213229
1668.674000,0.100278
1668.675000,0.024276
1668.676000,0.033392
1668.677000,0.021574
1668.678000,0.099989
1668.679000,0.342513
1668.680000,0.346778
1668.681000,0.444734
1668.682000,0.358427
1668.683000,0.429299
1668.684000,0.427137
1668.685000,0.527862
1668.686000,0.346136
1668.687000,0.285514
1668.688000,0.453029
1668.689000,0.316576
1668.690000,0.396433
1668.691000,0.319086
1668.692000,0.278553
1668.693000,0.226441
1668.694000,0.102983
1668.695000,0.161146
1668.696000,0.253050
1668.697000,0.009847
1668.698000,-0.117334
1668.699000,0.107243
1668.700000,-0.003476
1668.701000,-0.191347
1668.702000,-0.027960
1668.703000,-0.016654
1668.704000,-0.047812
1668.705000,0.035275
1668.706000,-0.123935
1668.707000,-0.165472
1668.708000,-0.168734
1668.709000,-0.239131
1668.710000,-0.201378
1668.711000,-0.328153
1668.712000,-0.313073
1668.713000,-0.257959
1668.714000,-0.391379
1668.715000,0.009728
1668.716000,0.112340
1668.717000,-0.121703
1668.718000,-0.115252
1668.719000,-0.156290
1668.720000,-0.169313
1668.721000,-0.099053
1668.722000,-0.168136
1668.723000,-0.285346
1668.724000,-0.384844
1668.725000,-0.357036
1668.726000,-0.245507
1668.727000,-0.119286
1668.728000,0.027659
1668.729000,-0.008462
1668.730000,0.010866
1668.731000,0.107978
1668.732000,0.005742
1668.733000,-0.199076
1668.734000,0.006825
1668.735000,0.055909
1668.736000,0.137929
1668.737000,0.224481
1668.738000,0.191784
1668.739000,0.098571
1668.740000,0.135320
1668.741000,0.020620
1668.742000,0.110777
1668.743000,-0.033313
1668.744000,-0.297587
1668.745000,-0.451248
1668.746000,-0.460710
1668.747000,-0.624899
1668.748000,-0.666526
1668.749000,-0.639728
1668.750000,-0.715346
1668.751000,-0.851120
1668.752000,-0.613954
1668.753000,-0.573916
1668.754000,-0.514953
1668.755000,-0.222335
1668.756000,-0.212205
1668.757000,-0.278978
1668.758000,-0.071074
1668.759000,-0.119508
1668.760000,-0.050617
1668.761000,-0.175311
1668.762000,-0.014804
1668.763000,-0.038461
1668.764000,-0.082236
1668.765000,-0.037475
1668.766000,0.096540
1668.767000,0.165969
1668.768000,0.091395
1668.769000,0.120309
1668.770000,0.148139
1668.771000,0.403853
1668.772000,0.496045
1668.773000,0.650934
1668.774000,0.463873
1668.775000,0.530749
1668.776000,0.396672
1668.777000,0.558715
1668.778000,0.520569
1668.779000,0.660369
1668.780000,0.728689
1668.781000,0.664162
1668.782000,0.643822
1668.783000,0.644391
1668.784000,0.585855
1668.785000,0.483967
1668.786000,0.320738
1668.787000,0.376045
1668.788000,0.289404
1668.789000,0.345984
1668.790000,0.283678
1668.791000,0.305304
1668.792000,0.336363
1668.793000,0.278584
1668.794000,0.312988
1668.795000,0.266233
1668.796000,0.176862
1668.797000,0.178155
1668.798000,0.196435
1668.799000,0.129636
1668.800000,-0.064942
1668.801000,-0.058923
1668.802000,0.031098
1668.803000,0.238070
1668.804000,0.243705
1668.805000,0.208698
1668.806000,0.206308
1668.807000,0.070449
1668.808000,0.084517
1668.809000,-0.085541
1668.810000,-0.109323
1668.811000,-0.073684
1668.812000,-0.332214
1668.813000,-0.407762
1668.814000,-0.495482
1668.815000,-0.475905
1668.816000,-0.469867
1668.817000,-0.458803
1668.818000,-0.468085
1668.819000,-0.449145
1668.820000,-0.551290
1668.821000,-0.460270
1668.822000,-0.438147
1668.823000,-0.357064
1668.824000,-0.484353
1668.825000,-0.410191
1668.826000,-0.228827
1668.827000,-0.322029
1668.828000,-0.411077
1668.829000,-0.347942
1668.830000,-0.240149
1668.831000,-0.289536
1668.832000,-0.314057
1668.833000,-0.161067
1668.834000,-0.153304
1668.835000,-0.339501
1668.836000,-0.236039
1668.837000,-0.317140
1668.838000,-0.283122
1668.839000,-0.387572
1668.840000,-0.413000
1668.841000,-0.294146
1668.842000,-0.442306
1668.843000,-0.442118
1668.844000,-0.483510
1668.845000,-0.389038
1668.846000,-0.265993
1668.847000,-0.352441
1668.848000,-0.426681
1668.849000,-0.582536
1668.850000,-0.503950
1668.851000,-0.467155
1668.852000,-0.426212
1668.853000,-0.378266
1668.854000,-0.539492
1668.855000,-0.596705
1668.856000,-0.617534
1668.857000,-0.669406
1668.858000,-0.615594
1668.859000,-0.615130
1668.860000,-0.528040
1668.861000,-0.540884
1668.862000,-0.439188
1668.863000,-0.440709
1668.864000,-0.537471
1668.865000,-0.623255
1668.866000,-0.678416
1668.867000,-0.620948
1668.868000,-0.480177
1668.869000,-0.265322
1668.870000,-0.308135
1668.871000,-0.071974
1668.872000,-0.128083
1668.873000,-0.142638
1668.874000,-0.079110
1668.875000,-0.056537
1668.876000,0.127971
1668.877000,0.148828
1668.878000,0.160914
1668.879000,0.160614
1668.880000,0.289629
1668.881000,0.480819
1668.882000,0.522668
1668.883000,0.459854
1668.884000,0.528146
1668.885000,0.467570
1668.886000,0.377142
1668.887000,0.298169
1668.888000,0.300373
1668.889000,0.408790
1668.890000,0.402608
1668.891000,0.158538
1668.892000,0.339055
1668.893000,0.258898
1668.894000,0.343590
1668.895000,0.336348
1668.896000,0.366544
1668.897000,0.159515
1668.898000,0.098866
1668.899000,0.039137
1668.900000,0.111441
1668.901000,0.044294
1668.902000,0.028342
1668.903000,-0.063444
1668.904000,0.017127
1668.905000,-0.100670
1668.906000,-0.200411
1668.907000,-0.185181
1668.908000,-0.220191
1668.909000,-0.350307
1668.910000,-0.433145
1668.911000,-0.502613
1668.912000,-0.326311
1668.913000,-0.205894
1668.914000,-0.267631
1668.915000,-0.304971
1668.916000,-0.512566
1668.917000,-0.552991
1668.918000,-0.501736
1668.919000,-0.376561
1668.920000,-0.547411
1668.921000,-0.526382
1668.922000,-0.631005
1668.923000,-0.728247
1668.924000,-0.694458
1668.925000,-0.531236
1668.926000,-0.450319
1668.927000,-0.552685
1668.928000,-0.696152
1668.929000,-0.858575
1668.930000,-0.655444
1668.931000,-0.604779
1668.932000,-0.434076
1668.933000,-0.605448
1668.934000,-0.728902
1668.935000,-0.755028
1668.936000,-0.691487
1668.937000,-0.652032
1668.938000,-0.658739
1668.939000,-0.678440
1668.940000,-0.568649
1668.941000,-0.747348
1668.942000,-0.735081
1668.943000,-0.553118
1668.944000,-0.588339
1668.945000,-0.605060
1668.946000,-0.627017
1668.947000,-0.572091
1668.948000,-0.479659
1668.949000,-0.395094
1668.950000,-0.367232
1668.951000,-0.440882
1668.952000,-0.326528
1668.953000,-0.331708
1668.954000,-0.280338
1668.955000,-0.159391
1668.956000,-0.137165
1668.957000,-0.237527
1668.958000,-0.249685
1668.959000,-0.258453
1668.960000,-0.328350
1668.961000,-0.359206
1668.962000,-0.503765
1668.963000,-0.552839
1668.964000,-0.607653
1668.965000,-0.685414
1668.966000,-0.715739
1668.967000,-0.747017
1668.968000,-0.620593
1668.969000,-0.815981
1668.970000,-0.932821
1668.971000,-0.839538
1668.972000,-0.779453
1668.973000,-0.946547
1668.974000,-0.929154
1668.975000,-0.989683
1668.976000,-0.859749
1668.977000,-0.785640
1668.978000,-0.974479
1668.979000,-0.667899
1668.980000,-0.788652
1668.981000,-0.793020
1668.982000,-0.685990
1668.983000,-0.831581
1668.984000,-0.805587
1668.985000,-0.951603
1668.986000,-1.040082
1668.987000,-1.012135
1668.988000,-1.049611
1668.989000,-0.926796
1668.990000,-1.011087
1668.991000,-0.890364
1668.992000,-1.019599
1668.993000,-0.916042
1668.994000,-0.906100
1668.995000,-1.112245
1668.996000,-0.960103
1668.997000,-0.791288
1668.998000,-0.735108
1668.999000,-0.550924
1669.000000,-0.735954
1669.001000,-0.729899
1669.002000,-0.669094
1669.003000,-0.702197
1669.004000,-0.732825
1669.005000,-0.602462
1669.006000,-0.675723
1669.007000,-0.545977
1669.008000,-0.492733
1669.009000,-0.428312
1669.010000,-0.427664
1669.011000,-0.378059
1669.012000,-0.193790
1669.013000,-0.166747
1669.014000,-0.112948
1669.015000,-0.106721
1669.016000,-0.074245
1669.017000,0.050057
1669.018000,0.061050
1669.019000,-0.005673
1669.020000,0.100843
1669.021000,0.150112
1669.022000,0.256609
1669.023000,0.147648
1669.024000,0.198641
1669.025000,0.213880
1669.026000,0.169770
1669.027000,0.254289
1669.028000,0.267793
1669.029000,0.411036
1669.030000,0.435563
1669.031000,0.269826
1669.032000,0.164013
1669.033000,0.233827
1669.034000,0.256080
1669.035000,0.271339
1669.036000,0.115216
1669.037000,0.098053
1669.038000,0.075387
1669.039000,0.077509
1669.040000,0.151591
1669.041000,0.157212
1669.042000,0.235814
1669.043000,0.089052
1669.044000,0.216195
1669.045000,0.255337
1669.046000,0.368525
1669.047000,0.332137
1669.048000,0.333095
1669.049000,0.449116
1669.050000,0.498433
1669.051000,0.545081
1669.052000,0.566665
1669.053000,0.622825
1669.054000,0.694853
1669.055000,0.858609
1669.056000,0.923664
1669.057000,0.912104
1669.058000,0.969410
1669.059000,0.960560
1669.060000,1.158659
1669.061000,1.098970
1669.062000,1.106435
1669.063000,1.277144
1669.064000,1.317198
1669.065000,1.260355
1669.066000,1.056483
1669.067000,1.131646
1669.068000,1.172145
1669.069000,1.222304
1669.070000,1.099613
1669.071000,1.035403
1669.072000,0.906402
1669.073000,0.736126
1669.074000,0.711298
1669.075000,0.718317
1669.076000,0.670613
1669.077000,0.860722
1669.078000,0.683778
1669.079000,0.856083
1669.080000,0.813032
1669.081000,0.894477
1669.082000,0.814375
1669.083000,0.710428
1669.084000,0.699584
1669.085000,0.805936
1669.086000,0.861274
1669.087000,0.699220
1669.088000,0.875600
1669.089000,1.015256
1669.090000,0.927649
1669.091000,0.850384
1669.092000,0.720657
1669.093000,0.697827
1669.094000,0.609160
1669.095000,0.533033
1669.096000,0.774365
1669.097000,0.633392
1669.098000,0.485852
1669.099000,0.507754
1669.100000,0.645094
1669.101000,0.616378
1669.102000,0.763731
1669.103000,0.677488
1669.104000,0.569978
1669.105000,0.668008
1669.106000,0.599758
1669.107000,0.755258
1669.108000,0.843730
1669.109000,0.880066
1669.110000,0.855520
1669.111000,0.849162
1669.112000,0.752357
1669.113000,0.751850
1669.114000,0.736334
1669.115000,0.631540
1669.116000,0.539921
1669.117000,0.576940
1669.118000,0.558331
1669.119000,0.477789
1669.120000,0.518346
1669.121000,0.281488
1669.122000,0.377338
1669.123000,0.456983
1669.124000,0.439230
1669.125000,0.380874
1669.126000,0.429532
1669.127000,0.372907
1669.128000,0.400140
1669.129000,0.446251
1669.130000,0.487031
1669.131000,0.506217
1669.132000,0.365061
1669.133000,0.551881
1669.134000,0.529252
1669.135000,0.580154
1669.136000,0.571705
1669.137000,0.422598
1669.138000,0.408071
1669.139000,0.393400
1669.140000,0.370554
1669.141000,0.391910
1669.142000,0.229941
1669.143000,0.150599
1669.144000,0.013438
1669.145000,-0.035431
1669.146000,-0.206353
1669.147000,-0.111756
1669.148000,-0.059949
1669.149000,0.024504
1669.150000,0.064400
1669.151000,-0.200340
1669.152000,-0.247485
1669.153000,-0.389148
1669.154000,-0.320575
1669.155000,-0.465813
1669.156000,-0.611060
1669.157000,-0.715812
1669.158000,-0.877283
1669.159000,-0.695454
1669.160000,-0.718864
1669.161000,-0.778828
1669.162000,-0.677608
1669.163000,-0.761554
1669.164000,-0.802886
1669.165000,-0.903143
1669.166000,-1.059288
1669.167000,-1.186816
1669.168000,-1.175473
1669.169000,-1.022385
1669.170000,-1.107004
1669.171000,-0.989695
1669.172000,-1.037454
1669.173000,-0.963704
1669.174000,-0.885105
1669.175000,-0.819882
1669.176000,-0.661587
1669.177000,-0.513103
1669.178000,-0.664414
1669.179000,-0.703835
1669.180000,-0.693404
1669.181000,-0.721643
1669.182000,-0.610981
1669.183000,-0.668495
1669.184000,-0.639287
1669.185000,-0.532319
1669.186000,-0.562500
1669.187000,-0.774279
1669.188000,-0.781864
1669.189000,-0.724914
1669.190000,-0.707177
1669.191000,-0.703270
1669.192000,-0.645424
1669.193000,-0.332289
1669.194000,-0.421774
1669.195000,-0.416918
1669.196000,-0.399035
1669.197000,-0.529840
1669.198000,-0.539432
1669.199000,-0.521344
1669.200000,-0.633214
1669.201000,-0.667095
1669.202000,-0.459557
1669.203000,-0.289470
1669.204000,-0.267023
1669.205000,-0.139557
1669.206000,-0.050495
1669.207000,0.074988
1669.208000,0.114537
1669.209000,0.096436
1669.210000,0.154039
1669.211000,0.244937
1669.212000,0.311327
1669.213000,0.453380
1669.214000,0.350998
1669.215000,0.264383
1669.216000,0.442376
1669.217000,0.322108
1669.218000,0.112399
1669.219000,-0.003755
1669.220000,0.041860
1669.221000,0.010841
1669.222000,0.100255
1669.223000,0.224924
1669.224000,0.326035
1669.225000,0.351432
1669.226000,0.489367
1669.227000,0.623715
1669.228000,0.710919
1669.229000,0.751628
1669.230000,0.674245
1669.231000,0.549043
1669.232000,0.700241
1669.233000,0.699611
1669.234000,0.698266
1669.235000,0.667279
1669.236000,0.830919
1669.237000,0.680925
1669.238000,0.713136
1669.239000,0.630863
1669.240000,0.718607
1669.241000,0.719246
1669.242000,0.581886
1669.243000,0.469077
1669.244000,0.588162
1669.245000,0.686058
1669.246000,0.814462
1669.247000,0.839590
1669.248000,0.993070
1669.249000,1.020950
1669.250000,0.920993
1669.251000,0.866997
1669.252000,0.955579
1669.253000,0.732141
1669.254000,0.724801
1669.255000,0.689701
1669.256000,0.726207
1669.257000,0.615662
1669.258000,0.572826
1669.259000,0.496494
1669.260000,0.526977
1669.261000,0.674941
1669.262000,0.610598
1669.263000,0.689712
1669.264000,0.658669
1669.265000,0.559226
1669.266000,0.571891
1669.267000,0.416486
1669.268000,0.419835
1669.269000,0.355706
1669.270000,0.190156
1669.271000,0.047747
1669.272000,-0.010507
1669.273000,-0.067066
1669.274000,0.062579
1669.275000,-0.047701
1669.276000,-0.165741
1669.277000,0.040485
1669.278000,0.057090
1669.279000,0.081728
1669.280000,-0.200343
1669.281000,-0.283548
1669.282000,-0.203720
1669.283000,-0.070132
1669.284000,0.008705
1669.285000,0.244095
1669.286000,0.149117
1669.287000,0.128627
1669.288000,-0.036972
1669.289000,0.202133
1669.290000,0.157992
1669.291000,0.100579
1669.292000,0.002241
1669.293000,0.064712
1669.294000,0.119483
1669.295000,-0.056129
1669.296000,-0.102518
1669.297000,-0.118885
1669.298000,-0.082616
1669.299000,-0.242926
1669.300000,-0.316947
1669.301000,-0.491438
1669.302000,-0.691373
1669.303000,-1.060572
1669.304000,-1.217097
1669.305000,-1.194883
1669.306000,-1.162623
1669.307000,-1.047226
1669.308000,-0.960217
1669.309000,-0.932881
1669.310000,-1.167811
1669.311000,-1.301502
1669.312000,-1.369474
1669.313000,-1.421201
1669.314000,-1.413720
1669.315000,-1.535884
1669.316000,-1.696355
1669.317000,-1.646277
1669.318000,-1.783830
1669.319000,-1.701857
1669.320000,-1.618326
1669.321000,-1.791731
1669.322000,-1.600599
1669.323000,-1.511841
1669.324000,-1.439583
1669.325000,-1.609735
1669.326000,-1.596146
1669.327000,-1.646026
1669.328000,-1.509885
1669.329000,-1.471020
1669.330000,-1.470961
1669.331000,-1.710221
1669.332000,-1.495916
1669.333000,-1.411113
1669.334000,-1.312095
1669.335000,-1.182483
1669.336000,-1.049183
1669.337000,-0.955346
1669.338000,-0.895143
1669.339000,-0.895614
1669.340000,-0.803494
1669.341000,-0.670807
1669.342000,-0.604650
1669.343000,-0.590541
1669.344000,-0.435399
1669.345000,-0.433802
1669.346000,-0.361711
1669.347000,-0.385898
1669.348000,-0.274692
1669.349000,-0.314084
1669.350000,-0.350042
1669.351000,-0.504685
1669.352000,-0.665506
1669.353000,-0.588418
1669.354000,-0.479107
1669.355000,-0.407548
1669.356000,-0.201148
1669.357000,-0.293666
1669.358000,-0.223513
1669.359000,0.074194
1669.360000,0.166831
1669.361000,-0.035846
1669.362000,-0.079805
1669.363000,-0.095864
1669.364000,-0.072160
1669.365000,-0.222531
1669.366000,-0.104714
1669.367000,-0.047720
1669.368000,-0.022914
1669.369000,0.041370
1669.370000,0.088369
1669.371000,0.161424
1669.372000,0.160825
1669.373000,0.124260
1669.374000,-0.039373
1669.375000,0.061498
1669.376000,-0.065540
1669.377000,-0.165686
1669.378000,-0.079450
1669.379000,0.034478
1669.380000,0.201459
1669.381000,0.195608
1669.382000,0.299870
1669.383000,0.255966
1669.384000,0.250896
1669.385000,0.216360
1669.386000,0.193085
1669.387000,0.232560
1669.388000,0.182848
1669.389000,0.142248
1669.390000,0.188368
1669.391000,0.255902
1669.392000,0.178507
1669.393000,0.238595
1669.394000,0.208016
1669.395000,0.251775
1669.396000,0.146964
1669.397000,0.227558
1669.398000,0.293761
1669.399000,0.118548
1669.400000,0.179408
1669.401000,0.199840
1669.402000,0.229935
1669.403000,0.244161
1669.404000,0.247708
1669.405000,0.447172
1669.406000,0.527550
1669.407000,0.471145
1669.408000,0.357090
1669.409000,0.293819
1669.410000,0.340386
1669.411000,0.295297
1669.412000,0.391706
1669.413000,0.526943
1669.414000,0.484091
1669.415000,0.403909
1669.416000,0.343085
1669.417000,0.389880
1669.418000,0.378778
1669.419000,0.525143
1669.420000,0.387531
1669.421000,0.350660
1669.422000,0.458201
1669.423000,0.408829
1669.424000,0.512990
1669.425000,0.621718
1669.426000,0.656525
1669.427000,0.625575
1669.428000,0.581253
1669.429000,0.632240
1669.430000,0.562042
1669.431000,0.486153
1669.432000,0.469564
1669.433000,0.473770
1669.434000,0.575452
1669.435000,0.468006
1669.436000,0.437490
1669.437000,0.444904
1669.438000,0.615613
1669.439000,0.610197
1669.440000,0.550052
1669.441000,0.505045
1669.442000,0.521131
1669.443000,0.550109
1669.444000,0.607717
1669.445000,0.543645
1669.446000,0.336820
1669.447000,0.358510
1669.448000,0.306931
1669.449000,0.408232
1669.450000,0.414760
1669.451000,0.393218
1669.452000,0.455011
1669.453000,0.544317
1669.454000,0.555192
1669.455000,0.430109
1669.456000,0.547361
1669.457000,0.455770
1669.458000,0.403108
1669.459000,0.345842
1669.460000,0.478569
1669.461000,0.342704
1669.462000,0.289524
1669.463000,0.198541
1669.464000,0.242603
1669.465000,0.201145
1669.466000,0.189148
1669.467000,0.266596
1669.468000,0.145810
1669.469000,0.121724
1669.470000,0.235080
1669.471000,0.125956
1669.472000,0.010539
1669.473000,0.102690
1669.474000,0.160027
1669.475000,0.163798
1669.476000,0.086593
1669.477000,0.162647
1669.478000,0.199375
1669.479000,0.129551
1669.480000,0.211104
1669.481000,0.207591
1669.482000,0.240922
1669.483000,0.251512
1669.484000,0.340422
1669.485000,0.342338
1669.486000,0.538536
1669.487000,0.615650
1669.488000,0.601614
1669.489000,0.514883
1669.490000,0.415842
1669.491000,0.419800
1669.492000,0.380886
1669.493000,0.148442
1669.494000,0.072978
1669.495000,-0.055271
1669.496000,-0.111442
1669.497000,-0.028616
1669.498000,-0.054104
1669.499000,-0.037569
1669.500000,-0.010825
1669.501000,0.139920
1669.502000,0.117756
1669.503000,0.051923
1669.504000,0.116431
1669.505000,-0.017302
1669.506000,-0.016080
1669.507000,-0.049588
1669.508000,0.031989
1669.509000,0.106783
1669.510000,0.173085
1669.511000,-0.077027
1669.512000,0.121016
1669.513000,0.108998
1669.514000,0.049997
1669.515000,0.126307
1669.516000,0.305816
1669.517000,0.276692
1669.518000,0.358988
1669.519000,0.506644
1669.520000,0.701417
1669.521000,0.756309
1669.522000,0.765570
1669.523000,0.917969
1669.524000,0.940001
1669.525000,0.862883
1669.526000,0.919542
1669.527000,0.823700
1669.528000,0.734067
1669.529000,0.679152
1669.530000,0.751714
1669.531000,0.983989
1669.532000,1.085899
1669.533000,0.987330
1669.534000,0.924526
1669.535000,0.840130
1669.536000,0.788036
1669.537000,0.609662
1669.538000,0.575742
1669.539000,0.539037
1669.540000,0.514771
1669.541000,0.433455
1669.542000,0.368085
1669.543000,0.401414
1669.544000,0.446005
1669.545000,0.239744
1669.546000,0.469245
1669.547000,0.310491
1669.548000,0.239624
1669.549000,0.043608
1669.550000,-0.034452
1669.551000,0.140004
1669.552000,0.092590
1669.553000,0.020082
1669.554000,-0.064748
1669.555000,-0.113615
1669.556000,-0.016840
1669.557000,-0.039002
1669.558000,-0.035682
1669.559000,-0.078122
1669.560000,0.122677
1669.561000,0.068966
1669.562000,-0.014884
1669.563000,-0.127797
1669.564000,-0.230332
1669.565000,-0.291742
1669.566000,-0.350402
1669.567000,-0.352952
1669.568000,-0.346353
1669.569000,-0.544215
1669.570000,-0.565993
1669.571000,-0.490553
1669.572000,-0.498895
1669.573000,-0.289272
1669.574000,-0.223884
1669.575000,-0.348175
1669.576000,-0.438161
1669.577000,-0.290177
1669.578000,-0.117652
1669.579000,-0.246080
1669.580000,-0.214386
1669.581000,-0.090889
1669.582000,-0.177677
1669.583000,-0.271636
1669.584000,-0.309703
1669.585000,-0.115581
1669.586000,-0.151804
1669.587000,0.015273
1669.588000,0.064453
1669.589000,0.075885
1669.590000,0.280042
1669.591000,0.379545
1669.592000,0.327302
1669.593000,0.287853
1669.594000,0.236721
1669.595000,0.277493
1669.596000,0.310917
1669.597000,0.365716
1669.598000,0.274186
1669.599000,0.385107
1669.600000,0.459601
1669.601000,0.403726
1669.602000,0.560002
1669.603000,0.613848
1669.604000,0.479965
1669.605000,0.431610
1669.606000,0.535636
1669.607000,0.411092
1669.608000,0.576216
1669.609000,0.568792
1669.610000,0.591814
1669.611000,0.684437
1669.612000,0.705059
1669.613000,0.631817
1669.614000,0.641570
1669.615000,0.682757
1669.616000,0.679389
1669.617000,0.590155
1669.618000,0.640657
1669.619000,0.547377
1669.620000,0.412079
1669.621000,0.297249
1669.622000,0.383593
1669.623000,0.214879
1669.624000,0.067081
1669.625000,-0.002143
1669.626000,-0.058864
1669.627000,0.036690
1669.628000,-0.040437
1669.629000,0.095772
1669.630000,-0.045132
1669.631000,-0.184074
1669.632000,-0.309658
1669.633000,-0.191445
1669.634000,-0.364988
1669.635000,-0.288163
1669.636000,-0.267012
1669.637000,-0.303311
1669.638000,-0.236995
1669.639000,-0.252653
1669.640000,-0.111831
1669.641000,0.175142
1669.642000,0.177567
1669.643000,0.017061
1669.644000,-0.153820
1669.645000,-0.044791
1669.646000,-0.133413
1669.647000,-0.121835
1669.648000,-0.170849
1669.649000,-0.114101
1669.650000,-0.233853
1669.651000,-0.233789
1669.652000,-0.399805
1669.653000,-0.442446
1669.654000,-0.499147
1669.655000,-0.518136
1669.656000,-0.755713
1669.657000,-0.587440
1669.658000,-0.446193
1669.659000,-0.541966
1669.660000,-0.480696
1669.661000,-0.442884
1669.662000,-0.371525
1669.663000,-0.429227
1669.664000,-0.457002
1669.665000,-0.507021
1669.666000,-0.370202
1669.667000,-0.466238
1669.668000,-0.588002
1669.669000,-0.420164
1669.670000,-0.430364
1669.671000,-0.345897
1669.672000,-0.292683
1669.673000,-0.316720
1669.674000,-0.285048
1669.675000,-0.295152
1669.676000,-0.299396
1669.677000,-0.266920
1669.678000,-0.132837
1669.679000,-0.068884
1669.680000,-0.082284
1669.681000,-0.274248
1669.682000,-0.266327
1669.683000,-0.306911
1669.684000,-0.323376
1669.685000,-0.407200
1669.686000,-0.318554
1669.687000,-0.397275
1669.688000,-0.387631
1669.689000,-0.378145
1669.690000,-0.396893
1669.691000,-0.337914
1669.692000,-0.154465
1669.693000,-0.210548
1669.694000,-0.142811
1669.695000,-0.200844
1669.696000,-0.254046
1669.697000,-0.075868
1669.698000,-0.046162
1669.699000,-0.190214
1669.700000,-0.045603
1669.701000,0.044713
1669.702000,-0.016134
1669.703000,0.076151
1669.704000,-0.009164
1669.705000,0.128762
1669.706000,0.023136
1669.707000,0.048778
1669.708000,0.164070
1669.709000,0.162844
1669.710000,0.293564
1669.711000,0.329356
1669.712000,0.328176
1669.713000,0.323163
1669.714000,0.346647
1669.715000,0.263793
1669.716000,0.394957
1669.717000,0.338899
1669.718000,0.332330
1669.719000,0.412198
1669.720000,0.363967
1669.721000,0.432428
1669.722000,0.440670
1669.723000,0.362964
1669.724000,0.316019
1669.725000,0.385824
1669.726000,0.354789
1669.727000,0.304380
1669.728000,0.263984
1669.729000,0.340313
1669.730000,0.453292
1669.731000,0.442338
1669.732000,0.674262
1669.733000,0.850356
1669.734000,0.771127
1669.735000,0.912319
1669.736000,0.833617
1669.737000,0.921973
1669.738000,0.759736
1669.739000,0.674026
1669.740000,0.849643
1669.741000,0.850099
1669.742000,0.896007
1669.743000,0.825568
1669.744000,0.841370
1669.745000,0.854726
1669.746000,0.904883
1669.747000,1.118430
1669.748000,1.120024
1669.749000,1.054500
1669.750000,1.093268
1669.751000,0.936565
1669.752000,0.882538
1669.753000,0.868943
1669.754000,0.819280
1669.755000,0.801831
1669.756000,0.914632
1669.757000,0.826166
1669.758000,1.085660
1669.759000,1.183228
1669.760000,1.098088
1669.761000,1.278886
1669.762000,1.325955
1669.763000,1.220869
1669.764000,1.084205
1669.765000,1.068675
1669.766000,1.134514
1669.767000,1.159038
1669.768000,1.128274
1669.769000,1.111715
1669.770000,0.972239
1669.771000,0.854084
1669.772000,0.825294
1669.773000,0.909086
1669.774000,1.005778
1669.775000,0.951827
1669.776000,0.727288
1669.777000,0.733279
1669.778000,0.719562
1669.779000,0.621954
1669.780000,0.529747
1669.781000,0.490316
1669.782000,0.358853
1669.783000,0.338124
1669.784000,0.348695
1669.785000,0.435610
1669.786000,0.548393
1669.787000,0.634194
1669.788000,0.586600
1669.789000,0.507885
1669.790000,0.240851
1669.791000,0.361785
1669.792000,0.162364
1669.793000,0.109874
1669.794000,-0.050876
1669.795000,0.029562
1669.796000,0.056672
1669.797000,0.137847
1669.798000,0.156202
1669.799000,0.142763
1669.800000,0.113088
1669.801000,0.192744
1669.802000,0.139539
1669.803000,0.141679
1669.804000,0.080279
1669.805000,0.081156
1669.806000,0.068522
1669.807000,-0.022645
1669.808000,-0.215705
1669.809000,-0.352141
1669.810000,-0.301692
1669.811000,-0.316304
1669.812000,-0.369859
1669.813000,-0.344895
1669.814000,-0.173992
1669.815000,-0.159535
1669.816000,-0.162926
1669.817000,-0.128836
1669.818000,-0.239926
1669.819000,-0.277981
1669.820000,-0.336415
1669.821000,-0.203836
1669.822000,-0.073866
1669.823000,-0.167350
1669.824000,-0.389419
1669.825000,-0.259982
1669.826000,-0.344549
1669.827000,-0.266059
1669.828000,-0.291376
1669.829000,-0.274124
1669.830000,-0.440710
1669.831000,-0.382510
1669.832000,-0.471007
1669.833000,-0.388764
1669.834000,-0.401804
1669.835000,-0.493495
1669.836000,-0.362922
1669.837000,-0.443887
1669.838000,-0.474799
1669.839000,-0.331576
1669.840000,-0.351773
1669.841000,-0.400767
1669.842000,-0.386708
1669.843000,-0.514400
1669.844000,-0.612951
1669.845000,-0.552585
1669.846000,-0.673847
1669.847000,-0.602568
1669.848000,-0.613733
1669.849000,-0.704156
1669.850000,-0.732926
1669.851000,-0.703167
1669.852000,-0.560405
1669.853000,-0.608631
1669.854000,-0.737067
1669.855000,-0.855933
1669.856000,-0.829867
1669.857000,-0.875842
1669.858000,-0.817558
1669.859000,-0.803035
1669.860000,-0.603794
1669.861000,-0.594074
1669.862000,-0.731760
1669.863000,-0.705851
1669.864000,-0.760706
1669.865000,-0.888750
1669.866000,-0.930388
1669.867000,-0.740103
1669.868000,-0.703001
1669.869000,-0.677014
1669.870000,-0.531753
1669.871000,-0.445339
1669.872000,-0.258199
1669.873000,-0.079927
1669.874000,0.006901
1669.875000,-0.007766
1669.876000,0.200761
1669.877000,0.286483
1669.878000,0.243925
1669.879000,0.319275
1669.880000,0.185304
1669.881000,0.146525
1669.882000,0.228695
1669.883000,0.397789
1669.884000,0.232794
1669.885000,0.223451
1669.886000,0.208622
1669.887000,0.273741
1669.888000,0.284711
1669.889000,0.377357
1669.890000,0.320004
1669.891000,0.364700
1669.892000,0.191439
1669.893000,0.015205
1669.894000,0.119470
1669.895000,0.139914
1669.896000,0.061575
1669.897000,0.170530
1669.898000,0.226380
1669.899000,0.307710
1669.900000,0.170266
1669.901000,0.119298
1669.902000,-0.002270
1669.903000,0.146567
1669.904000,0.178727
1669.905000,0.221778
1669.906000,0.012215
1669.907000,-0.171621
1669.908000,-0.281846
1669.909000,-0.286868
1669.910000,-0.362420
1669.911000,-0.235883
1669.912000,-0.305644
1669.913000,-0.279305
1669.914000,-0.199459
1669.915000,-0.130378
1669.916000,-0.125044
1669.917000,-0.201399
1669.918000,-0.206048
1669.919000,-0.178777
1669.920000,-0.178912
1669.921000,-0.222149
1669.922000,-0.364176
1669.923000,-0.274335
1669.924000,-0.357950
1669.925000,-0.507554
1669.926000,-0.360100
1669.927000,-0.160949
1669.928000,-0.147664
1669.929000,-0.218572
1669.930000,-0.208906
1669.931000,-0.001458
1669.932000,-0.012961
1669.933000,-0.077355
1669.934000,-0.039462
1669.935000,0.119100
1669.936000,0.226966
1669.937000,0.085299
1669.938000,0.007489
1669.939000,0.056510
1669.940000,-0.033522
1669.941000,-0.066337
1669.942000,-0.058742
1669.943000,0.018330
1669.944000,0.187385
1669.945000,0.213612
1669.946000,0.152079
1669.947000,0.141965
1669.948000,0.215083
1669.949000,0.179453
1669.950000,0.196482
1669.951000,0.075525
1669.952000,0.127911
1669.953000,0.087421
1669.954000,-0.151442
1669.955000,-0.085578
1669.956000,-0.174104
1669.957000,-0.188154
1669.958000,-0.280432
1669.959000,-0.229003
1669.960000,-0.304285
1669.961000,-0.185568
1669.962000,-0.122448
1669.963000,-0.198526
1669.964000,-0.140380
1669.965000,-0.091350
1669.966000,-0.246561
1669.967000,-0.039364
1669.968000,0.073155
1669.969000,-0.153757
1669.970000,-0.135571
1669.971000,-0.191330
1669.972000,-0.123765
1669.973000,-0.127880
1669.974000,-0.177370
1669.975000,-0.086088
1669.976000,-0.163136
1669.977000,-0.285851
1669.978000,-0.223962
1669.979000,-0.186919
1669.980000,-0.129920
1669.981000,-0.150331
1669.982000,-0.065213
1669.983000,-0.230098
1669.984000,-0.128452
1669.985000,-0.273660
1669.986000,-0.368848
1669.987000,-0.311450
1669.988000,-0.468222
1669.989000,-0.454708
1669.990000,-0.696083
1669.991000,-0.683515
1669.992000,-0.834647
1669.993000,-0.709650
1669.994000,-0.793428
1669.995000,-0.793532
1669.996000,-0.776522
1669.997000,-0.700640
1669.998000,-0.527543
1669.999000,-0.528636
1670.000000,-0.388794
1670.001000,-0.176439
1670.002000,-0.156777
1670.003000,-0.131194
1670.004000,-0.191712
1670.005000,-0.103434
1670.006000,-0.389366
1670.007000,-0.444942
1670.008000,-0.492273
1670.009000,-0.672935
1670.010000,-0.625826
1670.011000,-0.398743
1670.012000,-0.152362
1670.013000,-0.240690
1670.014000,-0.103901
1670.015000,-0.135870
1670.016000,-0.162466
1670.017000,-0.203466
1670.018000,-0.044432
1670.019000,-0.016022
1670.020000,0.004605
1670.021000,0.031350
1670.022000,0.038354
1670.023000,-0.064149
1670.024000,0.020734
1670.025000,-0.037887
1670.026000,0.147138
1670.027000,0.223437
1670.028000,0.229454
1670.029000,0.162347
1670.030000,0.306810
1670.031000,0.155657
1670.032000,0.111244
1670.033000,0.135493
1670.034000,0.065424
1670.035000,0.007675
1670.036000,-0.152860
1670.037000,-0.011415
1670.038000,0.008159
1670.039000,0.076415
1670.040000,0.057595
1670.041000,0.127427
1670.042000,0.074388
1670.043000,-0.075539
1670.044000,-0.065331
1670.045000,0.180018
1670.046000,-0.003216
1670.047000,0.018558
1670.048000,0.013973
1670.049000,-0.010297
1670.050000,-0.086612
1670.051000,-0.223227
1670.052000,-0.117995
1670.053000,0.126613
1670.054000,0.148100
1670.055000,0.076374
1670.056000,0.152285
1670.057000,0.124032
1670.058000,0.061482
1670.059000,0.081060
1670.060000,0.102711
1670.061000,0.031114
1670.062000,0.120665
1670.063000,0.195220
1670.064000,0.133883
1670.065000,0.036573
1670.066000,0.173384
1670.067000,0.282255
1670.068000,0.316091
1670.069000,0.374865
1670.070000,0.354318
1670.071000,0.429341
1670.072000,0.493814
1670.073000,0.492844
1670.074000,0.424976
1670.075000,0.288842
1670.076000,0.248314
1670.077000,0.334328
1670.078000,0.040950
1670.079000,0.164013
1670.080000,0.216840
1670.081000,0.299260
1670.082000,0.292768
1670.083000,0.267663
1670.084000,0.173111
1670.085000,0.234932
1670.086000,0.312968
1670.087000,0.617846
1670.088000,0.635005
1670.089000,0.552198
1670.090000,0.439193
1670.091000,0.442096
1670.092000,0.552516
1670.093000,0.534252
1670.094000,0.718477
1670.095000,0.881252
1670.096000,0.959430
1670.097000,0.873654
1670.098000,0.818274
1670.099000,0.775157
1670.100000,0.827758
1670.101000,0.788637
1670.102000,0.570089
1670.103000,0.613569
1670.104000,0.677614
1670.105000,0.702541
1670.106000,0.573459
1670.107000,0.712265
1670.108000,0.647333
1670.109000,0.677569
1670.110000,0.536066
1670.111000,0.788354
1670.112000,0.670735
1670.113000,0.681790
1670.114000,0.663064
1670.115000,0.676886
1670.116000,0.544028
1670.117000,0.471250
1670.118000,0.680459
1670.119000,0.529041
1670.120000,0.561823
1670.121000,0.490878
1670.122000,0.434275
1670.123000,0.258888
1670.124000,0.296320
1670.125000,0.288206
1670.126000,0.288047
1670.127000,0.078968
1670.128000,0.091646
1670.129000,-0.001822
1670.130000,-0.039784
1670.131000,0.050551
1670.132000,-0.124275
1670.133000,-0.168113
1670.134000,-0.165853
1670.135000,-0.188067
1670.136000,-0.155457
1670.137000,-0.122419
1670.138000,-0.136824
1670.139000,-0.249956
1670.140000,-0.272222
1670.141000,-0.234843
1670.142000,-0.254680
1670.143000,-0.086360
1670.144000,-0.209499
1670.145000,-0.071545
1670.146000,0.049524
1670.147000,-0.049740
1670.148000,0.129235
1670.149000,0.096579
1670.150000,-0.076911
1670.151000,-0.181454
1670.152000,-0.201190
1670.153000,-0.202943
1670.154000,-0.220810
1670.155000,-0.094836
1670.156000,-0.166450
1670.157000,-0.194957
1670.158000,-0.139677
1670.159000,-0.072191
1670.160000,-0.032234
1670.161000,-0.168713
1670.162000,-0.186006
1670.163000,-0.095431
1670.164000,-0.012328
1670.165000,-0.024563
1670.166000,-0.034078
1670.167000,0.026654
1670.168000,0.129575
1670.169000,0.214577
1670.170000,0.151286
1670.171000,0.163455
1670.172000,0.096334
1670.173000,-0.050698
1670.174000,-0.021175
1670.175000,-0.125819
1670.176000,-0.125517
1670.177000,-0.173216
1670.178000,-0.201572
1670.179000,-0.404673
1670.180000,-0.467953
1670.181000,-0.493881
1670.182000,-0.526743
1670.183000,-0.459402
1670.184000,-0.418796
1670.185000,-0.403167
1670.186000,-0.367028
1670.187000,-0.474722
1670.188000,-0.360036
1670.189000,-0.494608
1670.190000,-0.659520
1670.191000,-0.910250
1670.192000,-0.932731
1670.193000,-0.942433
1670.194000,-0.816261
1670.195000,-1.008064
1670.196000,-1.035357
1670.197000,-1.120407
1670.198000,-1.276228
1670.199000,-1.282859
1670.200000,-1.103573
1670.201000,-1.008614
1670.202000,-0.991086
1670.203000,-0.920195
1670.204000,-1.015925
1670.205000,-0.999201
1670.206000,-1.058029
1670.207000,-1.044721
1670.208000,-0.838831
1670.209000,-0.888784
1670.210000,-0.936083
1670.211000,-0.788381
1670.212000,-0.898292
1670.213000,-1.068352
1670.214000,-1.018471
1670.215000,-1.191040
1670.216000,-1.029696
1670.217000,-1.062451
1670.218000,-0.895537
1670.219000,-0.948876
1670.220000,-0.741767
1670.221000,-0.605613
1670.222000,-0.539940
1670.223000,-0.510678
1670.224000,-0.564872
1670.225000,-0.645256
1670.226000,-0.723176
1670.227000,-0.768531
1670.228000,-0.783219
1670.229000,-0.852982
1670.230000,-0.854195
1670.231000,-0.940679
1670.232000,-1.180498
1670.233000,-1.055471
1670.234000,-0.908708
1670.235000,-0.695309
1670.236000,-0.532063
1670.237000,-0.538873
1670.238000,-0.483800
1670.239000,-0.524251
1670.240000,-0.471054
1670.241000,-0.338891
1670.242000,-0.307617
1670.243000,-0.349745
1670.244000,-0.470028
1670.245000,-0.389713
1670.246000,-0.329542
1670.247000,-0.201168
1670.248000,-0.109450
1670.249000,-0.106895
1670.250000,-0.097688
1670.251000,-0.060371
1670.252000,0.091054
1670.253000,0.234773
1670.254000,0.310048
1670.255000,0.343845
1670.256000,0.416254
1670.257000,0.334408
1670.258000,0.419139
1670.259000,0.130126
1670.260000,0.206173
1670.261000,0.292963
1670.262000,0.206291
1670.263000,0.303658
1670.264000,0.338614
1670.265000,0.424544
1670.266000,0.300471
1670.267000,0.272455
1670.268000,0.291782
1670.269000,0.201721
1670.270000,0.171188
1670.271000,0.185593
1670.272000,-0.018942
1670.273000,0.093991
1670.274000,0.041820
1670.275000,0.061275
1670.276000,0.110052
1670.277000,0.140051
1670.278000,0.223866
1670.279000,0.069695
1670.280000,-0.047364
1670.281000,-0.058256
1670.282000,-0.005075
1670.283000,-0.006633
1670.284000,-0.048754
1670.285000,0.207492
1670.286000,0.180080
1670.287000,0.173601
1670.288000,0.113160
1670.289000,0.092157
1670.290000,0.262685
1670.291000,0.295044
1670.292000,0.211451
1670.293000,0.189643
1670.294000,0.326587
1670.295000,0.207028
1670.296000,0.284214
1670.297000,0.294716
1670.298000,0.501309
1670.299000,0.463113
1670.300000,0.338401
1670.301000,0.278005
1670.302000,0.451514
1670.303000,0.431322
1670.304000,0.498973
1670.305000,0.379318
1670.306000,0.277615
1670.307000,0.313038
1670.308000,0.302894
1670.309000,0.261607
1670.310000,0.284852
1670.311000,0.307134
1670.312000,0.183034
1670.313000,0.130782
1670.314000,0.212227
1670.315000,0.277686
1670.316000,0.322296
1670.317000,0.471025
1670.318000,0.537543
1670.319000,0.461155
1670.320000,0.256253
1670.321000,0.216689
1670.322000,0.087941
1670.323000,-0.172240
1670.324000,-0.204687
1670.325000,-0.171392
1670.326000,-0.011312
1670.327000,0.038353
1670.328000,-0.107236
1670.329000,-0.097276
1670.330000,-0.096459
1670.331000,-0.044885
1670.332000,0.106614
1670.333000,0.125675
1670.334000,0.152037
1670.335000,0.021838
1670.336000,0.088241
1670.337000,0.167310
1670.338000,0.146878
1670.339000,0.142069
1670.340000,0.128753
1670.341000,0.174436
1670.342000,0.137268
1670.343000,-0.073683
1670.344000,0.069426
1670.345000,0.053602
1670.346000,0.028433
1670.347000,0.131972
1670.348000,0.042106
1670.349000,0.132503
1670.350000,0.044007
1670.351000,0.114563
1670.352000,0.058159
1670.353000,0.201633
1670.354000,0.109048
1670.355000,0.120057
1670.356000,0.181991
1670.357000,0.264353
1670.358000,0.278962
1670.359000,0.404111
1670.360000,0.262346
1670.361000,0.149532
1670.362000,0.131034
1670.363000,0.260659
1670.364000,0.387129
1670.365000,0.199833
1670.366000,0.140567
1670.367000,0.260662
1670.368000,0.352244
1670.369000,0.314298
1670.370000,0.397643
1670.371000,0.450176
1670.372000,0.473945
1670.373000,0.624265
1670.374000,0.609564
1670.375000,0.628923
1670.376000,0.648265
1670.377000,0.551163
1670.378000,0.558266
1670.379000,0.440243
1670.380000,0.071926
1670.381000,0.036207
1670.382000,-0.188853
1670.383000,-0.117298
1670.384000,-0.114075
1670.385000,-0.104538
1670.386000,-0.160669
1670.387000,-0.232852
1670.388000,-0.274609
1670.389000,-0.399714
1670.390000,-0.325320
1670.391000,-0.371669
1670.392000,-0.350493
1670.393000,-0.396471
1670.394000,-0.343945
1670.395000,-0.226714
1670.396000,-0.279199
1670.397000,-0.116269
1670.398000,-0.293949
1670.399000,-0.264737
1670.400000,-0.010415
1670.401000,0.068522
1670.402000,0.150765
1670.403000,0.179759
1670.404000,0.011906
1670.405000,0.089893
1670.406000,0.018015
1670.407000,0.049747
1670.408000,-0.140508
1670.409000,-0.253923
1670.410000,-0.286225
1670.411000,-0.266366
1670.412000,-0.253153
1670.413000,-0.264549
1670.414000,-0.151704
1670.415000,-0.167230
1670.416000,-0.205854
1670.417000,-0.458366
1670.418000,-0.473668
1670.419000,-0.367213
1670.420000,-0.441152
1670.421000,-0.422336
1670.422000,-0.345378
1670.423000,-0.358103
1670.424000,-0.471169
1670.425000,-0.590635
1670.426000,-0.395083
1670.427000,-0.498704
1670.428000,-0.593679
1670.429000,-0.468466
1670.430000,-0.380873
1670.431000,-0.320770
1670.432000,-0.252100
1670.433000,-0.213563
1670.434000,-0.344599
1670.435000,-0.387390
1670.436000,-0.370125
1670.437000,-0.356583
1670.438000,-0.405335
1670.439000,-0.475843
1670.440000,-0.302114
1670.441000,-0.246972
1670.442000,-0.177271
1670.443000,-0.007542
1670.444000,0.073554
1670.445000,0.176412
1670.446000,0.203378
1670.447000,0.191458
1670.448000,0.175662
1670.449000,0.173360
1670.450000,0.182079
1670.451000,0.230888
1670.452000,0.347060
1670.453000,0.376594
1670.454000,0.393355
1670.455000,0.433216
1670.456000,0.428169
1670.457000,0.272443
1670.458000,0.178147
1670.459000,0.199283
1670.460000,0.180301
1670.461000,0.096635
1670.462000,0.188212
1670.463000,0.160346
1670.464000,0.103558
1670.465000,-0.118337
1670.466000,-0.134508
1670.467000,-0.331405
1670.468000,-0.248859
1670.469000,-0.132636
1670.470000,0.065698
1670.471000,0.038081
1670.472000,0.100257
1670.473000,0.067831
1670.474000,0.267100
1670.475000,0.301566
1670.476000,0.440754
1670.477000,0.598652
1670.478000,0.558573
1670.479000,0.563434
1670.480000,0.546468
1670.481000,0.484806
1670.482000,0.338580
1670.483000,0.464867
1670.484000,0.544248
1670.485000,0.535774
1670.486000,0.482455
1670.487000,0.342798
1670.488000,0.432305
1670.489000,0.468368
1670.490000,0.475976
1670.491000,0.488980
1670.492000,0.357440
1670.493000,0.484427
1670.494000,0.457979
1670.495000,0.530003
1670.496000,0.441290
1670.497000,0.374284
1670.498000,0.464318
1670.499000,0.612365
1670.500000,0.395398
1670.501000,0.282567
1670.502000,0.185057
1670.503000,0.057281
1670.504000,0.051761
1670.505000,0.074702
1670.506000,-0.025009
1670.507000,-0.037039
1670.508000,0.217350
1670.509000,0.359772
1670.510000,0.347673
1670.511000,0.378771
1670.512000,0.323630
1670.513000,0.415302
1670.514000,0.463749
1670.515000,0.408457
1670.516000,0.303147
1670.517000,0.210052
1670.518000,0.256390
1670.519000,0.271300
1670.520000,0.038244
1670.521000,0.043293
1670.522000,0.043178
1670.523000,-0.031883
1670.524000,-0.091185
1670.525000,-0.149295
1670.526000,-0.228902
1670.527000,-0.320905
1670.528000,-0.183331
1670.529000,-0.279619
1670.530000,-0.348429
1670.531000,-0.496235
1670.532000,-0.497306
1670.533000,-0.741534
1670.534000,-0.631019
1670.535000,-0.901060
1670.536000,-0.990043
1670.537000,-0.940447
1670.538000,-0.724961
1670.539000,-0.722792
1670.540000,-0.781341
1670.541000,-0.899877
1670.542000,-0.917704
1670.543000,-1.245501
1670.544000,-1.277812
1670.545000,-1.244540
1670.546000,-1.333648
1670.547000,-1.348390
1670.548000,-1.399545
1670.549000,-1.469980
1670.550000,-1.740069
1670.551000,-1.713137
1670.552000,-1.671079
1670.553000,-1.754154
1670.554000,-1.786802
1670.555000,-1.697731
1670.556000,-1.629380
1670.557000,-1.320319
1670.558000,-1.392197
1670.559000,-1.336740
1670.560000,-1.275009
1670.561000,-1.401355
1670.562000,-1.324740
1670.563000,-1.249009
1670.564000,-1.174464
1670.565000,-1.180634
1670.566000,-1.008206
1670.567000,-0.899726
1670.568000,-0.944488
1670.569000,-1.045902
1670.570000,-1.120283
1670.571000,-1.119802
1670.572000,-1.139181
1670.573000,-1.193456
1670.574000,-1.114945
1670.575000,-1.095352
1670.576000,-1.042370
1670.577000,-1.067496
1670.578000,-1.170593
1670.579000,-1.303008
1670.580000,-1.270685
1670.581000,-1.230659
1670.582000,-0.989659
1670.583000,-0.804311
1670.584000,-0.809703
1670.585000,-0.726834
1670.586000,-0.762850
1670.587000,-0.484835
1670.588000,-0.407128
1670.589000,-0.345622
1670.590000,-0.450921
1670.591000,-0.585153
1670.592000,-0.590267
1670.593000,-0.556112
1670.594000,-0.702998
1670.595000,-0.585066
1670.596000,-0.477502
1670.597000,-0.305325
1670.598000,-0.321987
1670.599000,-0.236239
1670.600000,-0.335170
1670.601000,-0.396858
1670.602000,-0.417123
1670.603000,-0.253789
1670.604000,-0.456578
1670.605000,-0.481529
1670.606000,-0.519555
1670.607000,-0.396008
1670.608000,-0.442555
1670.609000,-0.593336
1670.610000,-0.635528
1670.611000,-0.608737
1670.612000,-0.613189
1670.613000,-0.722927
1670.614000,-0.831747
1670.615000,-0.663560
1670.616000,-0.744834
1670.617000,-0.545413
1670.618000,-0.479163
1670.619000,-0.444378
1670.620000,-0.216998
1670.621000,-0.123238
1670.622000,-0.260273
1670.623000,-0.261577
1670.624000,-0.119472
1670.625000,-0.163702
1670.626000,0.003991
1670.627000,0.013608
1670.628000,-0.052207
1670.629000,-0.180514
1670.630000,-0.296026
1670.631000,-0.296724
1670.632000,-0.141384
1670.633000,0.029970
1670.634000,-0.045028
1670.635000,-0.023851
1670.636000,-0.020456
1670.637000,0.090452
1670.638000,0.165242
1670.639000,0.136233
1670.640000,0.171133
1670.641000,0.091226
1670.642000,0.223504
1670.643000,0.338074
1670.644000,0.309126
1670.645000,0.263266
1670.646000,0.396097
1670.647000,0.287860
1670.648000,0.262091
1670.649000,0.293655
1670.650000,0.315594
1670.651000,0.380754
1670.652000,0.481555
1670.653000,0.520146
1670.654000,0.470653
1670.655000,0.504534
1670.656000,0.488660
1670.657000,0.531428
1670.658000,0.684210
1670.659000,0.512474
1670.660000,0.500103
1670.661000,0.732042
1670.662000,0.752510
1670.663000,0.789734
1670.664000,0.708903
1670.665000,0.835374
1670.666000,0.844448
1670.667000,0.846188
1670.668000,0.845245
1670.669000,0.780771
1670.670000,0.828399
1670.671000,0.700418
1670.672000,0.536744
1670.673000,0.586976
1670.674000,0.631264
1670.675000,0.654012
1670.676000,0.540234
1670.677000,0.456073
1670.678000,0.372579
1670.679000,0.397338
1670.680000,0.494709
1670.681000,0.476699
1670.682000,0.233874
1670.683000,0.300551
1670.684000,0.525356
1670.685000,0.299695
1670.686000,0.100645
1670.687000,0.159387
1670.688000,0.185639
1670.689000,-0.005401
1670.690000,0.151045
1670.691000,0.146456
1670.692000,0.099480
1670.693000,0.273505
1670.694000,0.375332
1670.695000,0.474829
1670.696000,0.535611
1670.697000,0.491534
1670.698000,0.541832
1670.699000,0.402143
1670.700000,0.319514
1670.701000,0.272274
1670.702000,0.335630
1670.703000,0.285758
1670.704000,0.265333
1670.705000,0.071490
1670.706000,0.197935
1670.707000,0.302395
1670.708000,0.410930
1670.709000,0.293914
1670.710000,0.333852
1670.711000,0.369787
1670.712000,0.419053
1670.713000,0.344005
1670.714000,0.367594
1670.715000,0.519000
1670.716000,0.545063
1670.717000,0.484253
1670.718000,0.392062
1670.719000,0.544395
1670.720000,0.576505
1670.721000,0.617525
1670.722000,0.546058
1670.723000,0.509391
1670.724000,0.555198
1670.725000,0.740538
1670.726000,0.746800
1670.727000,0.612516
1670.728000,0.525088
1670.729000,0.512353
1670.730000,0.568632
1670.731000,0.632292
1670.732000,0.664257
1670.733000,0.633866
1670.734000,0.505345
1670.735000,0.520836
1670.736000,0.578048
1670.737000,0.536761
1670.738000,0.479516
1670.739000,0.529143
1670.740000,0.583420
1670.741000,0.454123
1670.742000,0.395017
1670.743000,0.448509
1670.744000,0.510479
1670.745000,0.663726
1670.746000,0.647685
1670.747000,0.406071
1670.748000,0.350737
1670.749000,0.336916
1670.750000,0.423732
1670.751000,0.550295
1670.752000,0.482376
1670.753000,0.356017
1670.754000,0.585554
1670.755000,0.416621
1670.756000,0.357618
1670.757000,0.437310
1670.758000,0.500822
1670.759000,0.415252
1670.760000,0.163599
1670.761000,0.210741
1670.762000,0.264648
1670.763000,0.384901
1670.764000,0.255402
1670.765000,0.281912
1670.766000,0.166287
1670.767000,0.266691
1670.768000,0.288233
1670.769000,0.502912
1670.770000,0.480463
1670.771000,0.632373
1670.772000,0.524570
1670.773000,0.593794
1670.774000,0.564862
1670.775000,0.412948
1670.776000,0.450735
1670.777000,0.468818
1670.778000,0.387498
1670.779000,0.268754
1670.780000,0.130535
1670.781000,-0.002818
1670.782000,0.036849
1670.783000,-0.025993
1670.784000,0.305872
1670.785000,0.394367
1670.786000,0.193175
1670.787000,0.198735
1670.788000,0.136885
1670.789000,0.037737
1670.790000,0.103466
1670.791000,0.145859
1670.792000,0.174354
1670.793000,0.277955
1670.794000,0.080096
1670.795000,0.001432
1670.796000,-0.014288
1670.797000,0.103928
1670.798000,0.057970
1670.799000,0.138550
1670.800000,0.105751
1670.801000,-0.101533
1670.802000,-0.057032
1670.803000,0.068270
1670.804000,0.063909
1670.805000,-0.047267
1670.806000,-0.040855
1670.807000,-0.060339
1670.808000,-0.131111
1670.809000,-0.200102
1670.810000,0.011335
1670.811000,0.146258
1670.812000,0.097229
1670.813000,0.265461
1670.814000,0.498647
1670.815000,0.369219
1670.816000,0.293571
1670.817000,0.256747
1670.818000,0.332299
1670.819000,0.368108
1670.820000,0.415427
1670.821000,0.593665
1670.822000,0.501680
1670.823000,0.409165
1670.824000,0.393893
1670.825000,0.409784
1670.826000,0.368897
1670.827000,0.498624
1670.828000,0.345050
1670.829000,0.366950
1670.830000,0.378356
1670.831000,0.333161
1670.832000,0.329670
1670.833000,0.371590
1670.834000,0.347965
1670.835000,0.351513
1670.836000,0.304492
1670.837000,0.220990
1670.838000,0.274220
1670.839000,0.258153
1670.840000,0.184949
1670.841000,0.366517
1670.842000,0.346087
1670.843000,0.309150
1670.844000,0.305921
1670.845000,0.374012
1670.846000,0.134565
1670.847000,0.185226
1670.848000,0.310195
1670.849000,0.320462
1670.850000,0.336241
1670.851000,0.228712
1670.852000,0.109511
1670.853000,0.282904
1670.854000,0.376568
1670.855000,0.362935
1670.856000,0.435904
1670.857000,0.421910
1670.858000,0.415830
1670.859000,0.360108
1670.860000,0.338287
1670.861000,0.434975
1670.862000,0.533203
1670.863000,0.642845
1670.864000,0.544664
1670.865000,0.670178
1670.866000,0.670463
1670.867000,0.725629
1670.868000,0.664745
1670.869000,0.759048
1670.870000,0.612206
1670.871000,0.645829
1670.872000,0.419708
1670.873000,0.480751
1670.874000,0.454748
1670.875000,0.443558
1670.876000,0.291748
1670.877000,0.166064
1670.878000,0.230853
1670.879000,0.278639
1670.880000,0.150622
1670.881000,0.103793
1670.882000,0.044821
1670.883000,-0.086973
1670.884000,-0.038456
1670.885000,-0.022063
1670.886000,-0.116424
1670.887000,-0.275626
1670.888000,-0.341333
1670.889000,-0.264708
1670.890000,-0.331399
1670.891000,-0.345834
1670.892000,-0.389392
1670.893000,-0.461974
1670.894000,-0.341635
1670.895000,-0.312601
1670.896000,-0.299530
1670.897000,-0.286101
1670.898000,-0.324850
1670.899000,-0.521805
1670.900000,-0.408958
1670.901000,-0.566886
1670.902000,-0.614654
1670.903000,-0.702954
1670.904000,-0.823468
1670.905000,-0.662494
1670.906000,-0.795427
1670.907000,-0.827801
1670.908000,-0.723764
1670.909000,-0.743859
1670.910000,-0.720803
1670.911000,-0.663642
1670.912000,-0.534744
1670.913000,-0.493776
1670.914000,-0.483299
1670.915000,-0.570553
1670.916000,-0.399474
1670.917000,-0.216896
1670.918000,-0.076398
1670.919000,0.064217
1670.920000,0.015476
1670.921000,-0.034091
1670.922000,-0.093388
1670.923000,-0.028625
1670.924000,0.048734
1670.925000,0.071400
1670.926000,0.015719
1670.927000,0.291701
1670.928000,0.278282
1670.929000,0.286618
1670.930000,0.314928
1670.931000,0.504298
1670.932000,0.410303
1670.933000,0.302745
1670.934000,0.397551
1670.935000,0.345037
1670.936000,0.338579
1670.937000,0.196865
1670.938000,0.229523
1670.939000,0.207291
1670.940000,0.335273
1670.941000,0.479127
1670.942000,0.465116
1670.943000,0.535038
1670.944000,0.490895
1670.945000,0.475178
1670.946000,0.402524
1670.947000,0.501987
1670.948000,0.521878
1670.949000,0.521636
1670.950000,0.549690
1670.951000,0.586995
1670.952000,0.688543
1670.953000,0.843817
1670.954000,0.849016
1670.955000,0.834711
1670.956000,0.715249
1670.957000,0.567577
1670.958000,0.405427
1670.959000,0.320488
1670.960000,0.217542
1670.961000,0.244599
1670.962000,0.147066
1670.963000,0.072850
1670.964000,0.013444
1670.965000,-0.121812
1670.966000,-0.042299
1670.967000,0.066848
1670.968000,0.081258
1670.969000,0.049757
1670.970000,0.127566
1670.971000,0.277184
1670.972000,0.055699
1670.973000,-0.039816
1670.974000,-0.126137
1670.975000,-0.149664
1670.976000,-0.077245
1670.977000,0.019824
1670.978000,0.013455
1670.979000,0.162276
1670.980000,0.350553
1670.981000,0.187129
1670.982000,0.333032
1670.983000,0.231433
1670.984000,0.281262
1670.985000,0.400233
1670.986000,0.506117
1670.987000,0.504064
1670.988000,0.504377
1670.989000,0.431400
1670.990000,0.492118
1670.991000,0.463232
1670.992000,0.439804
1670.993000,0.455437
1670.994000,0.415610
1670.995000,0.447712
1670.996000,0.599667
1670.997000,0.808695
1670.998000,0.955085
1670.999000,0.944755
1671.000000,0.856772
1671.001000,0.867452
1671.002000,0.775845
1671.003000,0.838562
1671.004000,0.830086
1671.005000,1.054771
1671.006000,1.045559
1671.007000,1.104901
1671.008000,1.158701
1671.009000,0.967255
1671.010000,0.817699
1671.011000,0.792285
1671.012000,0.914289
1671.013000,1.111745
1671.014000,1.077104
1671.015000,1.245105
1671.016000,1.122576
1671.017000,1.031189
1671.018000,1.114608
1671.019000,1.039211
1671.020000,1.067424
1671.021000,1.039308
1671.022000,1.143463
1671.023000,1.116311
1671.024000,0.983833
1671.025000,0.697704
1671.026000,0.659080
1671.027000,0.591521
1671.028000,0.604551
1671.029000,0.706092
1671.030000,0.619055
1671.031000,0.606687
1671.032000,0.675226
1671.033000,0.498102
1671.034000,0.600599
1671.035000,0.508427
1671.036000,0.613585
1671.037000,0.639258
1671.038000,0.546796
1671.039000,0.488018
1671.040000,0.664829
1671.041000,0.757808
1671.042000,0.619482
1671.043000,0.396923
1671.044000,0.242955
1671.045000,0.105559
1671.046000,-0.030915
1671.047000,-0.163509
1671.048000,0.010786
1671.049000,-0.031117
1671.050000,-0.239485
1671.051000,-0.363184
1671.052000,-0.462240
1671.053000,-0.574636
1671.054000,-0.525632
1671.055000,-0.516571
1671.056000,-0.675220
1671.057000,-0.568870
1671.058000,-0.451485
1671.059000,-0.318123
1671.060000,-0.358500
1671.061000,-0.453311
1671.062000,-0.470136
1671.063000,-0.365576
1671.064000,-0.485327
1671.065000,-0.669950
1671.066000,-0.627853
1671.067000,-0.650255
1671.068000,-0.671595
1671.069000,-0.713573
1671.070000,-0.677523
1671.071000,-0.812642
1671.072000,-0.885782
1671.073000,-0.906793
1671.074000,-0.858798
1671.075000,-1.010951
1671.076000,-0.989328
1671.077000,-0.942909
1671.078000,-1.031786
1671.079000,-0.971683
1671.080000,-1.050264
1671.081000,-0.962807
1671.082000,-0.930856
1671.083000,-1.060935
1671.084000,-1.232114
1671.085000,-1.192429
1671.086000,-1.145816
1671.087000,-1.010541
1671.088000,-1.120264
1671.089000,-1.092206
1671.090000,-1.000100
1671.091000,-0.848284
1671.092000,-0.795293
1671.093000,-0.758397
1671.094000,-0.739638
1671.095000,-0.741103
1671.096000,-0.815227
1671.097000,-0.956949
1671.098000,-0.780453
1671.099000,-0.761893
1671.100000,-0.836267
1671.101000,-0.909034
1671.102000,-0.986417
1671.103000,-1.293180
1671.104000,-1.388284
1671.105000,-1.368432
1671.106000,-1.294208
1671.107000,-1.248228
1671.108000,-1.217293
1671.109000,-1.342421
1671.110000,-1.452502
1671.111000,-1.299532
1671.112000,-1.272900
1671.113000,-1.257146
1671.114000,-1.172712
1671.115000,-1.034180
1671.116000,-0.999596
1671.117000,-1.125004
1671.118000,-1.109275
1671.119000,-1.181481
1671.120000,-0.942873
1671.121000,-0.799350
1671.122000,-0.829291
1671.123000,-0.840589
1671.124000,-0.828051
1671.125000,-0.856032
1671.126000,-0.819956
1671.127000,-0.825296
1671.128000,-0.924592
1671.129000,-1.015112
1671.130000,-0.978570
1671.131000,-0.961928
1671.132000,-1.172890
1671.133000,-1.237588
1671.134000,-1.136399
1671.135000,-1.212099
1671.136000,-1.098198
1671.137000,-1.055426
1671.138000,-1.038394
1671.139000,-1.014437
1671.140000,-1.068859
1671.141000,-0.896674
1671.142000,-0.856874
1671.143000,-0.933722
1671.144000,-0.842058
1671.145000,-0.902363
1671.146000,-0.990494
1671.147000,-1.138939
1671.148000,-1.267344
1671.149000,-1.005663
1671.150000,-0.915616
1671.151000,-0.811837
1671.152000,-0.820302
1671.153000,-0.905859
1671.154000,-0.898936
1671.155000,-0.875586
1671.156000,-0.668351
1671.157000,-0.615901
1671.158000,-0.485310
1671.159000,-0.528402
1671.160000,-0.547435
1671.161000,-0.689191
1671.162000,-0.820407
1671.163000,-0.854816
1671.164000,-0.970161
1671.165000,-0.804833
1671.166000,-0.814648
1671.167000,-0.793527
1671.168000,-0.534967
1671.169000,-0.473576
1671.170000,-0.458941
1671.171000,-0.302202
1671.172000,-0.331498
1671.173000,-0.378500
1671.174000,-0.488798
1671.175000,-0.435456
1671.176000,-0.446094
1671.177000,-0.481736
1671.178000,-0.529272
1671.179000,-0.663049
1671.180000,-0.604883
1671.181000,-0.605282
1671.182000,-0.373569
1671.183000,-0.440541
1671.184000,-0.291622
1671.185000,-0.027470
1671.186000,0.078898
1671.187000,0.105720
1671.188000,0.019023
1671.189000,0.134685
1671.190000,0.147910
1671.191000,0.370202
1671.192000,0.476894
1671.193000,0.535907
1671.194000,0.459865
1671.195000,0.297792
1671.196000,0.469848
1671.197000,0.537458
1671.198000,0.506794
1671.199000,0.427460
1671.200000,0.413458
1671.201000,0.299232
1671.202000,0.316995
1671.203000,0.426617
1671.204000,0.215521
1671.205000,0.138746
1671.206000,0.145080
1671.207000,0.246113
1671.208000,0.112531
1671.209000,0.286851
1671.210000,0.247109
1671.211000,0.220720
1671.212000,0.222345
1671.213000,0.200948
1671.214000,0.297378
1671.215000,0.289345
1671.216000,0.268651
1671.217000,0.345101
1671.218000,0.470505
1671.219000,0.352669
1671.220000,0.204500
1671.221000,0.332382
1671.222000,0.483716
1671.223000,0.390394
1671.224000,0.311888
1671.225000,0.353887
1671.226000,0.116930
1671.227000,0.071385
1671.228000,0.025256
1671.229000,-0.023676
1671.230000,-0.142203
1671.231000,-0.010033
1671.232000,-0.076749
1671.233000,-0.103642
1671.234000,-0.204140
1671.235000,-0.055801
1671.236000,-0.054062
1671.237000,0.039005
1671.238000,0.040702
1671.239000,0.072528
1671.240000,0.227872
1671.241000,0.033163
1671.242000,0.010608
1671.243000,0.074997
1671.244000,0.075368
1671.245000,-0.068293
1671.246000,0.003215
1671.247000,-0.131181
1671.248000,0.018110
1671.249000,-0.098743
1671.250000,0.015380
1671.251000,0.214688
1671.252000,0.199916
1671.253000,0.280188
1671.254000,0.356419
1671.255000,0.321040
1671.256000,0.075166
1671.257000,0.189026
1671.258000,0.337259
1671.259000,0.311819
1671.260000,0.544124
1671.261000,0.509068
1671.262000,0.451226
1671.263000,0.515735
1671.264000,0.594468
1671.265000,0.666487
1671.266000,0.687524
1671.267000,0.693694
1671.268000,0.667284
1671.269000,0.647908
1671.270000,0.662854
1671.271000,0.552090
1671.272000,0.823512
1671.273000,0.967282
1671.274000,1.182150
1671.275000,1.048142
1671.276000,0.994905
1671.277000,0.967620
1671.278000,1.072824
1671.279000,1.243075
1671.280000,1.319944
1671.281000,1.430441
1671.282000,1.396025
1671.283000,1.378795
1671.284000,1.241875
1671.285000,1.165553
1671.286000,1.379434
1671.287000,1.274693
1671.288000,1.108593
1671.289000,1.195362
1671.290000,1.158463
1671.291000,1.256041
1671.292000,1.342231
1671.293000,1.354259
1671.294000,1.149834
1671.295000,1.160644
1671.296000,1.076392
1671.297000,1.143301
1671.298000,1.025878
1671.299000,1.083182
1671.300000,1.000259
1671.301000,0.851556
1671.302000,0.741676
1671.303000,0.639359
1671.304000,0.685474
1671.305000,0.613596
1671.306000,0.777033
1671.307000,0.876549
1671.308000,0.741319
1671.309000,0.824442
1671.310000,0.738955
1671.311000,0.567105
1671.312000,0.420096
1671.313000,0.415644
1671.314000,0.281952
1671.315000,0.305484
1671.316000,0.307394
1671.317000,0.234066
1671.318000,0.234130
1671.319000,0.320981
1671.320000,0.250321
1671.321000,0.183042
1671.322000,0.252936
1671.323000,0.270639
1671.324000,0.288289
1671.325000,0.195561
1671.326000,0.078268
1671.327000,0.119169
1671.328000,0.078253
1671.329000,0.060071
1671.330000,0.050061
1671.331000,0.118148
1671.332000,0.230596
1671.333000,0.129709
1671.334000,-0.016873
1671.335000,-0.102010
1671.336000,-0.017974
1671.337000,-0.177782
1671.338000,-0.237994
1671.339000,-0.432986
1671.340000,-0.386259
1671.341000,-0.449387
1671.342000,-0.543844
1671.343000,-0.670109
1671.344000,-0.606811
1671.345000,-0.630691
1671.346000,-0.905389
1671.347000,-0.825341
1671.348000,-0.746536
1671.349000,-0.796898
1671.350000,-0.835836
1671.351000,-0.744004
1671.352000,-0.946894
1671.353000,-0.718615
1671.354000,-0.644137
1671.355000,-0.643598
1671.356000,-0.776708
1671.357000,-0.699128
1671.358000,-0.594614
1671.359000,-0.776432
1671.360000,-0.862926
1671.361000,-0.950416
1671.362000,-0.835835
1671.363000,-0.869275
1671.364000,-0.871380
1671.365000,-0.720691
1671.366000,-0.643283
1671.367000,-0.687192
1671.368000,-0.741715
1671.369000,-0.753649
1671.370000,-0.795196
1671.371000,-0.777899
1671.372000,-0.789502
1671.373000,-0.736717
1671.374000,-0.759157
1671.375000,-0.617133
1671.376000,-0.529769
1671.377000,-0.445010
1671.378000,-0.416912
1671.379000,-0.354944
1671.380000,-0.324769
1671.381000,-0.271628
1671.382000,-0.200064
1671.383000,-0.166447
1671.384000,-0.083634
1671.385000,-0.309868
1671.386000,-0.164762
1671.387000,-0.188637
1671.388000,-0.274976
1671.389000,-0.203289
1671.390000,-0.106243
1671.391000,0.101751
1671.392000,0.131223
1671.393000,0.040087
1671.394000,-0.014497
1671.395000,0.001767
1671.396000,0.168381
1671.397000,0.189953
1671.398000,0.333658
1671.399000,0.277745
1671.400000,0.104878
1671.401000,0.101030
1671.402000,0.147634
1671.403000,0.253771
1671.404000,0.194081
1671.405000,0.140529
1671.406000,0.040128
1671.407000,0.055338
1671.408000,0.212103
1671.409000,0.117330
1671.410000,0.018397
1671.411000,0.035487
1671.412000,0.155355
1671.413000,0.111075
1671.414000,0.269783
1671.415000,0.175603
1671.416000,0.074630
1671.417000,0.112879
1671.418000,0.087180
1671.419000,-0.099326
1671.420000,-0.194475
1671.421000,-0.259864
1671.422000,-0.231479
1671.423000,-0.294379
1671.424000,-0.418188
1671.425000,-0.245656
1671.426000,-0.212593
1671.427000,-0.041847
1671.428000,-0.042582
1671.429000,-0.169100
1671.430000,-0.050945
1671.431000,-0.124659
1671.432000,-0.069186
1671.433000,0.007663
1671.434000,0.092292
1671.435000,0.026304
1671.436000,0.020153
1671.437000,-0.078415
1671.438000,-0.202624
1671.439000,-0.192168
1671.440000,-0.137279
1671.441000,-0.175406
1671.442000,-0.188591
1671.443000,-0.328960
1671.444000,-0.314948
1671.445000,-0.230138
1671.446000,-0.231386
1671.447000,-0.118787
1671.448000,-0.087459
1671.449000,-0.280158
1671.450000,-0.211605
1671.451000,-0.187105
1671.452000,-0.070058
1671.453000,-0.194647
1671.454000,-0.458587
1671.455000,-0.505225
1671.456000,-0.581559
1671.457000,-0.513226
1671.458000,-0.413845
1671.459000,-0.453375
1671.460000,-0.572795
1671.461000,-0.651462
1671.462000,-0.599131
1671.463000,-0.654624
1671.464000,-0.637828
1671.465000,-0.703268
1671.466000,-0.662794
1671.467000,-0.634859
1671.468000,-0.614853
1671.469000,-0.530435
1671.470000,-0.696866
1671.471000,-0.652601
1671.472000,-0.563557
1671.473000,-0.518014
1671.474000,-0.563678
1671.475000,-0.578068
1671.476000,-0.459739
1671.477000,-0.603582
1671.478000,-0.584997
1671.479000,-0.763292
1671.480000,-0.702712
1671.481000,-0.653101
1671.482000,-0.774002
1671.483000,-0.820083
1671.484000,-0.767452
1671.485000,-0.891698
1671.486000,-0.800057
1671.487000,-0.813036
1671.488000,-0.848383
1671.489000,-0.800671
1671.490000,-0.810977
1671.491000,-0.814703
1671.492000,-0.763335
1671.493000,-0.665033
1671.494000,-0.624047
1671.495000,-0.696399
1671.496000,-0.665886
1671.497000,-0.756523
1671.498000,-0.839113
1671.499000,-0.723382
1671.500000,-0.588024
1671.501000,-0.791597
1671.502000,-0.596818
1671.503000,-0.642894
1671.504000,-0.566248
1671.505000,-0.315167
1671.506000,-0.181941
1671.507000,-0.202961
1671.508000,-0.179112
1671.509000,-0.031277
1671.510000,0.033980
1671.511000,0.104533
1671.512000,0.186255
1671.513000,0.273771
1671.514000,0.376244
1671.515000,0.385766
1671.516000,0.370044
1671.517000,0.423848
1671.518000,0.427152
1671.519000,0.417813
1671.520000,0.483996
1671.521000,0.475604
1671.522000,0.708264
1671.523000,0.769477
1671.524000,0.691622
1671.525000,0.669168
1671.526000,0.651064
1671.527000,0.638266
1671.528000,0.645362
1671.529000,0.615708
1671.530000,0.662722
1671.531000,0.744486
1671.532000,0.745865
1671.533000,0.731704
1671.534000,0.794788
1671.535000,0.714126
1671.536000,0.787182
1671.537000,0.656936
1671.538000,0.729492
1671.539000,0.767596
1671.540000,0.799870
1671.541000,0.667551
1671.542000,0.443897
1671.543000,0.285278
1671.544000,0.217081
1671.545000,0.094096
1671.546000,0.149741
1671.547000,0.034966
1671.548000,-0.027296
1671.549000,-0.069756
1671.550000,-0.061697
1671.551000,-0.045755
1671.552000,-0.146621
1671.553000,-0.180253
1671.554000,-0.175889
1671.555000,-0.107260
1671.556000,-0.113217
1671.557000,-0.133710
1671.558000,-0.164510
1671.559000,-0.050748
1671.560000,0.198539
1671.561000,0.273938
1671.562000,0.352291
1671.563000,0.373282
1671.564000,0.223602
1671.565000,0.044656
1671.566000,0.159522
1671.567000,0.184732
1671.568000,0.212614
1671.569000,0.309712
1671.570000,0.330396
1671.571000,0.330625
1671.572000,0.402299
1671.573000,0.293911
1671.574000,0.393547
1671.575000,0.462279
1671.576000,0.614493
1671.577000,0.481561
1671.578000,0.594769
1671.579000,0.485006
1671.580000,0.461258
1671.581000,0.543033
1671.582000,0.428253
1671.583000,0.546100
1671.584000,0.756336
1671.585000,0.754745
1671.586000,0.660279
1671.587000,0.670134
1671.588000,0.651863
1671.589000,0.632341
1671.590000,0.615936
1671.591000,0.587852
1671.592000,0.468988
1671.593000,0.426269
1671.594000,0.511151
1671.595000,0.550138
1671.596000,0.613023
1671.597000,0.558429
1671.598000,0.634633
1671.599000,0.691001
1671.600000,0.769035
1671.601000,0.655859
1671.602000,0.808651
1671.603000,0.803817
1671.604000,0.848857
1671.605000,0.881289
1671.606000,0.840736
1671.607000,0.943270
1671.608000,0.786688
1671.609000,0.847113
1671.610000,0.991742
1671.611000,0.918627
1671.612000,1.043827
1671.613000,1.053448
1671.614000,1.049787
1671.615000,0.950451
1671.616000,0.908100
1671.617000,0.883969
1671.618000,1.000062
1671.619000,0.905343
1671.620000,0.995176
1671.621000,1.107193
1671.622000,1.052303
1671.623000,1.051812
1671.624000,0.967848
1671.625000,0.937689
1671.626000,0.794513
1671.627000,0.843836
1671.628000,0.690536
1671.629000,0.664010
1671.630000,0.604557
1671.631000,0.697163
1671.632000,0.841036
1671.633000,0.880956
1671.634000,0.828399
1671.635000,0.841914
1671.636000,0.868194
1671.637000,0.794364
1671.638000,0.767554
1671.639000,0.764167
1671.640000,0.725147
1671.641000,0.718947
1671.642000,0.726198
1671.643000,0.708350
1671.644000,0.794614
1671.645000,0.889185
1671.646000,0.585950
1671.647000,0.481264
1671.648000,0.248095
1671.649000,0.029176
1671.650000,0.031930
1671.651000,-0.117656
1671.652000,-0.069997
1671.653000,-0.039241
1671.654000,-0.147466
1671.655000,0.060715
1671.656000,0.219337
1671.657000,0.211319
1671.658000,0.358368
1671.659000,0.464312
1671.660000,0.469130
1671.661000,0.305445
1671.662000,0.356759
1671.663000,0.274337
1671.664000,0.128268
1671.665000,-0.049549
1671.666000,-0.001653
1671.667000,0.076713
1671.668000,0.000847
1671.669000,-0.031049
1671.670000,-0.072223
1671.671000,-0.120712
1671.672000,0.023397
1671.673000,0.037132
1671.674000,-0.194297
1671.675000,-0.278825
1671.676000,-0.293255
1671.677000,-0.191338
1671.678000,-0.140244
1671.679000,-0.056346
1671.680000,-0.035358
1671.681000,-0.163625
1671.682000,-0.215619
1671.683000,-0.133060
1671.684000,-0.103706
1671.685000,-0.126046
1671.686000,0.030635
1671.687000,-0.366595
1671.688000,-0.239663
1671.689000,-0.251371
1671.690000,-0.097567
1671.691000,-0.249025
1671.692000,-0.289126
1671.693000,-0.303410
1671.694000,-0.317868
1671.695000,-0.256258
1671.696000,-0.358898
1671.697000,-0.346662
1671.698000,-0.317227
1671.699000,-0.325398
1671.700000,-0.192800
1671.701000,-0.306918
1671.702000,-0.297967
1671.703000,-0.479695
1671.704000,-0.553021
1671.705000,-0.478503
1671.706000,-0.416339
1671.707000,-0.466015
1671.708000,-0.526533
1671.709000,-0.686942
1671.710000,-0.641558
1671.711000,-0.555469
1671.712000,-0.559601
1671.713000,-0.737738
1671.714000,-0.760662
1671.715000,-0.670774
1671.716000,-0.450570
1671.717000,-0.506186
1671.718000,-0.608972
1671.719000,-0.801364
1671.720000,-0.998516
1671.721000,-0.917536
1671.722000,-0.864461
1671.723000,-0.864277
1671.724000,-0.804690
1671.725000,-0.985977
1671.726000,-1.096312
1671.727000,-1.146711
1671.728000,-1.119067
1671.729000,-0.987120
1671.730000,-0.964787
1671.731000,-0.886120
1671.732000,-0.768992
1671.733000,-0.695947
1671.734000,-0.600307
1671.735000,-0.583796
1671.736000,-0.581586
1671.737000,-0.462103
1671.738000,-0.442884
1671.739000,-0.467643
1671.740000,-0.307403
1671.741000,-0.261451
1671.742000,-0.236142
1671.743000,-0.137331
1671.744000,-0.083328
1671.745000,-0.055935
1671.746000,-0.044145
1671.747000,-0.051930
1671.748000,-0.094898
1671.749000,0.020284
1671.750000,-0.279433
1671.751000,-0.330861
1671.752000,-0.178838
1671.753000,-0.121144
1671.754000,-0.334953
1671.755000,-0.411837
1671.756000,-0.258980
1671.757000,-0.086005
1671.758000,-0.174549
1671.759000,-0.279770
1671.760000,-0.280924
1671.761000,-0.140932
1671.762000,-0.079733
1671.763000,-0.053487
1671.764000,0.131076
1671.765000,0.175193
1671.766000,0.353150
1671.767000,0.492025
1671.768000,0.497629
1671.769000,0.501917
1671.770000,0.592353
1671.771000,0.560062
1671.772000,0.607487
1671.773000,0.492990
1671.774000,0.578705
1671.775000,0.793690
1671.776000,0.875203
1671.777000,0.899868
1671.778000,1.065486
1671.779000,1.145047
1671.780000,1.063961
1671.781000,1.138691
1671.782000,1.066641
1671.783000,0.917543
1671.784000,0.981464
1671.785000,0.655175
1671.786000,0.569923
1671.787000,0.601629
1671.788000,0.629810
1671.789000,0.628949
1671.790000,0.587473
1671.791000,0.651405
1671.792000,0.611845
1671.793000,0.485672
1671.794000,0.507412
1671.795000,0.437379
1671.796000,0.434867
1671.797000,0.330703
1671.798000,0.530886
1671.799000,0.529887
1671.800000,0.324081
1671.801000,0.263592
1671.802000,0.085016
1671.803000,0.057891
1671.804000,0.112143
1671.805000,0.072405
1671.806000,0.093707
1671.807000,-0.072257
1671.808000,-0.159126
1671.809000,-0.261047
1671.810000,-0.407851
1671.811000,-0.315849
1671.812000,-0.553082
1671.813000,-0.600825
1671.814000,-0.633849
1671.815000,-0.711340
1671.816000,-0.760159
1671.817000,-0.578896
1671.818000,-0.501808
1671.819000,-0.594799
1671.820000,-0.484034
1671.821000,-0.305298
1671.822000,-0.447898
1671.823000,-0.417859
1671.824000,-0.357582
1671.825000,-0.345221
1671.826000,-0.217670
1671.827000,-0.176197
1671.828000,-0.103726
1671.829000,0.005952
1671.830000,0.096839
1671.831000,0.060438
1671.832000,0.064913
1671.833000,-0.056763
1671.834000,-0.067652
1671.835000,-0.096950
1671.836000,-0.096856
1671.837000,0.011221
1671.838000,0.037073
1671.839000,0.084111
1671.840000,0.195552
1671.841000,0.421893
1671.842000,0.302592
1671.843000,0.097465
1671.844000,0.216489
1671.845000,0.086728
1671.846000,0.143640
1671.847000,0.097121
1671.848000,0.145112
1671.849000,0.046294
1671.850000,0.103885
1671.851000,0.025817
1671.852000,-0.031573
1671.853000,0.012779
1671.854000,-0.060331
1671.855000,-0.216334
1671.856000,-0.083210
1671.857000,-0.165922
1671.858000,-0.351186
1671.859000,-0.317432
1671.860000,-0.169283
1671.861000,-0.271205
1671.862000,-0.425376
1671.863000,-0.399953
1671.864000,-0.443588
1671.865000,-0.448092
1671.866000,-0.358787
1671.867000,-0.263128
1671.868000,-0.166549
1671.869000,-0.062941
1671.870000,0.011473
1671.871000,0.041320
1671.872000,0.017942
1671.873000,0.180451
1671.874000,0.104666
1671.875000,-0.033099
1671.876000,-0.043803
1671.877000,-0.216516
1671.878000,-0.149523
1671.879000,-0.172946
1671.880000,-0.245674
1671.881000,-0.166368
1671.882000,-0.179207
1671.883000,-0.278498
1671.884000,-0.278069
1671.885000,-0.417354
1671.886000,-0.328883
1671.887000,-0.456912
1671.888000,-0.236744
1671.889000,-0.241123
1671.890000,-0.183599
1671.891000,-0.126926
1671.892000,-0.237340
1671.893000,-0.265703
1671.894000,-0.422986
1671.895000,-0.475944
1671.896000,-0.459260
1671.897000,-0.523576
1671.898000,-0.542101
1671.899000,-0.485669
1671.900000,-0.449768
1671.901000,-0.535819
1671.902000,-0.531708
1671.903000,-0.454116
1671.904000,-0.496451
1671.905000,-0.518141
1671.906000,-0.340387
1671.907000,-0.463446
1671.908000,-0.445941
1671.909000,-0.481598
1671.910000,-0.489414
1671.911000,-0.634557
1671.912000,-0.515139
1671.913000,-0.578460
1671.914000,-0.510230
1671.915000,-0.454672
1671.916000,-0.429050
1671.917000,-0.453589
1671.918000,-0.599246
1671.919000,-0.603781
1671.920000,-0.570920
1671.921000,-0.399591
1671.922000,-0.602424
1671.923000,-0.555929
1671.924000,-0.538846
1671.925000,-0.407998
1671.926000,-0.368112
1671.927000,-0.368249
1671.928000,-0.509573
1671.929000,-0.638110
1671.930000,-0.631994
1671.931000,-0.713031
1671.932000,-0.538786
1671.933000,-0.582687
1671.934000,-0.450971
1671.935000,-0.433425
1671.936000,-0.400542
1671.937000,-0.243278
1671.938000,-0.186346
1671.939000,-0.071623
1671.940000,-0.034503
1671.941000,-0.002373
1671.942000,0.173469
1671.943000,0.111393
1671.944000,0.115137
1671.945000,0.040227
1671.946000,0.087218
1671.947000,0.065650
1671.948000,0.167737
1671.949000,0.195599
1671.950000,0.231840
1671.951000,0.102679
1671.952000,0.096269
1671.953000,0.262697
1671.954000,0.266620
1671.955000,0.350929
1671.956000,0.320010
1671.957000,0.074119
1671.958000,-0.056750
1671.959000,-0.042611
1671.960000,-0.043793
1671.961000,-0.075443
1671.962000,-0.029129
1671.963000,-0.140196
1671.964000,-0.251119
1671.965000,-0.219472
1671.966000,0.175776
1671.967000,0.171789
1671.968000,0.283603
1671.969000,0.081291
1671.970000,0.004337
1671.971000,0.014834
1671.972000,0.053020
1671.973000,0.071522
1671.974000,0.004005
1671.975000,0.060999
1671.976000,0.054204
1671.977000,0.115876
1671.978000,0.186068
1671.979000,-0.041117
1671.980000,-0.087323
1671.981000,-0.020392
1671.982000,0.154042
1671.983000,0.096151
1671.984000,0.214277
1671.985000,0.276846
1671.986000,0.186058
1671.987000,0.223190
1671.988000,0.199484
1671.989000,0.239768
1671.990000,0.216332
1671.991000,0.046142
1671.992000,0.049481
1671.993000,-0.137205
1671.994000,-0.106419
1671.995000,-0.236269
1671.996000,-0.133709
1671.997000,-0.054036
1671.998000,-0.039231
1671.999000,0.046388
1672.000000,0.139611
1672.001000,0.107593
1672.002000,0.133428
1672.003000,0.000583
1672.004000,-0.046970
1672.005000,-0.212232
1672.006000,-0.416982
1672.007000,-0.439809
1672.008000,-0.412177
1672.009000,-0.600722
1672.010000,-0.509535
1672.011000,-0.315468
1672.012000,-0.310703
1672.013000,-0.386210
1672.014000,-0.361348
1672.015000,-0.506549
1672.016000,-0.430002
1672.017000,-0.588614
1672.018000,-0.548492
1672.019000,-0.439296
1672.020000,-0.428929
1672.021000,-0.452353
1672.022000,-0.297946
1672.023000,-0.102835
1672.024000,-0.012489
1672.025000,0.053065
1672.026000,0.029978
1672.027000,0.139658
1672.028000,0.087044
1672.029000,0.160984
1672.030000,0.159338
1672.031000,0.222448
1672.032000,0.098604
1672.033000,0.142490
1672.034000,-0.019292
1672.035000,-0.218133
1672.036000,-0.332972
1672.037000,-0.349199
1672.038000,-0.438475
1672.039000,-0.355080
1672.040000,-0.408489
1672.041000,-0.322166
1672.042000,-0.352818
1672.043000,-0.448054
1672.044000,-0.438227
1672.045000,-0.443863
1672.046000,-0.539125
1672.047000,-0.491213
1672.048000,-0.432471
1672.049000,-0.458776
1672.050000,-0.488755
1672.051000,-0.363172
1672.052000,-0.378504
1672.053000,-0.368143
1672.054000,-0.292498
1672.055000,-0.269392
1672.056000,-0.090569
1672.057000,-0.110868
1672.058000,-0.094173
1672.059000,-0.052097
1672.060000,0.101147
1672.061000,-0.188837
1672.062000,-0.176567
1672.063000,0.045061
1672.064000,0.113624
1672.065000,0.144654
1672.066000,0.031517
1672.067000,-0.066264
1672.068000,-0.152128
1672.069000,-0.206160
1672.070000,-0.084266
1672.071000,-0.003553
1672.072000,0.176553
1672.073000,0.241893
1672.074000,0.227478
1672.075000,0.152263
1672.076000,0.050462
1672.077000,0.098616
1672.078000,0.152908
1672.079000,0.052405
1672.080000,0.047793
1672.081000,-0.098023
1672.082000,-0.013181
1672.083000,0.010427
1672.084000,-0.087988
1672.085000,0.074293
1672.086000,0.037699
1672.087000,-0.084040
1672.088000,0.047204
1672.089000,0.062410
1672.090000,0.152193
1672.091000,0.067944
1672.092000,0.095826
1672.093000,0.197621
1672.094000,0.166013
1672.095000,-0.031952
1672.096000,-0.034456
1672.097000,-0.005959
1672.098000,-0.037582
1672.099000,-0.128087
1672.100000,-0.124652
1672.101000,-0.179699
1672.102000,-0.052412
1672.103000,-0.023655
1672.104000,-0.073498
1672.105000,-0.137938
1672.106000,0.021794
1672.107000,-0.042192
1672.108000,0.010056
1672.109000,-0.045214
1672.110000,-0.036670
1672.111000,-0.073869
1672.112000,-0.043559
1672.113000,-0.128601
1672.114000,-0.058576
1672.115000,-0.062669
1672.116000,0.052759
1672.117000,0.043947
1672.118000,-0.170115
1672.119000,-0.332123
1672.120000,-0.278430
1672.121000,-0.093936
1672.122000,-0.164567
1672.123000,-0.350218
1672.124000,-0.351534
1672.125000,-0.488715
1672.126000,-0.125339
1672.127000,-0.205327
1672.128000,-0.135121
1672.129000,-0.132256
1672.130000,0.023508
1672.131000,-0.032928
1672.132000,0.001361
1672.133000,-0.018512
1672.134000,-0.018136
1672.135000,-0.076877
1672.136000,0.151149
1672.137000,-0.051595
1672.138000,-0.089986
1672.139000,0.064144
1672.140000,0.092542
1672.141000,0.178217
1672.142000,0.200056
1672.143000,0.261515
1672.144000,0.174034
1672.145000,0.259074
1672.146000,0.222007
1672.147000,0.016713
1672.148000,0.120996
1672.149000,0.225042
1672.150000,0.136687
1672.151000,0.081814
1672.152000,0.077708
1672.153000,0.036869
1672.154000,0.052477
1672.155000,0.036598
1672.156000,0.260916
1672.157000,0.264143
1672.158000,0.179602
1672.159000,0.347524
1672.160000,0.408304
1672.161000,0.482360
1672.162000,0.682455
1672.163000,0.702080
1672.164000,0.593474
1672.165000,0.704090
1672.166000,0.748928
1672.167000,0.699231
1672.168000,0.677835
1672.169000,0.734661
1672.170000,0.615093
1672.171000,0.584079
1672.172000,0.485272
1672.173000,0.586776
1672.174000,0.408549
1672.175000,0.272956
1672.176000,0.114566
1672.177000,0.226596
1672.178000,0.197775
1672.179000,0.261823
1672.180000,0.160308
1672.181000,0.322594
1672.182000,0.180960
1672.183000,0.189042
1672.184000,-0.070381
1672.185000,-0.129906
1672.186000,0.008043
1672.187000,-0.002503
1672.188000,-0.014404
1672.189000,-0.011994
1672.190000,-0.067446
1672.191000,0.072383
1672.192000,0.260031
1672.193000,0.295429
1672.194000,0.368796
1672.195000,0.444128
1672.196000,0.556585
1672.197000,0.593797
1672.198000,0.390117
1672.199000,0.512975
1672.200000,0.294999
1672.201000,0.321616
1672.202000,0.345261
1672.203000,0.324554
1672.204000,0.218848
1672.205000,0.056479
1672.206000,0.135179
1672.207000,0.164921
1672.208000,0.067634
1672.209000,0.054084
1672.210000,0.035313
1672.211000,-0.021769
1672.212000,-0.035427
1672.213000,-0.196373
1672.214000,-0.101693
1672.215000,0.027138
1672.216000,-0.030587
1672.217000,-0.088843
1672.218000,-0.014943
1672.219000,-0.016476
1672.220000,-0.234590
1672.221000,-0.228617
1672.222000,-0.188595
1672.223000,-0.254517
1672.224000,-0.457518
1672.225000,-0.551419
1672.226000,-0.520553
1672.227000,-0.484142
1672.228000,-0.513461
1672.229000,-0.404025
1672.230000,-0.341289
1672.231000,-0.322423
1672.232000,-0.369617
1672.233000,-0.383924
1672.234000,-0.403743
1672.235000,-0.396752
1672.236000,-0.306968
1672.237000,-0.368820
1672.238000,-0.302162
1672.239000,-0.241501
1672.240000,-0.315680
1672.241000,-0.190510
1672.242000,-0.225359
1672.243000,-0.279103
1672.244000,-0.146531
1672.245000,-0.308370
1672.246000,-0.230100
1672.247000,-0.329260
1672.248000,-0.368064
1672.249000,-0.324614
1672.250000,-0.110502
1672.251000,-0.031395
1672.252000,0.122508
1672.253000,0.145540
1672.254000,0.042048
1672.255000,-0.088984
1672.256000,0.114834
1672.257000,0.152916
1672.258000,0.246026
1672.259000,0.032750
1672.260000,0.022803
1672.261000,-0.048145
1672.262000,-0.148161
1672.263000,-0.191116
1672.264000,-0.041852
1672.265000,-0.110334
1672.266000,-0.059784
1672.267000,0.022834
1672.268000,0.144071
1672.269000,0.087512
1672.270000,0.145602
1672.271000,0.067815
1672.272000,-0.084522
1672.273000,-0.141428
1672.274000,-0.037353
1672.275000,-0.317038
1672.276000,-0.271732
1672.277000,-0.322399
1672.278000,-0.393023
1672.279000,-0.378141
1672.280000,-0.502129
1672.281000,-0.491118
1672.282000,-0.489557
1672.283000,-0.486773
1672.284000,-0.434857
1672.285000,-0.504689
1672.286000,-0.369821
1672.287000,-0.321235
1672.288000,-0.202288
1672.289000,-0.248967
1672.290000,-0.269464
1672.291000,-0.293424
1672.292000,-0.196613
1672.293000,-0.118814
1672.294000,-0.198171
1672.295000,-0.076291
1672.296000,0.024241
1672.297000,0.077012
1672.298000,0.096422
1672.299000,0.026995
1672.300000,-0.009216
1672.301000,-0.149978
1672.302000,0.053408
1672.303000,-0.012537
1672.304000,-0.081332
1672.305000,-0.063028
1672.306000,0.042839
1672.307000,0.259445
1672.308000,0.300736
1672.309000,0.336790
1672.310000,0.490486
1672.311000,0.520911
1672.312000,0.714957
1672.313000,0.505336
1672.314000,0.445426
1672.315000,0.630332
1672.316000,0.472929
1672.317000,0.279424
1672.318000,0.298567
1672.319000,0.314628
1672.320000,0.441646
1672.321000,0.279391
1672.322000,0.371560
1672.323000,0.208264
1672.324000,0.190931
1672.325000,0.109290
1672.326000,0.077690
1672.327000,0.111600
1672.328000,0.109015
1672.329000,0.174425
1672.330000,0.389140
1672.331000,0.418539
1672.332000,0.512912
1672.333000,0.466190
1672.334000,0.665108
1672.335000,0.748986
1672.336000,0.804915
1672.337000,0.692535
1672.338000,0.461058
1672.339000,0.575570
1672.340000,0.531106
1672.341000,0.279491
1672.342000,0.345691
1672.343000,0.276914
1672.344000,0.286719
1672.345000,0.450207
1672.346000,0.384460
1672.347000,0.412957
1672.348000,0.572591
1672.349000,0.550012
1672.350000,0.422703
1672.351000,0.517508
1672.352000,0.610367
1672.353000,0.439617
1672.354000,0.464368
1672.355000,0.603457
1672.356000,0.605754
1672.357000,0.714931
1672.358000,0.711253
1672.359000,0.755298
1672.360000,0.686098
1672.361000,0.717598
1672.362000,0.777176
1672.363000,0.793097
1672.364000,0.662086
1672.365000,0.822975
1672.366000,0.746592
1672.367000,0.868017
1672.368000,0.825598
1672.369000,0.856815
1672.370000,0.696999
1672.371000,0.671234
1672.372000,0.798079
1672.373000,0.584373
1672.374000,0.595768
1672.375000,0.554353
1672.376000,0.659540
1672.377000,0.731101
1672.378000,0.786131
1672.379000,0.750311
1672.380000,0.826065
1672.381000,0.814396
1672.382000,0.844177
1672.383000,0.906354
1672.384000,1.013401
1672.385000,0.899265
1672.386000,0.816986
1672.387000,0.721764
1672.388000,0.665583
1672.389000,0.565425
1672.390000,0.652702
1672.391000,0.562972
1672.392000,0.520222
1672.393000,0.568351
1672.394000,0.679689
1672.395000,0.497963
1672.396000,0.404024
1672.397000,0.392947
1672.398000,0.346707
1672.399000,0.239086
1672.400000,0.245073
1672.401000,0.358005
1672.402000,0.306938
1672.403000,0.404216
1672.404000,0.392592
1672.405000,0.298272
1672.406000,0.231410
1672.407000,0.160665
1672.408000,0.246337
1672.409000,0.118635
1672.410000,0.223780
1672.411000,0.251000
1672.412000,0.031826
1672.413000,0.014140
1672.414000,-0.090369
1672.415000,-0.091162
1672.416000,-0.131946
1672.417000,-0.107428
1672.418000,-0.050383
1672.419000,-0.239162
1672.420000,-0.197024
1672.421000,-0.226148
1672.422000,-0.220686
1672.423000,-0.188205
1672.424000,-0.148187
1672.425000,-0.050672
1672.426000,0.058702
1672.427000,0.157974
1672.428000,0.024307
1672.429000,-0.063497
1672.430000,-0.076532
1672.431000,0.060617
1672.432000,0.135260
1672.433000,0.143199
1672.434000,0.202064
1672.435000,0.317895
1672.436000,0.257586
1672.437000,0.206653
1672.438000,0.091120
1672.439000,-0.015281
1672.440000,0.083747
1672.441000,0.183024
1672.442000,0.171766
1672.443000,0.244748
1672.444000,0.015413
1672.445000,0.022855
1672.446000,-0.041574
1672.447000,-0.116000
1672.448000,-0.278047
1672.449000,-0.339632
1672.450000,-0.276026
1672.451000,-0.344344
1672.452000,-0.690679
1672.453000,-0.612207
1672.454000,-0.461287
1672.455000,-0.726277
1672.456000,-0.398463
1672.457000,-0.383784
1672.458000,-0.595377
1672.459000,-0.686987
1672.460000,-0.536014
1672.461000,-0.528794
1672.462000,-0.600433
1672.463000,-0.526713
1672.464000,-0.599905
1672.465000,-0.427525
1672.466000,-0.324611
1672.467000,-0.279554
1672.468000,-0.284139
1672.469000,-0.405561
1672.470000,-0.265739
1672.471000,-0.288058
1672.472000,-0.351042
1672.473000,-0.403914
1672.474000,-0.338571
1672.475000,-0.357924
1672.476000,-0.366418
1672.477000,-0.482534
1672.478000,-0.527135
1672.479000,-0.561726
1672.480000,-0.502358
1672.481000,-0.348321
1672.482000,-0.465234
1672.483000,-0.353651
1672.484000,-0.337412
1672.485000,-0.215687
1672.486000,-0.208167
1672.487000,-0.148614
1672.488000,-0.172905
1672.489000,-0.261188
1672.490000,-0.319357
1672.491000,-0.167833
1672.492000,-0.225076
1672.493000,-0.152029
1672.494000,-0.262940
1672.495000,-0.242553
1672.496000,-0.252616
1672.497000,-0.300827
1672.498000,-0.134042
1672.499000,-0.152718
1672.500000,-0.127338
1672.501000,-0.109825
1672.502000,0.117949
1672.503000,0.154162
1672.504000,0.071001
1672.505000,0.072941
1672.506000,-0.034002
1672.507000,0.092100
1672.508000,0.301917
1672.509000,0.362916
1672.510000,0.396524
1672.511000,0.664654
1672.512000,0.673018
1672.513000,0.787963
1672.514000,0.997724
1672.515000,1.057218
1672.516000,0.921271
1672.517000,0.824804
1672.518000,0.710991
1672.519000,0.582385
1672.520000,0.564447
1672.521000,0.592444
1672.522000,0.575118
1672.523000,0.626048
1672.524000,0.675966
1672.525000,0.595752
1672.526000,0.542711
1672.527000,0.555374
1672.528000,0.549557
1672.529000,0.480674
1672.530000,0.394425
1672.531000,0.222803
1672.532000,0.143987
1672.533000,0.125734
1672.534000,0.115361
1672.535000,0.201340
1672.536000,0.221305
1672.537000,0.157559
1672.538000,0.091138
1672.539000,0.069282
1672.540000,0.197738
1672.541000,0.213035
1672.542000,0.124112
1672.543000,0.145187
1672.544000,0.214426
1672.545000,0.230020
1672.546000,0.190752
1672.547000,0.182249
1672.548000,0.195421
1672.549000,0.110857
1672.550000,-0.031034
1672.551000,-0.063509
1672.552000,0.001342
1672.553000,0.297461
1672.554000,0.242088
1672.555000,0.079676
1672.556000,0.065492
1672.557000,0.030427
1672.558000,0.028210
1672.559000,0.032754
1672.560000,0.076070
1672.561000,0.328041
1672.562000,0.194475
1672.563000,-0.081441
1672.564000,-0.065499
1672.565000,-0.022168
1672.566000,0.160302
1672.567000,-0.015097
1672.568000,-0.175108
1672.569000,-0.295345
1672.570000,-0.280695
1672.571000,-0.154989
1672.572000,-0.004962
1672.573000,0.085263
1672.574000,0.084373
1672.575000,-0.004890
1672.576000,-0.047759
1672.577000,-0.080673
1672.578000,0.029070
1672.579000,0.006692
1672.580000,-0.090162
1672.581000,-0.155891
1672.582000,-0.034282
1672.583000,-0.064004
1672.584000,-0.051775
1672.585000,-0.078736
1672.586000,-0.247456
1672.587000,-0.282344
1672.588000,-0.456077
1672.589000,-0.472793
1672.590000,-0.446777
1672.591000,-0.360279
1672.592000,-0.191857
1672.593000,-0.227762
1672.594000,-0.058769
1672.595000,0.023239
1672.596000,-0.037592
1672.597000,-0.041770
1672.598000,-0.172238
1672.599000,-0.309519
1672.600000,-0.192293
1672.601000,-0.159077
1672.602000,-0.272511
1672.603000,-0.314429
1672.604000,-0.406076
1672.605000,-0.276235
1672.606000,-0.297888
1672.607000,-0.412361
1672.608000,-0.467895
1672.609000,-0.495574
1672.610000,-0.539017
1672.611000,-0.568681
1672.612000,-0.548901
1672.613000,-0.572788
1672.614000,-0.628378
1672.615000,-0.613818
1672.616000,-0.591136
1672.617000,-0.535198
1672.618000,-0.528674
1672.619000,-0.277826
1672.620000,-0.434115
1672.621000,-0.324738
1672.622000,-0.327429
1672.623000,-0.384396
1672.624000,-0.251393
1672.625000,-0.177650
1672.626000,-0.293272
1672.627000,-0.343799
1672.628000,-0.424732
1672.629000,-0.323551
1672.630000,-0.316777
1672.631000,-0.208376
1672.632000,-0.206127
1672.633000,-0.201025
1672.634000,-0.102613
1672.635000,-0.050623
1672.636000,-0.055686
1672.637000,-0.012148
1672.638000,0.004064
1672.639000,0.056893
1672.640000,0.185732
1672.641000,0.473772
1672.642000,0.482479
1672.643000,0.481192
1672.644000,0.528974
1672.645000,0.503132
1672.646000,0.374209
1672.647000,0.375203
1672.648000,0.335135
1672.649000,0.437222
1672.650000,0.461234
1672.651000,0.503086
1672.652000,0.447979
1672.653000,0.386103
1672.654000,0.288714
1672.655000,0.075811
1672.656000,0.010684
1672.657000,-0.101607
1672.658000,-0.050148
1672.659000,-0.124871
1672.660000,-0.315615
1672.661000,-0.389141
1672.662000,-0.453517
1672.663000,-0.574392
1672.664000,-0.502628
1672.665000,-0.371584
1672.666000,-0.295838
1672.667000,-0.265806
1672.668000,-0.340320
1672.669000,-0.492732
1672.670000,-0.487277
1672.671000,-0.499520
1672.672000,-0.546945
1672.673000,-0.544359
1672.674000,-0.364590
1672.675000,-0.412301
1672.676000,-0.648060
1672.677000,-0.493665
1672.678000,-0.404762
1672.679000,-0.532474
1672.680000,-0.654497
1672.681000,-0.774239
1672.682000,-0.823881
1672.683000,-0.836168
1672.684000,-0.707062
1672.685000,-0.690493
1672.686000,-0.698024
1672.687000,-0.795732
1672.688000,-0.692564
1672.689000,-0.697006
1672.690000,-0.682237
1672.691000,-0.494028
1672.692000,-0.331361
1672.693000,-0.209688
1672.694000,-0.027713
1672.695000,-0.156989
1672.696000,-0.216459
1672.697000,-0.335346
1672.698000,-0.217064
1672.699000,-0.234700
1672.700000,-0.285941
1672.701000,-0.344927
1672.702000,-0.116683
1672.703000,-0.084498
1672.704000,-0.289811
1672.705000,-0.251769
1672.706000,-0.277211
1672.707000,-0.207691
1672.708000,-0.291336
1672.709000,-0.235511
1672.710000,-0.163382
1672.711000,-0.063866
1672.712000,-0.186402
1672.713000,-0.273299
1672.714000,-0.119726
1672.715000,-0.085742
1672.716000,-0.104569
1672.717000,-0.121245
1672.718000,-0.243801
1672.719000,-0.275328
1672.720000,-0.117355
1672.721000,-0.122355
1672.722000,-0.084393
1672.723000,-0.158800
1672.724000,0.078560
1672.725000,-0.123938
1672.726000,-0.178109
1672.727000,-0.262983
1672.728000,-0.235198
1672.729000,-0.405493
1672.730000,-0.328533
1672.731000,-0.301519
1672.732000,-0.082615
1672.733000,0.163999
1672.734000,0.124736
1672.735000,0.145564
1672.736000,0.015893
1672.737000,0.049628
1672.738000,-0.102797
1672.739000,-0.097981
1672.740000,0.003572
1672.741000,-0.007971
1672.742000,0.141029
1672.743000,0.280781
1672.744000,0.263715
1672.745000,0.192120
1672.746000,0.122260
1672.747000,0.117302
1672.748000,-0.024178
1672.749000,-0.124102
1672.750000,-0.096716
1672.751000,0.046308
1672.752000,-0.020162
1672.753000,-0.224501
1672.754000,-0.138596
1672.755000,-0.186530
1672.756000,-0.228804
1672.757000,-0.186830
1672.758000,-0.086194
1672.759000,-0.094911
1672.760000,-0.245956
1672.761000,-0.281579
1672.762000,-0.043797
1672.763000,-0.065736
1672.764000,-0.073330
1672.765000,-0.026253
1672.766000,0.023977
1672.767000,0.050884
1672.768000,0.018321
1672.769000,-0.038307
1672.770000,0.029503
1672.771000,-0.178187
1672.772000,-0.237881
1672.773000,-0.296435
1672.774000,-0.281977
1672.775000,-0.151815
1672.776000,-0.187258
1672.777000,-0.273909
1672.778000,-0.233269
1672.779000,-0.236822
1672.780000,-0.042110
1672.781000,-0.159285
1672.782000,-0.205071
1672.783000,-0.209549
1672.784000,-0.101996
1672.785000,-0.306984
1672.786000,-0.119819
1672.787000,-0.220713
1672.788000,-0.266802
1672.789000,-0.199058
1672.790000,-0.266267
1672.791000,-0.278258
1672.792000,-0.314708
1672.793000,-0.578684
1672.794000,-0.513677
1672.795000,-0.398715
1672.796000,-0.351329
1672.797000,-0.275341
1672.798000,-0.147068
1672.799000,-0.255761
1672.800000,-0.443291
1672.801000,-0.781083
1672.802000,-0.681875
1672.803000,-0.705735
1672.804000,-0.685056
1672.805000,-0.530351
1672.806000,-0.552884
1672.807000,-0.496960
1672.808000,-0.440219
1672.809000,-0.397574
1672.810000,-0.375218
1672.811000,-0.292183
1672.812000,-0.117980
1672.813000,-0.098994
1672.814000,-0.145003
1672.815000,-0.392474
1672.816000,-0.387896
1672.817000,-0.334362
1672.818000,-0.298257
1672.819000,-0.216832
1672.820000,-0.344942
1672.821000,-0.367440
1672.822000,-0.486156
1672.823000,-0.573613
1672.824000,-0.603931
1672.825000,-0.731437
1672.826000,-0.755255
1672.827000,-0.629372
1672.828000,-0.601530
1672.829000,-0.432084
1672.830000,-0.440755
1672.831000,-0.505086
1672.832000,-0.597268
1672.833000,-0.537705
1672.834000,-0.530227
1672.835000,-0.347772
1672.836000,-0.438033
1672.837000,-0.473471
1672.838000,-0.422322
1672.839000,-0.488475
1672.840000,-0.513983
1672.841000,-0.424094
1672.842000,-0.359241
1672.843000,-0.275426
1672.844000,-0.468766
1672.845000,-0.547906
1672.846000,-0.549528
1672.847000,-0.508880
1672.848000,-0.481161
1672.849000,-0.556831
1672.850000,-0.450929
1672.851000,-0.460105
1672.852000,-0.447740
1672.853000,-0.566452
1672.854000,-0.466927
1672.855000,-0.331484
1672.856000,-0.264729
1672.857000,-0.326370
1672.858000,-0.327204
1672.859000,-0.385815
1672.860000,-0.525034
1672.861000,-0.322920
1672.862000,-0.391597
1672.863000,-0.312527
1672.864000,-0.358571
1672.865000,-0.230211
1672.866000,-0.267102
1672.867000,-0.222361
1672.868000,-0.302784
1672.869000,-0.365952
1672.870000,-0.278710
1672.871000,-0.034646
1672.872000,0.091536
1672.873000,0.055939
1672.874000,0.126462
1672.875000,0.046514
1672.876000,0.043563
1672.877000,0.011086
1672.878000,0.219568
1672.879000,0.211598
1672.880000,0.230425
1672.881000,0.391269
1672.882000,0.440689
1672.883000,0.453806
1672.884000,0.561060
1672.885000,0.540267
1672.886000,0.397717
1672.887000,0.307280
1672.888000,0.251810
1672.889000,0.266812
1672.890000,0.195390
1672.891000,0.126314
1672.892000,0.188344
1672.893000,0.299540
1672.894000,0.242008
1672.895000,0.108431
1672.896000,0.066969
1672.897000,-0.048468
1672.898000,0.185564
1672.899000,0.230787
1672.900000,0.337203
1672.901000,0.432803
1672.902000,0.302869
1672.903000,0.276891
1672.904000,0.262235
1672.905000,0.296367
1672.906000,0.397734
1672.907000,0.479765
1672.908000,0.521187
1672.909000,0.566075
1672.910000,0.663144
1672.911000,0.682265
1672.912000,0.670054
1672.913000,0.694483
1672.914000,0.656241
1672.915000,0.630320
1672.916000,0.607994
1672.917000,0.541183
1672.918000,0.598545
1672.919000,0.750643
1672.920000,0.837737
1672.921000,0.869090
1672.922000,1.171795
1672.923000,1.072521
1672.924000,1.138612
1672.925000,1.118665
1672.926000,1.037989
1672.927000,1.147198
1672.928000,1.223570
1672.929000,1.464019
1672.930000,1.631203
1672.931000,1.706758
1672.932000,1.820155
1672.933000,1.932768
1672.934000,1.950652
1672.935000,1.830406
1672.936000,1.734237
1672.937000,1.637774
1672.938000,1.609610
1672.939000,1.794729
1672.940000,1.613613
1672.941000,1.674632
1672.942000,1.630872
1672.943000,1.572328
1672.944000,1.506811
1672.945000,1.614725
1672.946000,1.588623
1672.947000,1.485867
1672.948000,1.463849
1672.949000,1.345799
1672.950000,1.325381
1672.951000,1.168530
1672.952000,1.023631
1672.953000,1.007601
1672.954000,1.130678
1672.955000,1.103805
1672.956000,1.042338
1672.957000,0.985774
1672.958000,0.886745
1672.959000,0.978760
1672.960000,0.939945
1672.961000,0.807706
1672.962000,0.851655
1672.963000,0.877327
1672.964000,0.906333
1672.965000,0.795686
1672.966000,0.616709
1672.967000,0.508315
1672.968000,0.534224
1672.969000,0.535901
1672.970000,0.700256
1672.971000,0.734212
1672.972000,0.782993
1672.973000,0.870953
1672.974000,0.963765
1672.975000,0.823530
1672.976000,0.826624
1672.977000,0.882676
1672.978000,0.828606
1672.979000,0.610940
1672.980000,0.566906
1672.981000,0.452405
1672.982000,0.546233
1672.983000,0.706508
1672.984000,0.727947
1672.985000,0.697283
1672.986000,0.620013
1672.987000,0.452283
1672.988000,0.500880
1672.989000,0.490353
1672.990000,0.315721
1672.991000,0.459705
1672.992000,0.493799
1672.993000,0.588995
1672.994000,0.515749
1672.995000,0.515602
1672.996000,0.536011
1672.997000,0.496220
1672.998000,0.520133
1672.999000,0.428941
1673.000000,0.215087
1673.001000,0.320240
1673.002000,0.398260
1673.003000,0.515589
1673.004000,0.466932
1673.005000,0.371667
1673.006000,0.290256
1673.007000,0.429922
1673.008000,0.365345
1673.009000,0.206253
1673.010000,0.262452
1673.011000,0.310096
1673.012000,0.343840
1673.013000,0.392520
1673.014000,0.369491
1673.015000,0.362279
1673.016000,0.298739
1673.017000,0.483290
1673.018000,0.384054
1673.019000,0.357839
1673.020000,0.350803
1673.021000,0.434639
1673.022000,0.366308
1673.023000,0.291322
1673.024000,0.375228
1673.025000,0.207627
1673.026000,0.194394
1673.027000,-0.024856
1673.028000,0.089943
1673.029000,0.086126
1673.030000,0.080711
1673.031000,0.134149
1673.032000,0.018823
1673.033000,0.009214
1673.034000,-0.112520
1673.035000,-0.169275
1673.036000,-0.180991
1673.037000,-0.121336
1673.038000,-0.177534
1673.039000,-0.380567
1673.040000,-0.405675
1673.041000,-0.301613
1673.042000,-0.293248
1673.043000,-0.293710
1673.044000,-0.440751
1673.045000,-0.466514
1673.046000,-0.538313
1673.047000,-0.326801
1673.048000,-0.385528
1673.049000,-0.283769
1673.050000,-0.477333
1673.051000,-0.636441
1673.052000,-0.477522
1673.053000,-0.544432
1673.054000,-0.529364
1673.055000,-0.595100
1673.056000,-0.767945
1673.057000,-0.802625
1673.058000,-0.893729
1673.059000,-0.673745
1673.060000,-0.719586
1673.061000,-0.816306
1673.062000,-0.827239
1673.063000,-0.677735
1673.064000,-0.626237
1673.065000,-0.655325
1673.066000,-0.834914
1673.067000,-0.853915
1673.068000,-0.840902
1673.069000,-0.974501
1673.070000,-0.952230
1673.071000,-0.848652
1673.072000,-0.964488
1673.073000,-0.947936
1673.074000,-0.916473
1673.075000,-0.887840
1673.076000,-0.902520
1673.077000,-0.846472
1673.078000,-0.948042
1673.079000,-0.789834
1673.080000,-0.735636
1673.081000,-0.793346
1673.082000,-0.855179
1673.083000,-0.910946
1673.084000,-1.067235
1673.085000,-1.068246
1673.086000,-1.044087
1673.087000,-0.863753
1673.088000,-0.873288
1673.089000,-1.014035
1673.090000,-0.948902
1673.091000,-1.039022
1673.092000,-1.013283
1673.093000,-1.096997
1673.094000,-1.035843
1673.095000,-0.941478
1673.096000,-0.936418
1673.097000,-0.948074
1673.098000,-1.010378
1673.099000,-1.008314
1673.100000,-0.909473
1673.101000,-0.975163
1673.102000,-1.055717
1673.103000,-1.090242
1673.104000,-0.946190
1673.105000,-0.989764
1673.106000,-0.831296
1673.107000,-0.641167
1673.108000,-0.732844
1673.109000,-0.611060
1673.110000,-0.621172
1673.111000,-0.710782
1673.112000,-0.629021
1673.113000,-0.364668
1673.114000,-0.304223
1673.115000,-0.320474
1673.116000,-0.213408
1673.117000,-0.154236
1673.118000,-0.004778
1673.119000,0.030051
1673.120000,-0.133155
1673.121000,-0.044700
1673.122000,-0.068531
1673.123000,-0.112536
1673.124000,-0.137073
1673.125000,-0.259263
1673.126000,-0.289064
1673.127000,-0.230540
1673.128000,-0.217554
1673.129000,-0.147076
1673.130000,-0.245484
1673.131000,-0.152943
1673.132000,-0.138210
1673.133000,-0.226332
1673.134000,-0.135417
1673.135000,-0.108308
1673.136000,0.044331
1673.137000,0.028039
1673.138000,0.175718
1673.139000,0.117432
1673.140000,0.126679
1673.141000,0.010070
1673.142000,-0.099807
1673.143000,-0.087084
1673.144000,-0.220653
1673.145000,-0.160476
1673.146000,-0.356458
1673.147000,-0.488840
1673.148000,-0.446368
1673.149000,-0.398461
1673.150000,-0.336319
1673.151000,-0.368210
1673.152000,-0.593741
1673.153000,-0.516578
1673.154000,-0.441879
1673.155000,-0.541963
1673.156000,-0.524622
1673.157000,-0.490882
1673.158000,-0.388058
1673.159000,-0.428840
1673.160000,-0.238019
1673.161000,-0.208573
1673.162000,0.032413
1673.163000,0.030814
1673.164000,0.115442
1673.165000,0.111181
1673.166000,0.250800
1673.167000,0.246811
1673.168000,0.326598
1673.169000,0.279590
1673.170000,0.304573
1673.171000,0.240835
1673.172000,0.449055
1673.173000,0.343516
1673.174000,0.218158
1673.175000,0.187998
1673.176000,0.335554
1673.177000,0.278300
1673.178000,0.098975
1673.179000,0.144564
1673.180000,0.028955
1673.181000,-0.151604
1673.182000,-0.208211
1673.183000,-0.271152
1673.184000,-0.209840
1673.185000,-0.146446
1673.186000,-0.215607
1673.187000,-0.271870
1673.188000,-0.194898
1673.189000,-0.125000
1673.190000,-0.070539
1673.191000,0.012889
1673.192000,0.055338
1673.193000,-0.029017
1673.194000,-0.082500
1673.195000,-0.145919
1673.196000,-0.282449
1673.197000,-0.360184
1673.198000,-0.456336
1673.199000,-0.429603
1673.200000,-0.516796
1673.201000,-0.302271
1673.202000,-0.129083
1673.203000,-0.089597
1673.204000,-0.237172
1673.205000,-0.255178
1673.206000,-0.434686
1673.207000,-0.209743
1673.208000,-0.150465
1673.209000,-0.255462
1673.210000,-0.201283
1673.211000,-0.112144
1673.212000,0.023931
1673.213000,-0.117980
1673.214000,-0.144648
1673.215000,-0.055074
1673.216000,-0.059098
1673.217000,-0.100683
1673.218000,-0.121433
1673.219000,0.022517
1673.220000,-0.022278
1673.221000,-0.117506
1673.222000,-0.077845
1673.223000,-0.164053
1673.224000,-0.161033
1673.225000,-0.238665
1673.226000,-0.039226
1673.227000,0.225490
1673.228000,0.214989
1673.229000,0.207191
1673.230000,0.240110
1673.231000,0.151974
1673.232000,0.193688
1673.233000,0.013750
1673.234000,-0.128946
1673.235000,0.014663
1673.236000,0.024838
1673.237000,-0.212968
1673.238000,-0.224398
1673.239000,-0.105757
1673.240000,0.144221
1673.241000,0.145867
1673.242000,0.188696
1673.243000,0.163061
1673.244000,0.170614
1673.245000,0.140781
1673.246000,0.312823
1673.247000,0.333756
1673.248000,0.160106
1673.249000,-0.080007
1673.250000,-0.021218
1673.251000,-0.224521
1673.252000,-0.052366
1673.253000,-0.098020
1673.254000,-0.020517
1673.255000,-0.180448
1673.256000,-0.184480
1673.257000,-0.138911
1673.258000,-0.154335
1673.259000,-0.003189
1673.260000,0.054352
1673.261000,0.113320
1673.262000,0.019825
1673.263000,0.011731
1673.264000,0.061644
1673.265000,-0.004355
1673.266000,-0.133297
1673.267000,-0.060521
1673.268000,-0.068577
1673.269000,-0.094121
1673.270000,-0.059652
1673.271000,-0.000525
1673.272000,-0.070296
1673.273000,0.030140
1673.274000,0.136958
1673.275000,0.094041
1673.276000,0.006429
1673.277000,-0.091901
1673.278000,-0.055799
1673.279000,-0.019996
1673.280000,-0.102839
1673.281000,-0.165090
1673.282000,-0.111095
1673.283000,0.025512
1673.284000,0.183279
1673.285000,0.237839
1673.286000,0.374878
1673.287000,0.249465
1673.288000,0.194755
1673.289000,0.253631
1673.290000,0.474233
1673.291000,0.340871
1673.292000,0.225280
1673.293000,0.182233
1673.294000,0.137099
1673.295000,0.101479
1673.296000,-0.135280
1673.297000,-0.145373
1673.298000,-0.241619
1673.299000,-0.278046
1673.300000,-0.331328
1673.301000,-0.489372
1673.302000,-0.535123
1673.303000,-0.400823
1673.304000,-0.501972
1673.305000,-0.287713
1673.306000,-0.115099
1673.307000,0.000625
1673.308000,-0.098292
1673.309000,-0.138873
1673.310000,-0.078980
1673.311000,-0.036565
1673.312000,0.046845
1673.313000,-0.092566
1673.314000,-0.140540
1673.315000,-0.280651
1673.316000,-0.283283
1673.317000,-0.267557
1673.318000,-0.113949
1673.319000,-0.135781
1673.320000,-0.098084
1673.321000,-0.037202
1673.322000,-0.154153
1673.323000,-0.098412
1673.324000,-0.032424
1673.325000,0.103062
1673.326000,0.104350
1673.327000,0.345442
1673.328000,0.384450
1673.329000,0.387317
1673.330000,0.234259
1673.331000,0.230720
1673.332000,0.253696
1673.333000,0.379478
1673.334000,0.365472
1673.335000,0.273798
1673.336000,0.180864
1673.337000,0.200670
1673.338000,0.228842
1673.339000,0.231059
1673.340000,0.216708
1673.341000,0.164277
1673.342000,0.112786
1673.343000,0.231779
1673.344000,0.362689
1673.345000,0.221925
1673.346000,0.311570
1673.347000,0.326301
1673.348000,0.365246
1673.349000,0.195014
1673.350000,0.052591
1673.351000,0.278242
1673.352000,0.205381
1673.353000,0.106971
1673.354000,0.124944
1673.355000,0.232035
1673.356000,0.306325
1673.357000,0.268237
1673.358000,0.171077
1673.359000,0.195042
1673.360000,0.114300
1673.361000,0.247813
1673.362000,0.302149
1673.363000,0.275505
1673.364000,0.362568
1673.365000,0.361802
1673.366000,0.251265
1673.367000,0.085991
1673.368000,0.015792
1673.369000,0.189549
1673.370000,0.315096
1673.371000,0.336197
1673.372000,0.261658
1673.373000,0.224291
1673.374000,0.383690
1673.375000,0.223737
1673.376000,0.337626
1673.377000,0.450852
1673.378000,0.345376
1673.379000,0.427832
1673.380000,0.267314
1673.381000,0.279903
1673.382000,0.348162
1673.383000,0.431826
1673.384000,0.384949
1673.385000,0.236556
1673.386000,0.461242
1673.387000,0.418836
1673.388000,0.451088
1673.389000,0.336954
1673.390000,0.276935
1673.391000,0.257884
1673.392000,0.300345
1673.393000,0.315697
1673.394000,0.249536
1673.395000,0.188298
1673.396000,0.096250
1673.397000,0.061752
1673.398000,0.245705
1673.399000,0.299969
1673.400000,0.123979
1673.401000,0.355218
1673.402000,0.468720
1673.403000,0.283692
1673.404000,0.173437
1673.405000,0.112594
1673.406000,0.179139
1673.407000,0.350383
1673.408000,0.391085
1673.409000,0.339771
1673.410000,0.398058
1673.411000,0.159336
1673.412000,0.247687
1673.413000,0.201360
1673.414000,0.302570
1673.415000,0.462205
1673.416000,0.268298
1673.417000,0.367448
1673.418000,0.393864
1673.419000,0.178924
1673.420000,0.246014
1673.421000,0.190078
1673.422000,0.345478
1673.423000,0.429294
1673.424000,0.411180
1673.425000,0.410472
1673.426000,0.371953
1673.427000,0.155676
1673.428000,0.124862
1673.429000,0.059400
1673.430000,0.116286
1673.431000,0.120019
1673.432000,0.017311
1673.433000,-0.169266
1673.434000,-0.301876
1673.435000,-0.398822
1673.436000,-0.393003
1673.437000,-0.565001
1673.438000,-0.751003
1673.439000,-0.896101
1673.440000,-0.953662
1673.441000,-0.910206
1673.442000,-0.943972
1673.443000,-1.015613
1673.444000,-0.928792
1673.445000,-0.819888
1673.446000,-0.678333
1673.447000,-0.786834
1673.448000,-0.921664
1673.449000,-0.896868
1673.450000,-0.769483
1673.451000,-0.826628
1673.452000,-0.737759
1673.453000,-0.767352
1673.454000,-0.836610
1673.455000,-0.785564
1673.456000,-0.793646
1673.457000,-0.721879
1673.458000,-0.697881
1673.459000,-0.536693
1673.460000,-0.701340
1673.461000,-0.723280
1673.462000,-0.625896
1673.463000,-0.665542
1673.464000,-0.604629
1673.465000,-0.659383
1673.466000,-0.694516
1673.467000,-0.617754
1673.468000,-0.620280
1673.469000,-0.541658
1673.470000,-0.382946
1673.471000,-0.113231
1673.472000,-0.191001
1673.473000,-0.230154
1673.474000,-0.140624
1673.475000,-0.119056
1673.476000,-0.028099
1673.477000,0.056986
1673.478000,0.018045
1673.479000,-0.083745
1673.480000,-0.142457
1673.481000,-0.186698
1673.482000,-0.179853
1673.483000,-0.142907
1673.484000,-0.201764
1673.485000,-0.102393
1673.486000,-0.012671
1673.487000,0.030938
1673.488000,0.081317
1673.489000,0.206698
1673.490000,0.191412
1673.491000,0.261046
1673.492000,0.149548
1673.493000,0.041675
1673.494000,0.093326
1673.495000,0.060490
1673.496000,0.092689
1673.497000,-0.011295
1673.498000,-0.237223
1673.499000,-0.382070
1673.500000,-0.239461
1673.501000,-0.170299
1673.502000,-0.113970
1673.503000,-0.236905
1673.504000,-0.321240
1673.505000,-0.526680
1673.506000,-0.705054
1673.507000,-0.689256
1673.508000,-0.568549
1673.509000,-0.554327
1673.510000,-0.407037
1673.511000,-0.354151
1673.512000,-0.402315
1673.513000,-0.289959
1673.514000,-0.111482
1673.515000,-0.056137
1673.516000,0.014230
1673.517000,-0.021189
1673.518000,0.013852
1673.519000,0.236791
1673.520000,0.190807
1673.521000,0.174680
1673.522000,0.449071
1673.523000,0.428398
1673.524000,0.268012
1673.525000,0.394005
1673.526000,0.329583
1673.527000,0.412042
1673.528000,0.422565
1673.529000,0.375722
1673.530000,0.406840
1673.531000,0.075352
1673.532000,0.068196
1673.533000,-0.002604
1673.534000,0.071947
1673.535000,0.016036
1673.536000,0.153105
1673.537000,0.464209
1673.538000,0.414341
1673.539000,0.480281
1673.540000,0.355604
1673.541000,0.281763
1673.542000,0.510766
1673.543000,0.322914
1673.544000,0.167170
1673.545000,0.174355
1673.546000,-0.027986
1673.547000,-0.189569
1673.548000,-0.429480
1673.549000,-0.609654
1673.550000,-0.645779
1673.551000,-0.690390
1673.552000,-0.680793
1673.553000,-0.490391
1673.554000,-0.295431
1673.555000,-0.342439
1673.556000,-0.474346
1673.557000,-0.531964
1673.558000,-0.552291
1673.559000,-0.549307
1673.560000,-0.450426
1673.561000,-0.505952
1673.562000,-0.295717
1673.563000,-0.435096
1673.564000,-0.169932
1673.565000,-0.330920
1673.566000,-0.404854
1673.567000,-0.423295
1673.568000,-0.203915
1673.569000,0.054932
1673.570000,-0.131931
1673.571000,-0.238556
1673.572000,-0.121771
1673.573000,-0.130054
1673.574000,-0.199475
1673.575000,-0.263073
1673.576000,-0.453948
1673.577000,-0.468176
1673.578000,-0.352067
1673.579000,-0.352876
1673.580000,-0.170746
1673.581000,-0.126147
1673.582000,-0.126539
1673.583000,0.071104
1673.584000,0.072392
1673.585000,0.031029
1673.586000,0.087913
1673.587000,0.085602
1673.588000,0.121968
1673.589000,0.139807
1673.590000,0.180540
1673.591000,0.097492
1673.592000,0.011927
1673.593000,0.008303
1673.594000,0.004418
1673.595000,-0.017297
1673.596000,0.118153
1673.597000,0.004369
1673.598000,-0.027724
1673.599000,0.035999
1673.600000,0.104123
1673.601000,-0.004500
1673.602000,-0.126108
1673.603000,0.002503
1673.604000,0.209054
1673.605000,0.225835
1673.606000,0.281751
1673.607000,0.300547
1673.608000,0.322152
1673.609000,0.419325
1673.610000,0.497315
1673.611000,0.638051
1673.612000,0.512728
1673.613000,0.489604
1673.614000,0.320189
1673.615000,0.314089
1673.616000,0.326998
1673.617000,0.425431
1673.618000,0.381246
1673.619000,0.394554
1673.620000,0.189052
1673.621000,0.200864
1673.622000,0.275643
1673.623000,0.294917
1673.624000,0.268066
1673.625000,0.241121
1673.626000,0.219280
1673.627000,0.074490
1673.628000,0.192964
1673.629000,0.103443
1673.630000,0.132349
1673.631000,0.029173
1673.632000,0.045591
1673.633000,-0.012444
1673.634000,0.083601
1673.635000,0.273854
1673.636000,0.290471
1673.637000,0.333249
1673.638000,0.365908
1673.639000,0.418774
1673.640000,0.285937
1673.641000,0.173185
1673.642000,0.304758
1673.643000,0.138603
1673.644000,0.061411
1673.645000,0.096820
1673.646000,0.112752
1673.647000,0.009026
1673.648000,0.116349
1673.649000,0.104946
1673.650000,0.291311
1673.651000,0.340329
1673.652000,0.233112
1673.653000,0.188224
1673.654000,0.216367
1673.655000,0.316721
1673.656000,0.344869
1673.657000,0.467082
1673.658000,0.487012
1673.659000,0.505110
1673.660000,0.317406
1673.661000,0.357366
1673.662000,0.116972
1673.663000,0.036530
1673.664000,0.104853
1673.665000,0.140492
1673.666000,0.074081
1673.667000,0.133770
1673.668000,0.096704
1673.669000,0.231095
1673.670000,0.108183
1673.671000,0.109073
1673.672000,0.143545
1673.673000,0.008836
1673.674000,-0.014002
1673.675000,0.264926
1673.676000,0.344796
1673.677000,0.186591
1673.678000,0.177110
1673.679000,0.138795
1673.680000,0.206919
1673.681000,0.140292
1673.682000,0.142540
1673.683000,0.146180
1673.684000,0.278251
1673.685000,0.098488
1673.686000,0.040734
1673.687000,0.067309
1673.688000,0.042022
1673.689000,0.181225
1673.690000,0.208598
1673.691000,-0.000152
1673.692000,0.288721
1673.693000,0.390302
1673.694000,0.439988
1673.695000,0.638813
1673.696000,0.478990
1673.697000,0.459624
1673.698000,0.385676
1673.699000,0.488753
1673.700000,0.506150
1673.701000,0.290764
1673.702000,0.192312
1673.703000,0.103929
1673.704000,0.066818
1673.705000,0.015613
1673.706000,-0.090508
1673.707000,-0.258142
1673.708000,-0.278873
1673.709000,-0.278571
1673.710000,-0.309564
1673.711000,-0.488463
1673.712000,-0.338573
1673.713000,-0.379594
1673.714000,-0.264380
1673.715000,-0.192222
1673.716000,-0.136160
1673.717000,-0.141164
1673.718000,-0.266003
1673.719000,-0.187831
1673.720000,-0.187326
1673.721000,-0.463378
1673.722000,-0.306274
1673.723000,-0.349945
1673.724000,-0.237551
1673.725000,-0.367955
1673.726000,-0.234639
1673.727000,-0.008655
1673.728000,0.107757
1673.729000,0.124419
1673.730000,0.197110
1673.731000,0.124380
1673.732000,0.069562
1673.733000,0.058065
1673.734000,0.020560
1673.735000,0.017635
1673.736000,-0.078442
1673.737000,-0.015647
1673.738000,0.095710
1673.739000,0.149224
1673.740000,0.050767
1673.741000,0.090536
1673.742000,0.167051
1673.743000,0.405821
1673.744000,0.403106
1673.745000,0.389775
1673.746000,0.615568
1673.747000,0.521621
1673.748000,0.431691
1673.749000,0.231338
1673.750000,0.131718
1673.751000,0.043311
1673.752000,-0.062402
1673.753000,-0.185155
1673.754000,-0.181880
1673.755000,-0.210298
1673.756000,-0.344876
1673.757000,-0.250675
1673.758000,-0.153149
1673.759000,-0.262463
1673.760000,-0.182610
1673.761000,-0.187077
1673.762000,-0.032076
1673.763000,0.136887
1673.764000,0.143299
1673.765000,0.188318
1673.766000,0.210527
1673.767000,0.216639
1673.768000,0.155898
1673.769000,0.112412
1673.770000,0.057582
1673.771000,0.032394
1673.772000,0.173923
1673.773000,0.143450
1673.774000,0.059843
1673.775000,0.265403
1673.776000,0.285427
1673.777000,0.255216
1673.778000,0.102876
1673.779000,0.186988
1673.780000,-0.012305
1673.781000,-0.154464
1673.782000,-0.253459
1673.783000,-0.499480
1673.784000,-0.560075
1673.785000,-0.453397
1673.786000,-0.256041
1673.787000,-0.163438
1673.788000,-0.303453
1673.789000,-0.380321
1673.790000,-0.395836
1673.791000,-0.425288
1673.792000,-0.494911
1673.793000,-0.455635
1673.794000,-0.520557
1673.795000,-0.459711
1673.796000,-0.433473
1673.797000,-0.550875
1673.798000,-0.810083
1673.799000,-0.834131
1673.800000,-0.852007
1673.801000,-0.703589
1673.802000,-0.831758
1673.803000,-0.884511
1673.804000,-0.868838
1673.805000,-0.806766
1673.806000,-0.704883
1673.807000,-0.712373
1673.808000,-0.543909
1673.809000,-0.626592
1673.810000,-0.597007
1673.811000,-0.457245
1673.812000,-0.574980
1673.813000,-0.732821
1673.814000,-0.717588
1673.815000,-0.550737
1673.816000,-0.552545
1673.817000,-0.457741
1673.818000,-0.569184
1673.819000,-0.693355
1673.820000,-0.684514
1673.821000,-0.636350
1673.822000,-0.656613
1673.823000,-0.562289
1673.824000,-0.719960
1673.825000,-0.777710
1673.826000,-0.679103
1673.827000,-0.478882
1673.828000,-0.509995
1673.829000,-0.413384
1673.830000,-0.447169
1673.831000,-0.339183
1673.832000,-0.447998
1673.833000,-0.516210
1673.834000,-0.545483
1673.835000,-0.418619
1673.836000,-0.531609
1673.837000,-0.642756
1673.838000,-0.855452
1673.839000,-0.741511
1673.840000,-0.699400
1673.841000,-0.748373
1673.842000,-0.800941
1673.843000,-0.741986
1673.844000,-0.573412
1673.845000,-0.395553
1673.846000,-0.421638
1673.847000,-0.314540
1673.848000,-0.274386
1673.849000,-0.335307
1673.850000,-0.473248
1673.851000,-0.382813
1673.852000,-0.236591
1673.853000,-0.265966
1673.854000,-0.285911
1673.855000,-0.306688
1673.856000,-0.295872
1673.857000,-0.381998
1673.858000,-0.103286
1673.859000,-0.082648
1673.860000,-0.193934
1673.861000,-0.268268
1673.862000,-0.177382
1673.863000,-0.165374
1673.864000,-0.097120
1673.865000,-0.178546
1673.866000,-0.258855
1673.867000,-0.270934
1673.868000,-0.099047
1673.869000,-0.020986
1673.870000,0.132245
1673.871000,-0.073895
1673.872000,-0.148444
1673.873000,-0.148957
1673.874000,-0.162994
1673.875000,-0.156477
1673.876000,-0.200391
1673.877000,-0.141165
1673.878000,-0.217713
1673.879000,-0.014876
1673.880000,-0.026425
1673.881000,-0.037175
1673.882000,0.075107
1673.883000,0.095903
1673.884000,-0.018809
1673.885000,0.096985
1673.886000,0.083154
1673.887000,-0.195820
1673.888000,-0.280686
1673.889000,-0.362415
1673.890000,-0.244779
1673.891000,-0.087913
1673.892000,0.134433
1673.893000,0.242494
1673.894000,0.240433
1673.895000,0.161592
1673.896000,0.241615
1673.897000,0.279247
1673.898000,0.396141
1673.899000,0.418300
1673.900000,0.443995
1673.901000,0.454457
1673.902000,0.276178
1673.903000,0.278926
1673.904000,0.290857
1673.905000,0.299611
1673.906000,0.363400
1673.907000,0.477988
1673.908000,0.480393
1673.909000,0.521382
1673.910000,0.433113
1673.911000,0.437115
1673.912000,0.346257
1673.913000,0.378963
1673.914000,0.411192
1673.915000,0.543006
1673.916000,0.670888
1673.917000,0.653836
1673.918000,0.561991
1673.919000,0.574843
1673.920000,0.467761
1673.921000,0.394806
1673.922000,0.429233
1673.923000,0.282941
1673.924000,0.138850
1673.925000,-0.131489
1673.926000,-0.257134
1673.927000,-0.277168
1673.928000,-0.162105
1673.929000,-0.207292
1673.930000,-0.335671
1673.931000,-0.194483
1673.932000,-0.131450
1673.933000,-0.072383
1673.934000,0.041504
1673.935000,0.015734
1673.936000,0.009176
1673.937000,-0.055000
1673.938000,0.042427
1673.939000,-0.007678
1673.940000,-0.050713
1673.941000,0.125554
1673.942000,0.172059
1673.943000,0.045018
1673.944000,0.019209
1673.945000,-0.013068
1673.946000,-0.064761
1673.947000,-0.169271
1673.948000,-0.134491
1673.949000,-0.089660
1673.950000,-0.003684
1673.951000,0.056553
1673.952000,-0.039007
1673.953000,0.166624
1673.954000,0.115659
1673.955000,0.149914
1673.956000,0.111473
1673.957000,0.205941
1673.958000,0.326535
1673.959000,0.313144
1673.960000,0.569061
1673.961000,0.517302
1673.962000,0.618419
1673.963000,0.558217
1673.964000,0.602133
1673.965000,0.425734
1673.966000,0.369347
1673.967000,0.474790
1673.968000,0.604514
1673.969000,0.723605
1673.970000,0.682473
1673.971000,0.432450
1673.972000,0.272467
1673.973000,0.337507
1673.974000,0.409914
1673.975000,0.425598
1673.976000,0.337683
1673.977000,0.469158
1673.978000,0.439421
1673.979000,0.211915
1673.980000,0.305631
1673.981000,0.224919
1673.982000,0.155451
1673.983000,0.295596
1673.984000,0.300331
1673.985000,0.358063
1673.986000,0.364441
1673.987000,0.404074
1673.988000,0.336682
1673.989000,0.447616
1673.990000,0.458531
1673.991000,0.440970
1673.992000,0.550152
1673.993000,0.838042
1673.994000,1.004463
1673.995000,1.084541
1673.996000,1.022100
1673.997000,1.056671
1673.998000,0.916776
1673.999000,0.859638
1674.000000,1.096751
1674.001000,0.948152
1674.002000,0.828645
1674.003000,0.803776
1674.004000,0.854333
1674.005000,0.784233
1674.006000,0.809043
1674.007000,0.643112
1674.008000,0.550757
1674.009000,0.734971
1674.010000,0.793311
1674.011000,0.733406
1674.012000,0.758728
1674.013000,0.940713
1674.014000,0.982049
1674.015000,0.940682
1674.016000,0.981073
1674.017000,1.021495
1674.018000,1.177131
1674.019000,1.038151
1674.020000,1.245175
1674.021000,1.348246
1674.022000,1.248116
1674.023000,1.057125
1674.024000,1.050597
1674.025000,0.887766
1674.026000,0.950304
1674.027000,1.010124
1674.028000,1.027680
1674.029000,1.170410
1674.030000,1.063669
1674.031000,1.031003
1674.032000,0.985944
1674.033000,0.913039
1674.034000,0.980075
1674.035000,1.070536
1674.036000,1.097665
1674.037000,1.018295
1674.038000,0.840998
1674.039000,0.934753
1674.040000,1.244216
1674.041000,1.205617
1674.042000,1.217514
1674.043000,1.367185
1674.044000,1.323701
1674.045000,1.264235
1674.046000,1.218376
1674.047000,1.184678
1674.048000,1.253395
1674.049000,1.210631
1674.050000,1.292945
1674.051000,1.395842
1674.052000,1.315573
1674.053000,1.093376
1674.054000,0.991570
1674.055000,0.878990
1674.056000,0.870738
1674.057000,0.640430
1674.058000,0.661666
1674.059000,0.634001
1674.060000,0.591200
1674.061000,0.583663
1674.062000,0.520510
1674.063000,0.469767
1674.064000,0.382118
1674.065000,0.101964
1674.066000,0.190773
1674.067000,0.231241
1674.068000,0.004318
1674.069000,-0.219609
1674.070000,-0.281769
1674.071000,-0.287287
1674.072000,-0.286720
1674.073000,-0.317266
1674.074000,-0.367001
1674.075000,-0.482882
1674.076000,-0.508358
1674.077000,-0.438240
1674.078000,-0.409781
1674.079000,-0.477244
1674.080000,-0.362158
1674.081000,-0.378994
1674.082000,-0.411435
1674.083000,-0.339228
1674.084000,-0.295666
1674.085000,-0.367099
1674.086000,-0.419668
1674.087000,-0.344330
1674.088000,-0.390299
1674.089000,-0.192284
1674.090000,-0.345972
1674.091000,-0.248868
1674.092000,-0.247600
1674.093000,-0.266116
1674.094000,-0.262067
1674.095000,-0.220499
1674.096000,-0.163902
1674.097000,0.139237
1674.098000,0.157494
1674.099000,0.034945
1674.100000,0.060350
1674.101000,-0.059456
1674.102000,-0.170573
1674.103000,-0.232322
1674.104000,-0.331242
1674.105000,-0.219880
1674.106000,-0.247808
1674.107000,-0.157190
1674.108000,-0.125100
1674.109000,-0.135024
1674.110000,-0.173628
1674.111000,-0.074039
1674.112000,-0.257663
1674.113000,-0.311497
1674.114000,-0.108061
1674.115000,-0.045264
1674.116000,-0.001905
1674.117000,-0.123274
1674.118000,-0.191085
1674.119000,-0.151429
1674.120000,-0.337096
1674.121000,-0.503532
1674.122000,-0.567965
1674.123000,-0.474590
1674.124000,-0.485245
1674.125000,-0.351353
1674.126000,-0.520128
1674.127000,-0.485424
1674.128000,-0.588061
1674.129000,-0.757806
1674.130000,-0.605264
1674.131000,-0.570245
1674.132000,-0.455802
1674.133000,-0.360593
1674.134000,-0.443211
1674.135000,-0.353981
1674.136000,-0.394903
1674.137000,-0.366494
1674.138000,-0.382646
1674.139000,-0.339195
1674.140000,-0.392072
1674.141000,-0.359263
1674.142000,-0.520025
1674.143000,-0.457660
1674.144000,-0.465714
1674.145000,-0.369670
1674.146000,-0.468509
1674.147000,-0.490726
1674.148000,-0.649918
1674.149000,-0.656602
1674.150000,-0.503413
1674.151000,-0.644970
1674.152000,-0.551261
1674.153000,-0.578571
1674.154000,-0.572970
1674.155000,-0.604749
1674.156000,-0.543587
1674.157000,-0.547104
1674.158000,-0.647684
1674.159000,-0.650516
1674.160000,-0.714578
1674.161000,-0.813871
1674.162000,-0.648166
1674.163000,-0.579192
1674.164000,-0.419323
1674.165000,-0.387146
1674.166000,-0.217504
1674.167000,-0.298161
1674.168000,-0.177213
1674.169000,-0.195420
1674.170000,-0.195560
1674.171000,-0.201031
1674.172000,-0.263269
1674.173000,-0.059122
1674.174000,-0.053979
1674.175000,-0.032189
1674.176000,0.001277
1674.177000,0.002227
1674.178000,-0.124742
1674.179000,-0.030984
1674.180000,-0.129972
1674.181000,-0.334650
1674.182000,-0.270148
1674.183000,-0.295581
1674.184000,-0.238231
1674.185000,-0.169693
1674.186000,-0.309157
1674.187000,-0.277810
1674.188000,-0.205202
1674.189000,-0.024577
1674.190000,-0.082713
1674.191000,-0.033370
1674.192000,-0.094958
1674.193000,-0.122530
1674.194000,0.012242
1674.195000,-0.029068
1674.196000,-0.016368
1674.197000,0.021360
1674.198000,0.035799
1674.199000,-0.171619
1674.200000,-0.151451
1674.201000,-0.173371
1674.202000,-0.006026
1674.203000,-0.081093
1674.204000,-0.083367
1674.205000,0.028777
1674.206000,0.001548
1674.207000,-0.020250
1674.208000,-0.220598
1674.209000,-0.198147
1674.210000,-0.340661
1674.211000,-0.158021
1674.212000,-0.178723
1674.213000,-0.134072
1674.214000,-0.136900
1674.215000,-0.072666
1674.216000,0.071134
1674.217000,-0.030239
1674.218000,-0.051514
1674.219000,-0.141042
1674.220000,-0.155204
1674.221000,-0.072087
1674.222000,-0.013778
1674.223000,-0.090747
1674.224000,-0.021073
1674.225000,-0.114284
1674.226000,-0.031407
1674.227000,-0.307370
1674.228000,-0.122383
1674.229000,-0.112231
1674.230000,-0.178932
1674.231000,-0.026220
1674.232000,-0.028141
1674.233000,0.020699
1674.234000,0.076738
1674.235000,0.203466
1674.236000,0.303851
1674.237000,0.135596
1674.238000,0.159108
1674.239000,-0.067001
1674.240000,-0.187279
1674.241000,-0.261880
1674.242000,-0.527587
1674.243000,-0.533682
1674.244000,-0.476092
1674.245000,-0.504486
1674.246000,-0.474316
1674.247000,-0.535539
1674.248000,-0.557171
1674.249000,-0.598251
1674.250000,-0.717494
1674.251000,-0.627457
1674.252000,-0.665096
1674.253000,-0.604020
1674.254000,-0.606364
1674.255000,-0.610920
1674.256000,-0.583317
1674.257000,-0.418472
1674.258000,-0.512259
1674.259000,-0.506130
1674.260000,-0.375151
1674.261000,-0.378692
1674.262000,-0.367782
1674.263000,-0.130763
1674.264000,-0.069672
1674.265000,0.010785
1674.266000,0.231022
1674.267000,0.270923
1674.268000,0.058761
1674.269000,0.074309
1674.270000,-0.042189
1674.271000,0.131700
1674.272000,0.245339
1674.273000,0.285603
1674.274000,0.164501
1674.275000,0.050635
1674.276000,0.008608
1674.277000,0.040876
1674.278000,0.116839
1674.279000,0.172414
1674.280000,0.105297
1674.281000,0.081500
1674.282000,-0.021878
1674.283000,0.092638
1674.284000,0.090691
1674.285000,0.070388
1674.286000,0.115079
1674.287000,0.074706
1674.288000,0.082196
1674.289000,0.034197
1674.290000,-0.029845
1674.291000,-0.079888
1674.292000,-0.143506
1674.293000,-0.157098
1674.294000,-0.239587
1674.295000,-0.256208
1674.296000,-0.325487
1674.297000,-0.280587
1674.298000,-0.158971
1674.299000,-0.255420
1674.300000,-0.260607
1674.301000,-0.050949
1674.302000,-0.100709
1674.303000,-0.088556
1674.304000,0.002941
1674.305000,-0.108138
1674.306000,-0.138795
1674.307000,-0.211640
1674.308000,-0.169821
1674.309000,0.015544
1674.310000,0.129578
1674.311000,0.172318
1674.312000,0.125972
1674.313000,0.201906
1674.314000,0.158712
1674.315000,0.305611
1674.316000,0.362656
1674.317000,0.285073
1674.318000,0.298211
1674.319000,0.306632
1674.320000,0.188407
1674.321000,0.218427
1674.322000,0.228129
1674.323000,0.065401
1674.324000,0.075934
1674.325000,-0.077888
1674.326000,-0.063032
1674.327000,-0.113521
1674.328000,-0.194155
1674.329000,-0.184756
1674.330000,-0.326410
1674.331000,-0.399718
1674.332000,-0.414958
1674.333000,-0.451352
1674.334000,-0.275865
1674.335000,-0.214033
1674.336000,-0.083492
1674.337000,-0.274300
1674.338000,-0.192667
1674.339000,-0.050747
1674.340000,0.087595
1674.341000,0.113197
1674.342000,0.157010
1674.343000,0.083353
1674.344000,0.188667
1674.345000,0.392178
1674.346000,0.399757
1674.347000,0.440194
1674.348000,0.468574
1674.349000,0.416706
1674.350000,0.257914
1674.351000,0.047974
1674.352000,0.132340
1674.353000,0.027724
1674.354000,0.114884
1674.355000,0.053170
1674.356000,0.123547
1674.357000,0.172339
1674.358000,0.243845
1674.359000,0.314198
1674.360000,0.419305
1674.361000,0.410008
1674.362000,0.413328
1674.363000,0.492480
1674.364000,0.571536
1674.365000,0.567670
1674.366000,0.452335
1674.367000,0.503524
1674.368000,0.559768
1674.369000,0.471480
1674.370000,0.355534
1674.371000,0.240592
1674.372000,0.270857
1674.373000,0.160082
1674.374000,0.125607
1674.375000,0.182849
1674.376000,0.211855
1674.377000,0.472261
1674.378000,0.423723
1674.379000,0.424852
1674.380000,0.409452
1674.381000,0.367789
1674.382000,0.484558
1674.383000,0.446938
1674.384000,0.356427
1674.385000,0.410322
1674.386000,0.247839
1674.387000,0.219013
1674.388000,0.232065
1674.389000,0.266128
1674.390000,0.098543
1674.391000,0.131419
1674.392000,0.055680
1674.393000,0.192920
1674.394000,0.156388
1674.395000,0.218574
1674.396000,0.084108
1674.397000,0.186880
1674.398000,0.208878
1674.399000,0.270421
1674.400000,0.049546
1674.401000,0.107541
1674.402000,0.106697
1674.403000,0.247120
1674.404000,0.246029
1674.405000,0.298598
1674.406000,0.368836
1674.407000,0.312076
1674.408000,0.525665
1674.409000,0.483127
1674.410000,0.543128
1674.411000,0.385289
1674.412000,0.257383
1674.413000,0.141165
1674.414000,0.024977
1674.415000,-0.105862
1674.416000,0.082482
1674.417000,0.131976
1674.418000,0.082954
1674.419000,0.225441
1674.420000,0.302747
1674.421000,0.297622
1674.422000,0.255196
1674.423000,0.147322
1674.424000,-0.044868
1674.425000,-0.062725
1674.426000,-0.195709
1674.427000,-0.230868
1674.428000,-0.221126
1674.429000,-0.518953
1674.430000,-0.674272
1674.431000,-0.573699
1674.432000,-0.659069
1674.433000,-0.604966
1674.434000,-0.476154
1674.435000,-0.485764
1674.436000,-0.352317
1674.437000,-0.440182
1674.438000,-0.339936
1674.439000,-0.404008
1674.440000,-0.487945
1674.441000,-0.545331
1674.442000,-0.682028
1674.443000,-0.647156
1674.444000,-0.619755
1674.445000,-0.624430
1674.446000,-0.506709
1674.447000,-0.340000
1674.448000,-0.376989
1674.449000,-0.306996
1674.450000,-0.258578
1674.451000,-0.165528
1674.452000,-0.368040
1674.453000,-0.460519
1674.454000,-0.334376
1674.455000,-0.088845
1674.456000,-0.094191
1674.457000,-0.103132
1674.458000,-0.196091
1674.459000,-0.272757
1674.460000,-0.317670
1674.461000,-0.455382
1674.462000,-0.226014
1674.463000,-0.153068
1674.464000,-0.141980
1674.465000,0.046181
1674.466000,0.117438
1674.467000,0.030478
1674.468000,0.190062
1674.469000,0.364276
1674.470000,0.166584
1674.471000,0.035756
1674.472000,-0.228222
1674.473000,-0.230280
1674.474000,-0.315529
1674.475000,-0.254250
1674.476000,-0.293139
1674.477000,-0.544716
1674.478000,-0.466762
1674.479000,-0.560183
1674.480000,-0.621944
1674.481000,-0.597606
1674.482000,-0.450926
1674.483000,-0.473634
1674.484000,-0.366633
1674.485000,-0.310570
1674.486000,-0.361459
1674.487000,-0.368068
1674.488000,-0.369688
1674.489000,-0.327467
1674.490000,-0.288126
1674.491000,-0.318782
1674.492000,-0.172191
1674.493000,-0.160190
1674.494000,-0.154818
1674.495000,-0.064800
1674.496000,-0.029001
1674.497000,-0.271881
1674.498000,-0.300452
1674.499000,-0.157324
1674.500000,-0.187168
1674.501000,-0.211335
1674.502000,-0.172050
1674.503000,-0.283805
1674.504000,-0.191595
1674.505000,-0.191108
1674.506000,-0.089970
1674.507000,0.071526
1674.508000,0.153146
1674.509000,0.342537
1674.510000,0.434674
1674.511000,0.380351
1674.512000,0.374093
1674.513000,0.528066
1674.514000,0.512183
1674.515000,0.313209
1674.516000,0.221915
1674.517000,0.110188
1674.518000,0.247733
1674.519000,0.068823
1674.520000,0.188091
1674.521000,0.048427
1674.522000,0.070563
1674.523000,0.030258
1674.524000,-0.103851
1674.525000,0.024242
1674.526000,0.051436
1674.527000,0.071474
1674.528000,0.157116
1674.529000,0.200672
1674.530000,0.161481
1674.531000,0.185430
1674.532000,-0.051982
1674.533000,-0.142457
1674.534000,-0.037824
1674.535000,-0.016492
1674.536000,-0.041930
1674.537000,-0.059251
1674.538000,-0.105425
1674.539000,-0.299708
1674.540000,-0.418861
1674.541000,-0.334935
1674.542000,-0.385549
1674.543000,-0.480219
1674.544000,-0.694820
1674.545000,-0.525782
1674.546000,-0.677511
1674.547000,-0.517293
1674.548000,-0.369723
1674.549000,-0.480060
1674.550000,-0.471997
1674.551000,-0.341231
1674.552000,-0.411275
1674.553000,-0.425817
1674.554000,-0.562923
1674.555000,-0.520271
1674.556000,-0.555787
1674.557000,-0.581982
1674.558000,-0.803767
1674.559000,-0.768103
1674.560000,-0.771246
1674.561000,-0.786536
1674.562000,-0.693126
1674.563000,-0.902350
1674.564000,-0.805339
1674.565000,-0.827387
1674.566000,-0.874188
1674.567000,-0.745246
1674.568000,-0.601125
1674.569000,-0.763521
1674.570000,-0.582424
1674.571000,-0.300442
1674.572000,-0.213198
1674.573000,0.030552
1674.574000,-0.065567
1674.575000,-0.114140
1674.576000,0.151508
1674.577000,0.047671
1674.578000,-0.174316
1674.579000,-0.007031
1674.580000,-0.044757
1674.581000,-0.035283
1674.582000,0.002305
1674.583000,-0.042465
1674.584000,0.086218
1674.585000,-0.096192
1674.586000,-0.050190
1674.587000,-0.164988
1674.588000,-0.289045
1674.589000,-0.263000
1674.590000,-0.517579
1674.591000,-0.495371
1674.592000,-0.431265
1674.593000,-0.385813
1674.594000,-0.475628
1674.595000,-0.517643
1674.596000,-0.346091
1674.597000,-0.067551
1674.598000,0.079376
1674.599000,0.136778
1674.600000,0.314698
1674.601000,0.446775
1674.602000,0.436482
1674.603000,0.260725
1674.604000,0.267480
1674.605000,0.280834
1674.606000,0.320195
1674.607000,0.114317
1674.608000,0.118244
1674.609000,0.032114
1674.610000,0.011706
1674.611000,-0.000873
1674.612000,0.196599
1674.613000,0.135916
1674.614000,0.126637
1674.615000,0.185357
1674.616000,0.244436
1674.617000,0.245874
1674.618000,0.334575
1674.619000,0.235892
1674.620000,0.145655
1674.621000,0.089275
1674.622000,0.115530
1674.623000,0.116903
1674.624000,0.106050
1674.625000,0.181537
1674.626000,0.133625
1674.627000,-0.079016
1674.628000,0.169946
1674.629000,0.189674
1674.630000,0.006938
1674.631000,0.011094
1674.632000,-0.134331
1674.633000,-0.280273
1674.634000,-0.306913
1674.635000,-0.251198
1674.636000,-0.352117
1674.637000,-0.337817
1674.638000,-0.319819
1674.639000,-0.282988
1674.640000,-0.318129
1674.641000,-0.460637
1674.642000,-0.394851
1674.643000,-0.428576
1674.644000,-0.408526
1674.645000,-0.440606
1674.646000,-0.318610
1674.647000,-0.071819
1674.648000,-0.077522
1674.649000,-0.169674
1674.650000,-0.169695
1674.651000,-0.218330
1674.652000,-0.242130
1674.653000,-0.344855
1674.654000,-0.357340
1674.655000,-0.234951
1674.656000,-0.141407
1674.657000,-0.175125
1674.658000,-0.296437
1674.659000,-0.196541
1674.660000,-0.218964
1674.661000,-0.298423
1674.662000,0.059777
1674.663000,-0.009397
1674.664000,-0.002893
1674.665000,-0.000760
1674.666000,0.035335
1674.667000,0.104289
1674.668000,0.040592
1674.669000,0.062760
1674.670000,0.016401
1674.671000,-0.088481
1674.672000,-0.143018
1674.673000,-0.384670
1674.674000,-0.367355
1674.675000,-0.429504
1674.676000,-0.329455
1674.677000,-0.281260
1674.678000,-0.298326
1674.679000,-0.390371
1674.680000,-0.414457
1674.681000,-0.534594
1674.682000,-0.407952
1674.683000,-0.414588
1674.684000,-0.489111
1674.685000,-0.423541
1674.686000,-0.433573
1674.687000,-0.642704
1674.688000,-0.788359
1674.689000,-0.610598
1674.690000,-0.628425
1674.691000,-0.488278
1674.692000,-0.406843
1674.693000,-0.382255
1674.694000,-0.304074
1674.695000,-0.383871
1674.696000,-0.178420
1674.697000,-0.084878
1674.698000,0.061782
1674.699000,0.200542
1674.700000,0.162141
1674.701000,0.124859
1674.702000,0.064209
1674.703000,0.192445
1674.704000,0.198850
1674.705000,0.217964
1674.706000,0.222651
1674.707000,0.212976
1674.708000,0.262851
1674.709000,0.343051
1674.710000,0.463008
1674.711000,0.446574
1674.712000,0.463018
1674.713000,0.306909
1674.714000,0.323978
1674.715000,0.250669
1674.716000,0.310981
1674.717000,0.233879
1674.718000,0.266167
1674.719000,0.268439
1674.720000,0.149467
1674.721000,0.287859
1674.722000,0.191274
1674.723000,0.201094
1674.724000,0.084551
1674.725000,-0.087911
1674.726000,-0.164956
1674.727000,-0.211012
1674.728000,-0.053925
1674.729000,-0.044643
1674.730000,0.286660
1674.731000,-0.002310
1674.732000,0.024519
1674.733000,0.051728
1674.734000,0.070989
1674.735000,0.142517
1674.736000,0.230163
1674.737000,0.250626
1674.738000,0.294766
1674.739000,0.336282
1674.740000,0.332814
1674.741000,0.461565
1674.742000,0.519947
1674.743000,0.702790
1674.744000,0.691419
1674.745000,0.993816
1674.746000,0.855258
1674.747000,0.657196
1674.748000,0.759719
1674.749000,0.835378
1674.750000,0.866522
1674.751000,0.969145
1674.752000,0.894228
1674.753000,0.891996
1674.754000,0.907198
1674.755000,0.853020
1674.756000,0.854262
1674.757000,0.802690
1674.758000,0.740959
1674.759000,0.695549
1674.760000,0.747914
1674.761000,0.670692
1674.762000,0.601144
1674.763000,0.539307
1674.764000,0.454117
1674.765000,0.447062
1674.766000,0.414686
1674.767000,0.583614
1674.768000,0.759109
1674.769000,0.753099
1674.770000,0.828909
1674.771000,1.043682
1674.772000,1.150335
1674.773000,0.830590
1674.774000,0.731092
1674.775000,0.638920
1674.776000,0.569638
1674.777000,0.612532
1674.778000,0.747203
1674.779000,0.565876
1674.780000,0.586960
1674.781000,0.556372
1674.782000,0.535018
1674.783000,0.596504
1674.784000,0.510817
1674.785000,0.642999
1674.786000,0.548544
1674.787000,0.576727
1674.788000,0.381810
1674.789000,0.279244
1674.790000,0.314052
1674.791000,0.473098
1674.792000,0.376291
1674.793000,0.365400
1674.794000,0.224534
1674.795000,0.248579
1674.796000,0.258871
1674.797000,0.173496
1674.798000,0.131337
1674.799000,0.002994
1674.800000,0.262453
1674.801000,0.183443
1674.802000,0.169537
1674.803000,0.107180
1674.804000,-0.070224
1674.805000,-0.216048
1674.806000,-0.171541
1674.807000,0.070672
1674.808000,-0.082770
1674.809000,-0.069745
1674.810000,-0.256178
1674.811000,-0.369729
1674.812000,-0.350932
1674.813000,-0.389132
1674.814000,-0.366076
1674.815000,-0.499589
1674.816000,-0.483135
1674.817000,-0.360887
1674.818000,-0.321350
1674.819000,-0.427331
1674.820000,-0.335834
1674.821000,-0.242605
1674.822000,-0.346808
1674.823000,-0.333808
1674.824000,-0.358618
1674.825000,-0.317637
1674.826000,-0.308510
1674.827000,-0.385836
1674.828000,-0.383651
1674.829000,-0.422935
1674.830000,-0.286954
1674.831000,-0.267827
1674.832000,-0.379520
1674.833000,-0.341531
1674.834000,-0.368508
1674.835000,-0.483422
1674.836000,-0.311953
1674.837000,-0.153691
1674.838000,-0.271226
1674.839000,-0.183019
1674.840000,-0.208959
1674.841000,-0.335021
1674.842000,-0.301610
1674.843000,-0.159025
1674.844000,-0.191534
1674.845000,-0.299387
1674.846000,-0.132352
1674.847000,0.058014
1674.848000,0.240964
1674.849000,0.158126
1674.850000,0.124111
1674.851000,-0.000410
1674.852000,0.024577
1674.853000,-0.081065
1674.854000,0.087070
1674.855000,-0.013495
1674.856000,0.133279
1674.857000,-0.032001
1674.858000,0.021679
1674.859000,0.125936
1674.860000,0.142077
1674.861000,0.139382
1674.862000,-0.112234
1674.863000,0.040071
1674.864000,0.164520
1674.865000,0.152121
1674.866000,-0.005307
1674.867000,-0.013020
1674.868000,0.140318
1674.869000,0.189229
1674.870000,0.136668
1674.871000,0.154924
1674.872000,0.121664
1674.873000,0.043995
1674.874000,-0.100280
1674.875000,0.023001
1674.876000,0.054002
1674.877000,-0.062515
1674.878000,-0.088561
1674.879000,-0.171754
1674.880000,-0.397546
1674.881000,-0.362684
1674.882000,-0.521614
1674.883000,-0.449386
1674.884000,-0.632934
1674.885000,-0.487063
1674.886000,-0.426536
1674.887000,-0.385673
1674.888000,-0.387308
1674.889000,-0.318592
1674.890000,-0.346577
1674.891000,-0.477578
1674.892000,-0.457154
1674.893000,-0.440513
1674.894000,-0.445422
1674.895000,-0.752008
1674.896000,-0.649748
1674.897000,-0.461650
1674.898000,-0.401857
1674.899000,-0.392035
1674.900000,-0.404198
1674.901000,-0.335116
1674.902000,-0.271232
1674.903000,-0.186787
1674.904000,-0.452073
1674.905000,-0.519376
1674.906000,-0.573850
1674.907000,-0.686821
1674.908000,-0.676030
1674.909000,-0.712538
1674.910000,-0.692188
1674.911000,-0.678559
1674.912000,-0.642087
1674.913000,-0.577594
1674.914000,-0.630900
1674.915000,-0.653033
1674.916000,-0.490127
1674.917000,-0.490783
1674.918000,-0.301414
1674.919000,-0.136206
1674.920000,-0.133738
1674.921000,-0.059681
1674.922000,0.101771
1674.923000,-0.019552
1674.924000,0.085173
1674.925000,0.040194
1674.926000,-0.048073
1674.927000,-0.075511
1674.928000,-0.004040
1674.929000,0.098205
1674.930000,0.111965
1674.931000,0.253273
1674.932000,0.314529
1674.933000,0.350816
1674.934000,0.212995
1674.935000,-0.014012
1674.936000,-0.224456
1674.937000,-0.199668
1674.938000,-0.035401
1674.939000,-0.201323
1674.940000,-0.304981
1674.941000,-0.394533
1674.942000,-0.307504
1674.943000,-0.228521
1674.944000,-0.170704
1674.945000,0.022117
1674.946000,0.037890
1674.947000,0.080533
1674.948000,-0.105443
1674.949000,-0.191496
1674.950000,-0.098927
1674.951000,-0.265511
1674.952000,-0.092356
1674.953000,-0.086901
1674.954000,0.107825
1674.955000,0.201858
1674.956000,0.158176
1674.957000,-0.009709
1674.958000,0.132892
1674.959000,0.019309
1674.960000,0.142552
1674.961000,0.198729
1674.962000,0.217534
1674.963000,0.175059
1674.964000,0.101835
1674.965000,0.199864
1674.966000,0.122212
1674.967000,0.227912
1674.968000,0.246419
1674.969000,0.278145
1674.970000,0.146652
1674.971000,0.243617
1674.972000,0.406453
1674.973000,0.352358
1674.974000,0.354912
1674.975000,0.602456
1674.976000,0.620372
1674.977000,0.569144
1674.978000,0.646360
1674.979000,0.639076
1674.980000,0.734901
1674.981000,0.678993
1674.982000,0.732456
1674.983000,0.772869
1674.984000,0.850652
1674.985000,0.906484
1674.986000,1.069372
1674.987000,1.011037
1674.988000,0.835689
1674.989000,0.939579
1674.990000,0.985024
1674.991000,0.946378
1674.992000,0.761496
1674.993000,0.777426
1674.994000,0.677879
1674.995000,0.772333
1674.996000,0.782628
1674.997000,0.805319
1674.998000,0.810268
1674.999000,0.847729
1675.000000,0.682728
1675.001000,0.528082
1675.002000,0.442310
1675.003000,0.499303
1675.004000,0.591353
1675.005000,0.596014
1675.006000,0.639582
1675.007000,0.543716
1675.008000,0.466140
1675.009000,0.424512
1675.010000,0.542104
1675.011000,0.291997
1675.012000,0.223881
1675.013000,0.259590
1675.014000,0.261314
1675.015000,0.120997
1675.016000,0.162422
1675.017000,0.224929
1675.018000,0.331273
1675.019000,0.446259
1675.020000,0.422894
1675.021000,0.451332
1675.022000,0.513952
1675.023000,0.627519
1675.024000,0.652738
1675.025000,0.634333
1675.026000,0.751221
1675.027000,0.782855
1675.028000,0.902968
1675.029000,0.887382
1675.030000,1.029424
1675.031000,1.229954
1675.032000,1.254157
1675.033000,1.250770
1675.034000,1.211433
1675.035000,1.152187
1675.036000,1.175334
1675.037000,1.019577
1675.038000,1.056200
1675.039000,0.957809
1675.040000,0.942720
1675.041000,1.030294
1675.042000,1.033066
1675.043000,0.935807
1675.044000,0.828526
1675.045000,0.856813
1675.046000,0.713675
1675.047000,0.707827
1675.048000,0.606961
1675.049000,0.707017
1675.050000,0.630097
1675.051000,0.808389
1675.052000,0.808844
1675.053000,0.584035
1675.054000,0.691132
1675.055000,0.608242
1675.056000,0.420724
1675.057000,0.346892
1675.058000,0.496596
1675.059000,0.680614
1675.060000,0.772886
1675.061000,0.716808
1675.062000,0.648320
1675.063000,0.548133
1675.064000,0.297142
1675.065000,0.347728
1675.066000,0.200523
1675.067000,0.151214
1675.068000,0.033643
1675.069000,0.076371
1675.070000,0.026730
1675.071000,-0.082368
1675.072000,-0.149852
1675.073000,-0.276372
1675.074000,-0.249656
1675.075000,-0.263796
1675.076000,-0.213612
1675.077000,-0.231416
1675.078000,-0.514964
1675.079000,-0.546549
1675.080000,-0.594452
1675.081000,-0.723459
1675.082000,-0.931833
1675.083000,-0.912176
1675.084000,-0.932729
1675.085000,-0.891795
1675.086000,-0.977016
1675.087000,-0.883638
1675.088000,-0.899650
1675.089000,-0.937962
1675.090000,-0.987036
1675.091000,-1.068043
1675.092000,-1.039503
1675.093000,-1.148608
1675.094000,-1.156782
1675.095000,-1.063219
1675.096000,-1.072359
1675.097000,-1.232578
1675.098000,-1.376980
1675.099000,-1.429246
1675.100000,-1.427276
1675.101000,-1.484984
1675.102000,-1.407896
1675.103000,-1.381466
1675.104000,-1.477572
1675.105000,-1.514185
1675.106000,-1.515612
1675.107000,-1.666372
1675.108000,-1.739781
1675.109000,-1.716103
1675.110000,-1.835595
1675.111000,-1.843063
1675.112000,-1.727417
1675.113000,-2.004830
1675.114000,-2.045760
1675.115000,-1.921584
1675.116000,-1.983723
1675.117000,-1.853787
1675.118000,-1.745864
1675.119000,-1.755928
1675.120000,-1.754295
1675.121000,-1.513277
1675.122000,-1.504344
1675.123000,-1.467571
1675.124000,-1.444578
1675.125000,-1.560574
1675.126000,-1.475030
1675.127000,-1.540402
1675.128000,-1.555635
1675.129000,-1.538134
1675.130000,-1.697715
1675.131000,-1.679552
1675.132000,-1.719332
1675.133000,-1.587171
1675.134000,-1.661369
1675.135000,-1.485814
1675.136000,-1.602124
1675.137000,-1.635511
1675.138000,-1.571067
1675.139000,-1.516320
1675.140000,-1.458727
1675.141000,-1.296762
1675.142000,-1.307520
1675.143000,-1.292963
1675.144000,-1.324271
1675.145000,-1.292983
1675.146000,-1.528479
1675.147000,-1.475907
1675.148000,-1.500478
1675.149000,-1.332750
1675.150000,-1.325960
1675.151000,-1.343107
1675.152000,-1.363588
1675.153000,-1.440504
1675.154000,-1.233006
1675.155000,-1.123227
1675.156000,-1.070818
1675.157000,-1.142796
1675.158000,-1.026000
1675.159000,-1.181053
1675.160000,-1.262559
1675.161000,-1.045280
1675.162000,-1.120272
1675.163000,-1.058740
1675.164000,-1.050876
1675.165000,-1.222460
1675.166000,-1.301117
1675.167000,-1.161905
1675.168000,-1.042878
1675.169000,-1.061873
1675.170000,-0.945395
1675.171000,-0.792584
1675.172000,-0.954229
1675.173000,-0.737750
1675.174000,-0.733161
1675.175000,-0.714307
1675.176000,-0.501754
1675.177000,-0.563353
1675.178000,-0.472988
1675.179000,-0.405357
1675.180000,-0.413513
1675.181000,-0.390121
1675.182000,-0.559355
1675.183000,-0.428400
1675.184000,-0.646214
1675.185000,-0.573327
1675.186000,-0.565509
1675.187000,-0.379828
1675.188000,-0.433832
1675.189000,-0.399852
1675.190000,-0.303774
1675.191000,-0.399476
1675.192000,-0.294263
1675.193000,-0.257818
1675.194000,-0.172845
1675.195000,-0.220701
1675.196000,-0.168097
1675.197000,-0.120511
1675.198000,0.003979
1675.199000,0.191374
1675.200000,0.278248
1675.201000,0.128648
1675.202000,0.164589
1675.203000,0.335188
1675.204000,0.307803
1675.205000,0.286145
1675.206000,0.404530
1675.207000,0.406157
1675.208000,0.467477
1675.209000,0.520457
1675.210000,0.535549
1675.211000,0.704633
1675.212000,0.747295
1675.213000,0.572386
1675.214000,0.627717
1675.215000,0.475405
1675.216000,0.541174
1675.217000,0.411645
1675.218000,0.269605
1675.219000,0.285142
1675.220000,0.299853
1675.221000,0.245180
1675.222000,0.306824
1675.223000,0.478399
1675.224000,0.473427
1675.225000,0.587593
1675.226000,0.586966
1675.227000,0.880686
1675.228000,0.898415
1675.229000,1.004937
1675.230000,0.964471
1675.231000,1.151726
1675.232000,1.299322
1675.233000,1.359996
1675.234000,1.326219
1675.235000,1.327350
1675.236000,1.172173
1675.237000,1.012551
1675.238000,0.809630
1675.239000,0.968366
1675.240000,0.999112
1675.241000,0.950603
1675.242000,0.934881
1675.243000,1.133616
1675.244000,1.062772
1675.245000,0.950758
1675.246000,1.033298
1675.247000,1.079514
1675.248000,0.963924
1675.249000,0.855715
1675.250000,0.963548
1675.251000,0.832062
1675.252000,0.794307
1675.253000,0.788431
1675.254000,0.896189
1675.255000,0.943603
1675.256000,0.967764
1675.257000,1.060682
1675.258000,0.971360
1675.259000,1.226857
1675.260000,1.155485
1675.261000,0.967275
1675.262000,0.996201
1675.263000,1.073151
1675.264000,1.215196
1675.265000,1.179703
1675.266000,1.079490
1675.267000,1.077132
1675.268000,1.138224
1675.269000,1.155864
1675.270000,1.371354
1675.271000,1.422026
1675.272000,1.426732
1675.273000,1.460354
1675.274000,1.528290
1675.275000,1.648397
1675.276000,1.753116
1675.277000,1.866250
1675.278000,1.791220
1675.279000,1.713743
1675.280000,1.532913
1675.281000,1.290359
1675.282000,1.427796
1675.283000,1.463822
1675.284000,1.577786
1675.285000,1.628570
1675.286000,1.643673
1675.287000,1.755101
1675.288000,1.672060
1675.289000,1.511086
1675.290000,1.291049
1675.291000,1.459664
1675.292000,1.637608
1675.293000,1.556350
1675.294000,1.485308
1675.295000,1.339886
1675.296000,1.194815
1675.297000,1.239857
1675.298000,1.108328
1675.299000,1.114894
1675.300000,1.211875
1675.301000,1.104284
1675.302000,1.139437
1675.303000,1.195650
1675.304000,1.201273
1675.305000,1.204704
1675.306000,1.135181
1675.307000,1.304922
1675.308000,1.220907
1675.309000,1.168007
1675.310000,1.073956
1675.311000,1.033009
1675.312000,0.966436
1675.313000,0.887383
1675.314000,0.735999
1675.315000,0.389778
1675.316000,0.336575
1675.317000,0.220470
1675.318000,0.079882
1675.319000,0.266396
1675.320000,0.388556
1675.321000,0.324707
1675.322000,0.462282
1675.323000,0.624567
1675.324000,0.819192
1675.325000,0.774861
1675.326000,0.679000
1675.327000,0.756473
1675.328000,0.804250
1675.329000,0.571265
1675.330000,0.557669
1675.331000,0.277475
1675.332000,0.243795
1675.333000,0.125499
1675.334000,0.170600
1675.335000,0.094873
1675.336000,0.157530
1675.337000,0.127063
1675.338000,0.194342
1675.339000,0.055634
1675.340000,0.005578
1675.341000,-0.092248
1675.342000,-0.152694
1675.343000,-0.178763
1675.344000,-0.024893
1675.345000,0.160966
1675.346000,0.232779
1675.347000,0.318046
1675.348000,0.196117
1675.349000,0.178292
1675.350000,0.012020
1675.351000,0.019659
1675.352000,-0.048996
1675.353000,-0.006093
1675.354000,0.078446
1675.355000,-0.017834
1675.356000,0.027593
1675.357000,0.013781
1675.358000,0.061687
1675.359000,-0.052464
1675.360000,-0.057475
1675.361000,-0.043432
1675.362000,-0.096300
1675.363000,-0.184752
1675.364000,-0.309137
1675.365000,-0.272243
1675.366000,-0.112678
1675.367000,-0.136499
1675.368000,-0.084755
1675.369000,-0.022177
1675.370000,-0.038856
1675.371000,0.022496
1675.372000,-0.174754
1675.373000,-0.048698
1675.374000,-0.108203
1675.375000,-0.042408
1675.376000,-0.055939
1675.377000,0.059876
1675.378000,-0.026657
1675.379000,0.011027
1675.380000,-0.112763
1675.381000,-0.128540
1675.382000,-0.255789
1675.383000,-0.097259
1675.384000,-0.021164
1675.385000,-0.108892
1675.386000,0.026765
1675.387000,-0.159216
1675.388000,-0.278244
1675.389000,-0.207778
1675.390000,-0.117126
1675.391000,0.034647
1675.392000,-0.079824
1675.393000,0.037750
1675.394000,0.069261
1675.395000,0.186253
1675.396000,0.297179
1675.397000,0.208037
1675.398000,0.285277
1675.399000,0.339102
1675.400000,0.193876
1675.401000,0.043935
1675.402000,0.229470
1675.403000,0.192664
1675.404000,0.280069
1675.405000,0.367004
1675.406000,0.387435
1675.407000,0.363545
1675.408000,0.361092
1675.409000,0.428009
1675.410000,0.387837
1675.411000,0.285894
1675.412000,0.289567
1675.413000,0.224056
1675.414000,0.309861
1675.415000,0.166350
1675.416000,0.138910
1675.417000,0.056437
1675.418000,-0.070874
1675.419000,-0.335516
1675.420000,-0.383725
1675.421000,-0.261999
1675.422000,-0.312831
1675.423000,-0.224338
1675.424000,-0.328711
1675.425000,-0.373117
1675.426000,-0.317142
1675.427000,-0.492433
1675.428000,-0.417312
1675.429000,-0.426010
1675.430000,-0.481384
1675.431000,-0.545963
1675.432000,-0.457965
1675.433000,-0.389768
1675.434000,-0.386330
1675.435000,-0.471538
1675.436000,-0.490746
1675.437000,-0.362951
1675.438000,-0.073332
1675.439000,-0.077131
1675.440000,-0.076921
1675.441000,-0.064388
1675.442000,0.112114
1675.443000,-0.135970
1675.444000,-0.156306
1675.445000,-0.214904
1675.446000,-0.044479
1675.447000,-0.187111
1675.448000,-0.110342
1675.449000,-0.077649
1675.450000,0.003740
1675.451000,-0.054405
1675.452000,-0.059559
1675.453000,-0.038289
1675.454000,-0.145660
1675.455000,-0.215183
1675.456000,-0.207725
1675.457000,-0.104298
1675.458000,-0.130314
1675.459000,-0.334411
1675.460000,-0.246501
1675.461000,-0.551924
1675.462000,-0.626922
1675.463000,-0.481273
1675.464000,-0.653630
1675.465000,-0.645981
1675.466000,-0.573205
1675.467000,-0.576370
1675.468000,-0.565084
1675.469000,-0.443047
1675.470000,-0.499408
1675.471000,-0.485700
1675.472000,-0.361288
1675.473000,-0.365160
1675.474000,-0.385744
1675.475000,-0.371468
1675.476000,-0.360442
1675.477000,-0.387404
1675.478000,-0.408004
1675.479000,-0.354061
1675.480000,-0.416962
1675.481000,-0.244312
1675.482000,-0.199546
1675.483000,-0.056893
1675.484000,-0.069501
1675.485000,-0.124502
1675.486000,-0.146484
1675.487000,-0.166454
1675.488000,-0.254432
1675.489000,-0.257407
1675.490000,-0.366821
1675.491000,-0.418218
1675.492000,-0.278377
1675.493000,-0.167237
1675.494000,-0.352065
1675.495000,-0.242541
1675.496000,-0.211136
1675.497000,-0.153017
1675.498000,-0.127963
1675.499000,-0.071825
1675.500000,-0.109722
1675.501000,-0.020669
1675.502000,0.043466
1675.503000,0.016271
1675.504000,-0.025482
1675.505000,-0.238131
1675.506000,-0.268714
1675.507000,-0.338983
1675.508000,-0.388679
1675.509000,-0.369411
1675.510000,-0.423046
1675.511000,-0.357371
1675.512000,-0.377170
1675.513000,-0.327078
1675.514000,-0.331320
1675.515000,-0.286380
1675.516000,-0.201742
1675.517000,-0.328909
1675.518000,-0.235435
1675.519000,-0.228351
1675.520000,-0.201311
1675.521000,-0.181892
1675.522000,-0.104203
1675.523000,-0.089116
1675.524000,-0.157917
1675.525000,-0.146688
1675.526000,-0.267703
1675.527000,-0.450806
1675.528000,-0.395246
1675.529000,-0.357828
1675.530000,-0.539553
1675.531000,-0.548352
1675.532000,-0.722733
1675.533000,-0.685003
1675.534000,-0.727301
1675.535000,-0.520293
1675.536000,-0.487833
1675.537000,-0.600228
1675.538000,-0.613717
1675.539000,-0.675898
1675.540000,-0.683717
1675.541000,-0.884691
1675.542000,-0.763112
1675.543000,-0.602639
1675.544000,-0.624116
1675.545000,-0.454791
1675.546000,-0.469207
1675.547000,-0.460141
1675.548000,-0.539239
1675.549000,-0.714321
1675.550000,-0.843371
1675.551000,-0.730263
1675.552000,-0.754718
1675.553000,-0.673587
1675.554000,-0.608443
1675.555000,-0.718771
1675.556000,-0.551383
1675.557000,-0.630854
1675.558000,-0.573925
1675.559000,-0.532238
1675.560000,-0.431249
1675.561000,-0.516903
1675.562000,-0.578555
1675.563000,-0.609569
1675.564000,-0.633982
1675.565000,-0.645252
1675.566000,-0.728754
1675.567000,-0.726900
1675.568000,-0.677477
1675.569000,-0.626088
1675.570000,-0.474546
1675.571000,-0.482311
1675.572000,-0.496048
1675.573000,-0.482335
1675.574000,-0.592059
1675.575000,-0.403378
1675.576000,-0.514369
1675.577000,-0.461032
1675.578000,-0.716019
1675.579000,-0.624194
1675.580000,-0.536276
1675.581000,-0.524018
1675.582000,-0.666434
1675.583000,-0.724224
1675.584000,-0.810501
1675.585000,-0.985069
1675.586000,-1.049970
1675.587000,-1.153653
1675.588000,-1.168443
1675.589000,-1.176874
1675.590000,-0.960509
1675.591000,-1.066264
1675.592000,-0.982893
1675.593000,-0.910309
1675.594000,-0.895707
1675.595000,-1.051246
1675.596000,-1.002515
1675.597000,-0.963326
1675.598000,-0.973555
1675.599000,-0.880538
1675.600000,-0.662209
1675.601000,-0.748514
1675.602000,-0.559490
1675.603000,-0.648819
1675.604000,-0.466066
1675.605000,-0.576425
1675.606000,-0.579939
1675.607000,-0.473054
1675.608000,-0.601219
1675.609000,-0.563514
1675.610000,-0.609589
1675.611000,-0.674030
1675.612000,-0.562171
1675.613000,-0.702880
1675.614000,-0.646179
1675.615000,-0.487810
1675.616000,-0.501295
1675.617000,-0.490777
1675.618000,-0.459736
1675.619000,-0.648243
1675.620000,-0.505379
1675.621000,-0.474313
1675.622000,-0.442101
1675.623000,-0.502754
1675.624000,-0.634684
1675.625000,-0.464480
1675.626000,-0.522066
1675.627000,-0.447045
1675.628000,-0.423189
1675.629000,-0.266341
1675.630000,-0.256804
1675.631000,-0.246220
1675.632000,-0.320811
1675.633000,-0.306518
1675.634000,-0.267293
1675.635000,-0.264562
1675.636000,-0.214628
1675.637000,-0.471030
1675.638000,-0.528329
1675.639000,-0.537723
1675.640000,-0.477297
1675.641000,-0.322300
1675.642000,-0.373629
1675.643000,-0.395188
1675.644000,-0.329161
1675.645000,-0.209315
1675.646000,-0.050044
1675.647000,0.009847
1675.648000,0.033313
1675.649000,0.164583
1675.650000,0.266150
1675.651000,0.267876
1675.652000,0.320954
1675.653000,0.342688
1675.654000,0.285996
1675.655000,0.264445
1675.656000,0.387557
1675.657000,0.297613
1675.658000,0.210067
1675.659000,0.079288
1675.660000,0.127328
1675.661000,0.201076
1675.662000,0.044240
1675.663000,-0.028204
1675.664000,0.107945
1675.665000,0.163167
1675.666000,0.194837
1675.667000,0.110167
1675.668000,0.032726
1675.669000,0.131270
1675.670000,0.167238
1675.671000,0.061280
1675.672000,0.121703
1675.673000,-0.015122
1675.674000,0.007155
1675.675000,0.194071
1675.676000,0.261371
1675.677000,0.265652
1675.678000,0.291491
1675.679000,0.295921
1675.680000,0.304822
1675.681000,0.393852
1675.682000,0.258550
1675.683000,0.264028
1675.684000,0.279938
1675.685000,0.366660
1675.686000,0.400698
1675.687000,0.478271
1675.688000,0.575243
1675.689000,0.669549
1675.690000,0.768357
1675.691000,0.789010
1675.692000,0.564486
1675.693000,0.606930
1675.694000,0.686639
1675.695000,0.820775
1675.696000,0.807629
1675.697000,0.775441
1675.698000,0.745641
1675.699000,0.727285
1675.700000,0.799058
1675.701000,0.818931
1675.702000,0.830769
1675.703000,0.850351
1675.704000,0.847548
1675.705000,0.777323
1675.706000,0.743586
1675.707000,0.753273
1675.708000,0.781657
1675.709000,0.593939
1675.710000,0.576043
1675.711000,0.579575
1675.712000,0.731099
1675.713000,0.798952
1675.714000,0.737124
1675.715000,0.613667
1675.716000,0.692680
1675.717000,0.787990
1675.718000,0.696059
1675.719000,0.702435
1675.720000,0.724194
1675.721000,0.809718
1675.722000,0.760817
1675.723000,0.750942
1675.724000,0.728738
1675.725000,0.847457
1675.726000,0.808544
1675.727000,0.746233
1675.728000,0.811619
1675.729000,0.871487
1675.730000,0.838602
1675.731000,0.726252
1675.732000,0.703165
1675.733000,0.723210
1675.734000,1.017087
1675.735000,1.003330
1675.736000,0.938549
1675.737000,0.975591
1675.738000,0.892064
1675.739000,0.766095
1675.740000,0.730558
1675.741000,0.815089
1675.742000,0.883860
1675.743000,0.830181
1675.744000,0.978670
1675.745000,0.846254
1675.746000,0.703915
1675.747000,0.730380
1675.748000,0.790294
1675.749000,0.902706
1675.750000,0.990105
1675.751000,0.866548
1675.752000,0.724234
1675.753000,0.673780
1675.754000,0.462861
1675.755000,0.391213
1675.756000,0.327216
1675.757000,0.331625
1675.758000,0.303724
1675.759000,0.445023
1675.760000,0.276644
1675.761000,0.200410
1675.762000,0.227547
1675.763000,0.167147
1675.764000,0.218833
1675.765000,0.236522
1675.766000,0.143587
1675.767000,0.161818
1675.768000,0.307559
1675.769000,0.423558
1675.770000,0.594205
1675.771000,0.478782
1675.772000,0.483256
1675.773000,0.537238
1675.774000,0.341202
1675.775000,0.236505
1675.776000,0.030672
1675.777000,-0.074634
1675.778000,-0.177978
1675.779000,-0.273795
1675.780000,-0.264708
1675.781000,-0.422658
1675.782000,-0.446203
1675.783000,-0.592647
1675.784000,-0.734334
1675.785000,-0.606979
1675.786000,-0.569720
1675.787000,-0.463401
1675.788000,-0.489981
1675.789000,-0.607107
1675.790000,-0.751719
1675.791000,-0.891285
1675.792000,-0.880489
1675.793000,-0.802807
1675.794000,-0.898714
1675.795000,-1.051316
1675.796000,-1.133412
1675.797000,-1.053160
1675.798000,-1.028198
1675.799000,-0.949638
1675.800000,-0.819601
1675.801000,-0.758466
1675.802000,-0.759644
1675.803000,-0.762607
1675.804000,-0.749752
1675.805000,-0.849249
1675.806000,-0.920858
1675.807000,-0.866110
1675.808000,-0.862634
1675.809000,-0.818340
1675.810000,-0.859968
1675.811000,-0.725972
1675.812000,-0.920280
1675.813000,-1.083614
1675.814000,-0.978044
1675.815000,-0.945094
1675.816000,-0.697413
1675.817000,-0.733363
1675.818000,-0.587137
1675.819000,-0.664359
1675.820000,-0.443012
1675.821000,-0.345667
1675.822000,-0.344752
1675.823000,-0.410657
1675.824000,-0.269467
1675.825000,-0.352860
1675.826000,-0.488718
1675.827000,-0.397463
1675.828000,-0.415873
1675.829000,-0.314367
1675.830000,-0.232680
1675.831000,-0.333226
1675.832000,-0.396429
1675.833000,-0.432522
1675.834000,-0.376391
1675.835000,-0.300797
1675.836000,-0.393817
1675.837000,-0.358841
1675.838000,-0.381834
1675.839000,-0.189015
1675.840000,-0.159819
1675.841000,-0.222343
1675.842000,-0.253366
1675.843000,-0.215224
1675.844000,-0.229407
1675.845000,-0.300286
1675.846000,-0.329326
1675.847000,-0.157350
1675.848000,-0.226741
1675.849000,-0.131672
1675.850000,-0.178520
1675.851000,-0.149205
1675.852000,-0.082464
1675.853000,-0.147134
1675.854000,-0.202826
1675.855000,-0.142062
1675.856000,-0.043653
1675.857000,-0.006214
1675.858000,0.008160
1675.859000,0.284570
1675.860000,0.241688
1675.861000,0.146066
1675.862000,0.253077
1675.863000,0.196423
1675.864000,0.007336
1675.865000,0.050987
1675.866000,0.002599
1675.867000,-0.015885
1675.868000,0.092769
1675.869000,0.130393
1675.870000,0.233194
1675.871000,0.412410
1675.872000,0.511774
1675.873000,0.462502
1675.874000,0.221606
1675.875000,0.373881
1675.876000,0.298544
1675.877000,0.312749
1675.878000,0.249464
1675.879000,0.486390
1675.880000,0.551274
1675.881000,0.701613
1675.882000,0.710199
1675.883000,0.672726
1675.884000,0.748625
1675.885000,0.598383
1675.886000,0.639353
1675.887000,0.821938
1675.888000,0.760783
1675.889000,0.853893
1675.890000,0.770820
1675.891000,0.658295
1675.892000,0.453870
1675.893000,0.356881
1675.894000,0.323812
1675.895000,0.361802
1675.896000,0.354281
1675.897000,0.483345
1675.898000,0.393271
1675.899000,0.452944
1675.900000,0.447960
1675.901000,0.407704
1675.902000,0.616680
1675.903000,0.514933
1675.904000,0.479310
1675.905000,0.493097
1675.906000,0.478260
1675.907000,0.612016
1675.908000,0.617676
1675.909000,0.488592
1675.910000,0.351986
1675.911000,0.289867
1675.912000,0.163222
1675.913000,0.253572
1675.914000,0.246943
1675.915000,0.332012
1675.916000,0.224865
1675.917000,0.214217
1675.918000,0.274774
1675.919000,0.293425
1675.920000,0.349083
1675.921000,0.502975
1675.922000,0.399419
1675.923000,0.241949
1675.924000,0.206293
1675.925000,0.347125
1675.926000,0.605343
1675.927000,0.676439
1675.928000,0.572904
1675.929000,0.675400
1675.930000,0.700638
1675.931000,0.662931
1675.932000,0.592267
1675.933000,0.544022
1675.934000,0.528014
1675.935000,0.592783
1675.936000,0.591978
1675.937000,0.416594
1675.938000,0.301691
1675.939000,0.146516
1675.940000,0.186662
1675.941000,0.033730
1675.942000,0.065175
1675.943000,0.264968
1675.944000,-0.027976
1675.945000,-0.100489
1675.946000,-0.016332
1675.947000,-0.064301
1675.948000,-0.026349
1675.949000,-0.091827
1675.950000,-0.059067
1675.951000,0.120371
1675.952000,0.196183
1675.953000,-0.003446
1675.954000,-0.096647
1675.955000,-0.054483
1675.956000,-0.126768
1675.957000,-0.158034
1675.958000,-0.269640
1675.959000,-0.279203
1675.960000,-0.293270
1675.961000,-0.344605
1675.962000,-0.230565
1675.963000,-0.285343
1675.964000,-0.240073
1675.965000,-0.225244
1675.966000,-0.159410
1675.967000,-0.061650
1675.968000,-0.128965
1675.969000,0.040086
1675.970000,0.050183
1675.971000,0.170252
1675.972000,0.140602
1675.973000,0.250750
1675.974000,0.286580
1675.975000,0.371424
1675.976000,0.403994
1675.977000,0.285812
1675.978000,0.304001
1675.979000,0.393349
1675.980000,0.478332
1675.981000,0.693583
1675.982000,0.777720
1675.983000,0.677199
1675.984000,0.501927
1675.985000,0.482067
1675.986000,0.684231
1675.987000,0.613825
1675.988000,0.550884
1675.989000,0.502003
1675.990000,0.501664
1675.991000,0.583450
1675.992000,0.518608
1675.993000,0.569965
1675.994000,0.423060
1675.995000,0.514320
1675.996000,0.595739
1675.997000,0.525396
1675.998000,0.208799
1675.999000,0.309082
1676.000000,0.192267
1676.001000,0.179170
1676.002000,0.194328
1676.003000,0.278455
1676.004000,0.202226
1676.005000,0.106179
1676.006000,0.149305
1676.007000,0.196634
1676.008000,0.163700
1676.009000,0.036609
1676.010000,0.192506
1676.011000,-0.056395
1676.012000,-0.097178
1676.013000,-0.031453
1676.014000,-0.069816
1676.015000,-0.122591
1676.016000,-0.217851
1676.017000,-0.175203
1676.018000,-0.357064
1676.019000,-0.234437
1676.020000,-0.244289
1676.021000,-0.093564
1676.022000,0.016319
1676.023000,0.046406
1676.024000,-0.078071
1676.025000,-0.098693
1676.026000,-0.201913
1676.027000,-0.420918
1676.028000,-0.427253
1676.029000,-0.192475
1676.030000,-0.174627
1676.031000,-0.343556
1676.032000,-0.471650
1676.033000,-0.303742
1676.034000,-0.293980
1676.035000,-0.180145
1676.036000,-0.122275
1676.037000,-0.025437
1676.038000,0.015958
1676.039000,0.182824
1676.040000,0.277035
1676.041000,0.132866
1676.042000,-0.120895
1676.043000,-0.128166
1676.044000,-0.212096
1676.045000,-0.396166
1676.046000,-0.359877
1676.047000,-0.466040
1676.048000,-0.426456
1676.049000,-0.430661
1676.050000,-0.693679
1676.051000,-0.528979
1676.052000,-0.452227
1676.053000,-0.384326
1676.054000,-0.497568
1676.055000,-0.594919
1676.056000,-0.362435
1676.057000,-0.311820
1676.058000,-0.364065
1676.059000,-0.441063
1676.060000,-0.366525
1676.061000,-0.148443
1676.062000,-0.062210
1676.063000,0.046155
1676.064000,-0.113910
1676.065000,-0.076696
1676.066000,-0.099164
1676.067000,-0.356847
1676.068000,-0.361887
1676.069000,-0.333888
1676.070000,-0.391317
1676.071000,-0.474993
1676.072000,-0.386835
1676.073000,-0.282291
1676.074000,-0.344753
1676.075000,-0.094454
1676.076000,-0.124495
1676.077000,0.030538
1676.078000,-0.035519
1676.079000,-0.180382
1676.080000,-0.155853
1676.081000,-0.033801
1676.082000,-0.074154
1676.083000,0.190354
1676.084000,0.110013
1676.085000,0.084436
1676.086000,0.109782
1676.087000,-0.069496
1676.088000,-0.122226
1676.089000,-0.059734
1676.090000,0.095142
1676.091000,-0.000215
1676.092000,0.104564
1676.093000,0.138214
1676.094000,-0.090695
1676.095000,-0.113593
1676.096000,0.043615
1676.097000,-0.046939
1676.098000,-0.208826
1676.099000,-0.075894
1676.100000,-0.165179
1676.101000,-0.206096
1676.102000,-0.098289
1676.103000,-0.111943
1676.104000,-0.007324
1676.105000,0.021871
1676.106000,0.038970
1676.107000,-0.035308
1676.108000,-0.025982
1676.109000,0.003312
1676.110000,-0.160430
1676.111000,0.114820
1676.112000,0.042357
1676.113000,0.037813
1676.114000,0.080230
1676.115000,0.208702
1676.116000,0.115998
1676.117000,0.157559
1676.118000,0.073197
1676.119000,0.277211
1676.120000,0.173557
1676.121000,0.009719
1676.122000,0.123563
1676.123000,0.066439
1676.124000,0.105097
1676.125000,-0.062988
1676.126000,-0.125660
1676.127000,-0.224971
1676.128000,-0.265606
1676.129000,-0.470725
1676.130000,-0.418210
1676.131000,-0.406299
1676.132000,-0.250673
1676.133000,-0.234794
1676.134000,-0.173639
1676.135000,-0.245561
1676.136000,-0.356840
1676.137000,-0.506421
1676.138000,-0.466256
1676.139000,-0.476450
1676.140000,-0.482667
1676.141000,-0.436433
1676.142000,-0.464306
1676.143000,-0.673924
1676.144000,-0.722639
1676.145000,-0.735425
1676.146000,-0.763198
1676.147000,-0.925325
1676.148000,-0.804652
1676.149000,-0.954685
1676.150000,-0.940655
1676.151000,-1.068148
1676.152000,-0.985930
1676.153000,-1.034453
1676.154000,-0.964871
1676.155000,-0.855989
1676.156000,-0.817312
1676.157000,-0.804531
1676.158000,-0.701264
1676.159000,-0.744165
1676.160000,-0.603550
1676.161000,-0.492961
1676.162000,-0.347895
1676.163000,-0.148560
1676.164000,-0.116379
1676.165000,-0.054893
1676.166000,-0.197956
1676.167000,-0.070102
1676.168000,-0.085836
1676.169000,-0.354880
1676.170000,-0.382803
1676.171000,-0.243333
1676.172000,-0.184328
1676.173000,-0.126434
1676.174000,-0.041038
1676.175000,-0.126675
1676.176000,-0.101447
1676.177000,0.024391
1676.178000,0.138976
1676.179000,0.128690
1676.180000,0.122621
1676.181000,0.319436
1676.182000,0.275119
1676.183000,0.377336
1676.184000,0.377458
1676.185000,0.302384
1676.186000,0.251161
1676.187000,0.177205
1676.188000,0.146487
1676.189000,0.278502
1676.190000,0.296056
1676.191000,0.370372
1676.192000,0.461820
1676.193000,0.468807
1676.194000,0.423198
1676.195000,0.519271
1676.196000,0.641958
1676.197000,0.678141
1676.198000,0.682706
1676.199000,0.682798
1676.200000,0.602606
1676.201000,0.597648
1676.202000,0.384667
1676.203000,0.331450
1676.204000,0.393541
1676.205000,0.340789
1676.206000,0.315424
1676.207000,0.337245
1676.208000,0.201660
1676.209000,0.137806
1676.210000,0.100897
1676.211000,0.129102
1676.212000,0.140612
1676.213000,0.048921
1676.214000,-0.006530
1676.215000,0.012446
1676.216000,0.095141
1676.217000,0.050602
1676.218000,0.154693
1676.219000,0.102345
1676.220000,0.124493
1676.221000,0.154161
1676.222000,0.052120
1676.223000,0.224112
1676.224000,0.222328
1676.225000,0.265329
1676.226000,0.159961
1676.227000,0.095134
1676.228000,0.193580
1676.229000,0.150342
1676.230000,0.266998
1676.231000,0.329513
1676.232000,0.335762
1676.233000,0.337485
1676.234000,0.259356
1676.235000,0.352500
1676.236000,0.240823
1676.237000,0.286325
1676.238000,0.204918
1676.239000,0.458169
1676.240000,0.551474
1676.241000,0.607522
1676.242000,0.489866
1676.243000,0.622124
1676.244000,0.324554
1676.245000,0.370594
1676.246000,0.327014
1676.247000,0.288970
1676.248000,0.357439
1676.249000,0.234691
1676.250000,0.126852
1676.251000,-0.003847
1676.252000,-0.036585
1676.253000,0.014948
1676.254000,0.168043
1676.255000,0.176033
1676.256000,0.171412
1676.257000,0.077407
1676.258000,0.102414
1676.259000,0.003220
1676.260000,0.066511
1676.261000,0.068417
1676.262000,0.195333
1676.263000,0.062419
1676.264000,0.085928
1676.265000,0.184462
1676.266000,0.232779
1676.267000,0.497497
1676.268000,0.474980
1676.269000,0.290957
1676.270000,0.435321
1676.271000,0.254255
1676.272000,0.243010
1676.273000,0.159425
1676.274000,0.164874
1676.275000,0.156592
1676.276000,-0.019402
1676.277000,0.061242
1676.278000,0.055172
1676.279000,0.062598
1676.280000,0.121896
1676.281000,-0.014621
1676.282000,0.131655
1676.283000,0.096568
1676.284000,0.276301
1676.285000,0.334076
1676.286000,0.180452
1676.287000,0.006882
1676.288000,-0.089139
1676.289000,0.008096
1676.290000,-0.120155
1676.291000,-0.028299
1676.292000,-0.011436
1676.293000,-0.083646
1676.294000,-0.116013
1676.295000,0.151518
1676.296000,0.289201
1676.297000,0.227322
1676.298000,0.134117
1676.299000,0.210889
1676.300000,0.138399
1676.301000,0.146179
1676.302000,0.169094
1676.303000,0.016993
1676.304000,-0.239418
1676.305000,-0.080662
1676.306000,-0.079298
1676.307000,-0.094807
1676.308000,-0.132415
1676.309000,-0.153687
1676.310000,-0.123132
1676.311000,-0.226146
1676.312000,-0.209666
1676.313000,-0.138320
1676.314000,0.027951
1676.315000,0.048878
1676.316000,0.000593
1676.317000,-0.105249
1676.318000,-0.182558
1676.319000,-0.182862
1676.320000,-0.190878
1676.321000,-0.306621
1676.322000,-0.301104
1676.323000,-0.228023
1676.324000,-0.264061
1676.325000,-0.351086
1676.326000,-0.363038
1676.327000,-0.227120
1676.328000,-0.331637
1676.329000,-0.289843
1676.330000,-0.166487
1676.331000,-0.183315
1676.332000,-0.110956
1676.333000,0.199092
1676.334000,0.209403
1676.335000,0.350433
1676.336000,0.344771
1676.337000,0.233636
1676.338000,0.083819
1676.339000,0.199592
1676.340000,0.265444
1676.341000,0.224042
1676.342000,0.242692
1676.343000,0.273951
1676.344000,0.093766
1676.345000,-0.026347
1676.346000,0.038667
1676.347000,0.000555
1676.348000,-0.039347
1676.349000,-0.045098
1676.350000,0.046311
1676.351000,0.072174
1676.352000,0.196793
1676.353000,0.142911
1676.354000,0.148739
1676.355000,-0.024049
1676.356000,-0.056370
1676.357000,-0.018631
1676.358000,-0.031084
1676.359000,-0.034643
1676.360000,0.101350
1676.361000,0.019104
1676.362000,-0.069981
1676.363000,0.099360
1676.364000,0.123633
1676.365000,0.031735
1676.366000,-0.180784
1676.367000,-0.269923
1676.368000,-0.176494
1676.369000,-0.050973
1676.370000,-0.152635
1676.371000,-0.125800
1676.372000,-0.311031
1676.373000,-0.239202
1676.374000,-0.150441
1676.375000,-0.311328
1676.376000,-0.459787
1676.377000,-0.536447
1676.378000,-0.532031
1676.379000,-0.493445
1676.380000,-0.305913
1676.381000,-0.424095
1676.382000,-0.251124
1676.383000,-0.092914
1676.384000,-0.296014
1676.385000,-0.251113
1676.386000,-0.299944
1676.387000,-0.289777
1676.388000,-0.376961
1676.389000,-0.301457
1676.390000,-0.360327
1676.391000,-0.281587
1676.392000,-0.435721
1676.393000,-0.381071
1676.394000,-0.316631
1676.395000,-0.408057
1676.396000,-0.521549
1676.397000,-0.514779
1676.398000,-0.496777
1676.399000,-0.437646
1676.400000,-0.261300
1676.401000,-0.276925
1676.402000,-0.177214
1676.403000,-0.325067
1676.404000,-0.188053
1676.405000,-0.303721
1676.406000,-0.195215
1676.407000,-0.089677
1676.408000,-0.024703
1676.409000,-0.055784
1676.410000,-0.247822
1676.411000,-0.180564
1676.412000,-0.001733
1676.413000,-0.002893
1676.414000,0.065721
1676.415000,0.156773
1676.416000,0.061272
1676.417000,0.180538
1676.418000,0.179014
1676.419000,0.017644
1676.420000,0.215390
1676.421000,0.252897
1676.422000,0.183389
1676.423000,0.155580
1676.424000,0.042452
1676.425000,0.231370
1676.426000,0.251640
1676.427000,0.269955
1676.428000,0.188082
1676.429000,0.185525
1676.430000,0.010025
1676.431000,0.022412
1676.432000,0.043357
1676.433000,-0.020672
1676.434000,-0.041821
1676.435000,-0.079725
1676.436000,-0.009549
1676.437000,0.142142
1676.438000,0.215880
1676.439000,0.088005
1676.440000,0.022892
1676.441000,0.062439
1676.442000,0.013228
1676.443000,0.041660
1676.444000,0.122324
1676.445000,-0.074964
1676.446000,-0.098586
1676.447000,-0.149594
1676.448000,-0.355283
1676.449000,-0.205916
1676.450000,-0.072356
1676.451000,-0.104075
1676.452000,-0.219745
1676.453000,-0.169725
1676.454000,-0.190720
1676.455000,-0.148676
1676.456000,-0.245691
1676.457000,-0.473306
1676.458000,-0.389983
1676.459000,-0.394535
1676.460000,-0.465507
1676.461000,-0.304280
1676.462000,-0.315838
1676.463000,-0.298315
1676.464000,-0.290985
1676.465000,-0.347948
1676.466000,-0.164132
1676.467000,-0.083331
1676.468000,0.110121
1676.469000,0.322860
1676.470000,0.349183
1676.471000,0.316614
1676.472000,0.223121
1676.473000,0.508454
1676.474000,0.560688
1676.475000,0.365546
1676.476000,0.335661
1676.477000,0.235634
1676.478000,0.271936
1676.479000,0.329393
1676.480000,0.133905
1676.481000,0.189438
1676.482000,0.175104
1676.483000,0.199968
1676.484000,0.142308
1676.485000,0.172189
1676.486000,0.089845
1676.487000,0.131224
1676.488000,0.022062
1676.489000,-0.119518
1676.490000,-0.071266
1676.491000,-0.160324
1676.492000,-0.242947
1676.493000,-0.250151
1676.494000,-0.147444
1676.495000,-0.316562
1676.496000,-0.383241
1676.497000,-0.286989
1676.498000,-0.275632
1676.499000,-0.215776
1676.500000,-0.256833
1676.501000,-0.093107
1676.502000,-0.207967
1676.503000,-0.091941
1676.504000,-0.205543
1676.505000,-0.135573
1676.506000,-0.080475
1676.507000,-0.110565
1676.508000,-0.124116
1676.509000,-0.273444
1676.510000,-0.175989
1676.511000,-0.109176
1676.512000,-0.242134
1676.513000,-0.337716
1676.514000,-0.333040
1676.515000,-0.214072
1676.516000,-0.288619
1676.517000,-0.394907
1676.518000,-0.258985
1676.519000,-0.356144
1676.520000,-0.380427
1676.521000,-0.402232
1676.522000,-0.238287
1676.523000,-0.136840
1676.524000,-0.205626
1676.525000,-0.168500
1676.526000,-0.279779
1676.527000,-0.310443
1676.528000,-0.332381
1676.529000,-0.302466
1676.530000,-0.338970
1676.531000,-0.294548
1676.532000,-0.286181
1676.533000,-0.314540
1676.534000,-0.249399
1676.535000,-0.267102
1676.536000,-0.303381
1676.537000,-0.231753
1676.538000,-0.218835
1676.539000,-0.259651
1676.540000,-0.136340
1676.541000,-0.021011
1676.542000,-0.005523
1676.543000,-0.127007
1676.544000,-0.190930
1676.545000,-0.197888
1676.546000,-0.181581
1676.547000,-0.181947
1676.548000,-0.257598
1676.549000,-0.285122
1676.550000,-0.278868
1676.551000,-0.125357
1676.552000,0.019643
1676.553000,-0.005446
1676.554000,0.091892
1676.555000,0.041470
1676.556000,0.009183
1676.557000,0.073306
1676.558000,-0.012472
1676.559000,-0.044409
1676.560000,-0.121356
1676.561000,-0.008311
1676.562000,0.066033
1676.563000,0.021430
1676.564000,-0.131693
1676.565000,-0.099977
1676.566000,-0.228995
1676.567000,-0.074069
1676.568000,-0.133803
1676.569000,-0.076531
1676.570000,0.244037
1676.571000,0.208889
1676.572000,0.239550
1676.573000,0.324341
1676.574000,0.371655
1676.575000,0.278945
1676.576000,0.172881
1676.577000,0.156689
1676.578000,0.182439
1676.579000,0.208070
1676.580000,0.243984
1676.581000,0.290284
1676.582000,0.256325
1676.583000,0.130323
1676.584000,0.139550
1676.585000,0.161598
1676.586000,0.165118
1676.587000,0.200138
1676.588000,0.201368
1676.589000,0.026489
1676.590000,0.081713
1676.591000,0.219391
1676.592000,0.228591
1676.593000,0.368336
1676.594000,0.317004
1676.595000,0.241419
1676.596000,0.296857
1676.597000,0.201032
1676.598000,0.234999
1676.599000,0.171670
1676.600000,0.258820
1676.601000,0.124127
1676.602000,0.186605
1676.603000,0.204755
1676.604000,0.178967
1676.605000,0.026969
1676.606000,-0.082568
1676.607000,0.073559
1676.608000,0.214559
1676.609000,0.141907
1676.610000,0.251920
1676.611000,0.343380
1676.612000,0.355795
1676.613000,0.206442
1676.614000,0.305386
1676.615000,0.445373
1676.616000,0.376134
1676.617000,0.388409
1676.618000,0.490712
1676.619000,0.534765
1676.620000,0.639326
1676.621000,0.506023
1676.622000,0.447192
1676.623000,0.500780
1676.624000,0.618700
1676.625000,0.417152
1676.626000,0.410989
1676.627000,0.472554
1676.628000,0.545556
1676.629000,0.388332
1676.630000,0.182751
1676.631000,0.237578
1676.632000,0.154186
1676.633000,0.274121
1676.634000,0.190294
1676.635000,0.133441
1676.636000,0.411041
1676.637000,0.378372
1676.638000,0.522068
1676.639000,0.393199
1676.640000,0.404659
1676.641000,0.579423
1676.642000,0.611726
1676.643000,0.724027
1676.644000,0.898438
1676.645000,1.049348
1676.646000,0.951868
1676.647000,0.964012
1676.648000,0.798408
1676.649000,0.987558
1676.650000,0.887978
1676.651000,0.809118
1676.652000,0.702736
1676.653000,0.545849
1676.654000,0.424854
1676.655000,0.390686
1676.656000,0.581735
1676.657000,0.777493
1676.658000,0.837682
1676.659000,0.843167
1676.660000,0.967618
1676.661000,0.885396
1676.662000,1.205093
1676.663000,1.132807
1676.664000,0.995049
1676.665000,0.856351
1676.666000,0.546950
1676.667000,0.591051
1676.668000,0.538490
1676.669000,0.339783
1676.670000,0.404063
1676.671000,0.253357
1676.672000,0.276824
1676.673000,0.124955
1676.674000,0.201448
1676.675000,0.258813
1676.676000,0.209389
1676.677000,0.182475
1676.678000,0.098312
1676.679000,0.048938
1676.680000,0.007670
1676.681000,0.156786
1676.682000,0.273565
1676.683000,0.299635
1676.684000,0.275781
1676.685000,0.306664
1676.686000,0.330439
1676.687000,0.462993
1676.688000,0.252520
1676.689000,0.341592
1676.690000,0.331978
1676.691000,0.363072
1676.692000,0.397048
1676.693000,0.380538
1676.694000,0.285925
1676.695000,0.452456
1676.696000,0.500455
1676.697000,0.520142
1676.698000,0.445551
1676.699000,0.457135
1676.700000,0.239847
1676.701000,0.287887
1676.702000,0.348295
1676.703000,0.279906
1676.704000,0.174865
1676.705000,0.223061
1676.706000,0.177330
1676.707000,0.091549
1676.708000,0.012569
1676.709000,-0.002363
1676.710000,0.036144
1676.711000,-0.070548
1676.712000,-0.065855
1676.713000,0.063668
1676.714000,-0.077092
1676.715000,0.121793
1676.716000,0.141527
1676.717000,0.042418
1676.718000,-0.065315
1676.719000,-0.108579
1676.720000,-0.095332
1676.721000,-0.133842
1676.722000,-0.130530
1676.723000,-0.152712
1676.724000,-0.277375
1676.725000,-0.448255
1676.726000,-0.441815
1676.727000,-0.578275
1676.728000,-0.763997
1676.729000,-0.847862
1676.730000,-0.767038
1676.731000,-0.802926
1676.732000,-0.689351
1676.733000,-0.736419
1676.734000,-0.493093
1676.735000,-0.437103
1676.736000,-0.338769
1676.737000,-0.573338
1676.738000,-0.528368
1676.739000,-0.518753
1676.740000,-0.593339
1676.741000,-0.633802
1676.742000,-0.586197
1676.743000,-0.458307
1676.744000,-0.642338
1676.745000,-0.786795
1676.746000,-0.844749
1676.747000,-0.870185
1676.748000,-0.867043
1676.749000,-0.607146
1676.750000,-0.648349
1676.751000,-0.455835
1676.752000,-0.445605
1676.753000,-0.459149
1676.754000,-0.482645
1676.755000,-0.363605
1676.756000,-0.347536
1676.757000,-0.467186
1676.758000,-0.341860
1676.759000,-0.265739
1676.760000,-0.308140
1676.761000,-0.489563
1676.762000,-0.270658
1676.763000,-0.257669
1676.764000,-0.309445
1676.765000,-0.180205
1676.766000,-0.330154
1676.767000,-0.326215
1676.768000,-0.404320
1676.769000,-0.412509
1676.770000,-0.282644
1676.771000,-0.135654
1676.772000,-0.227451
1676.773000,-0.226072
1676.774000,-0.308587
1676.775000,-0.325395
1676.776000,-0.285646
1676.777000,-0.122101
1676.778000,-0.251812
1676.779000,-0.232282
1676.780000,-0.302454
1676.781000,-0.331140
1676.782000,-0.207088
1676.783000,-0.044340
1676.784000,-0.161359
1676.785000,0.132522
1676.786000,0.078990
1676.787000,0.067320
1676.788000,0.028368
1676.789000,0.024339
1676.790000,0.222050
1676.791000,0.331588
1676.792000,0.413407
1676.793000,0.395387
1676.794000,0.302936
1676.795000,0.342478
1676.796000,0.337676
1676.797000,0.214139
1676.798000,0.369192
1676.799000,0.471928
1676.800000,0.565749
1676.801000,0.579620
1676.802000,0.610815
1676.803000,0.682631
1676.804000,0.594593
1676.805000,0.485209
1676.806000,0.537851
1676.807000,0.645538
1676.808000,0.415872
1676.809000,0.428281
1676.810000,0.392385
1676.811000,0.352656
1676.812000,0.322091
1676.813000,0.170337
1676.814000,0.253316
1676.815000,0.173411
1676.816000,-0.010228
1676.817000,0.036735
1676.818000,-0.253965
1676.819000,-0.356823
1676.820000,-0.388341
1676.821000,-0.188425
1676.822000,-0.257005
1676.823000,-0.260584
1676.824000,-0.258456
1676.825000,-0.283683
1676.826000,-0.400917
1676.827000,-0.304836
1676.828000,-0.403174
1676.829000,-0.411311
1676.830000,-0.328581
1676.831000,-0.320386
1676.832000,-0.250908
1676.833000,-0.302190
1676.834000,-0.289862
1676.835000,-0.364911
1676.836000,-0.513631
1676.837000,-0.610776
1676.838000,-0.608990
1676.839000,-0.407567
1676.840000,-0.353305
1676.841000,-0.344533
1676.842000,-0.303922
1676.843000,-0.318610
1676.844000,-0.372551
1676.845000,-0.430976
1676.846000,-0.439053
1676.847000,-0.533191
1676.848000,-0.405273
1676.849000,-0.202437
1676.850000,-0.214659
1676.851000,-0.030526
1676.852000,0.006552
1676.853000,0.014781
1676.854000,-0.040708
1676.855000,-0.209018
1676.856000,-0.118829
1676.857000,0.035033
1676.858000,0.093589
1676.859000,0.218722
1676.860000,0.406355
1676.861000,0.509875
1676.862000,0.591845
1676.863000,0.397809
1676.864000,0.494235
1676.865000,0.411879
1676.866000,0.374839
1676.867000,0.509638
1676.868000,0.552592
1676.869000,0.591614
1676.870000,0.521403
1676.871000,0.579579
1676.872000,0.426867
1676.873000,0.484613
1676.874000,0.550074
1676.875000,0.433209
1676.876000,0.407324
1676.877000,0.212895
1676.878000,0.272052
1676.879000,0.355898
1676.880000,0.320002
1676.881000,0.257745
1676.882000,0.290785
1676.883000,0.094608
1676.884000,0.172374
1676.885000,0.161825
1676.886000,0.196165
1676.887000,0.001379
1676.888000,-0.091974
1676.889000,-0.087147
1676.890000,-0.069140
1676.891000,-0.044449
1676.892000,-0.100638
1676.893000,-0.306339
1676.894000,-0.330687
1676.895000,-0.304769
1676.896000,-0.177919
1676.897000,-0.161121
1676.898000,-0.023249
1676.899000,-0.254952
1676.900000,-0.419090
1676.901000,-0.352474
1676.902000,-0.445388
1676.903000,-0.449320
1676.904000,-0.322009
1676.905000,-0.243220
1676.906000,-0.067393
1676.907000,-0.039368
1676.908000,-0.106254
1676.909000,-0.135280
1676.910000,-0.095087
1676.911000,-0.238204
1676.912000,-0.332712
1676.913000,-0.451952
1676.914000,-0.326626
1676.915000,-0.266188
1676.916000,-0.139546
1676.917000,0.007359
1676.918000,0.027646
1676.919000,0.140505
1676.920000,0.260246
1676.921000,0.264857
1676.922000,0.356964
1676.923000,0.390070
1676.924000,0.312790
1676.925000,0.296817
1676.926000,0.273907
1676.927000,0.292968
1676.928000,0.210425
1676.929000,0.040841
1676.930000,-0.054520
1676.931000,0.032632
1676.932000,0.089219
1676.933000,-0.024238
1676.934000,-0.132236
1676.935000,-0.111576
1676.936000,-0.291671
1676.937000,-0.005670
1676.938000,0.190695
1676.939000,0.226752
1676.940000,0.232843
1676.941000,0.146529
1676.942000,0.115296
1676.943000,0.060065
1676.944000,0.086068
1676.945000,0.060960
1676.946000,0.018693
1676.947000,-0.202373
1676.948000,-0.464210
1676.949000,-0.521912
1676.950000,-0.441494
1676.951000,-0.610091
1676.952000,-0.489763
1676.953000,-0.244081
1676.954000,-0.328600
1676.955000,-0.340844
1676.956000,-0.466588
1676.957000,-0.375365
1676.958000,-0.416106
1676.959000,-0.335160
1676.960000,-0.300134
1676.961000,-0.355396
1676.962000,-0.375498
1676.963000,-0.339514
1676.964000,-0.463426
1676.965000,-0.433729
1676.966000,-0.588343
1676.967000,-0.799466
1676.968000,-0.698346
1676.969000,-0.718419
1676.970000,-0.904708
1676.971000,-0.877994
1676.972000,-0.757753
1676.973000,-0.672321
1676.974000,-0.806618
1676.975000,-0.839696
1676.976000,-0.759822
1676.977000,-0.517460
1676.978000,-0.670750
1676.979000,-0.615398
1676.980000,-0.603328
1676.981000,-0.579884
1676.982000,-0.586193
1676.983000,-0.547474
1676.984000,-0.622415
1676.985000,-0.609246
1676.986000,-0.698539
1676.987000,-0.582188
1676.988000,-0.619089
1676.989000,-0.599574
1676.990000,-0.627226
1676.991000,-0.527386
1676.992000,-0.481024
1676.993000,-0.605148
1676.994000,-0.453987
1676.995000,-0.614842
1676.996000,-0.634729
1676.997000,-0.321015
1676.998000,-0.513979
1676.999000,-0.580769
1677.000000,-0.570578
1677.001000,-0.292856
1677.002000,-0.273982
1677.003000,-0.353722
1677.004000,-0.511621
1677.005000,-0.635168
1677.006000,-0.467018
1677.007000,-0.402636
1677.008000,-0.635746
1677.009000,-0.858808
1677.010000,-0.737934
1677.011000,-0.763431
1677.012000,-0.629261
1677.013000,-0.369332
1677.014000,-0.141349
1677.015000,-0.141631
1677.016000,-0.021585
1677.017000,0.108892
1677.018000,0.061808
1677.019000,0.105875
1677.020000,0.161471
1677.021000,0.111776
1677.022000,0.109942
1677.023000,0.078805
1677.024000,0.202120
1677.025000,0.161422
1677.026000,0.200260
1677.027000,0.089784
1677.028000,0.085800
1677.029000,0.134472
1677.030000,0.235208
1677.031000,0.285417
1677.032000,0.267500
1677.033000,0.182145
1677.034000,0.165609
1677.035000,0.238490
1677.036000,0.258738
1677.037000,0.324330
1677.038000,0.414277
1677.039000,0.324147
1677.040000,0.393125
1677.041000,0.414751
1677.042000,0.419142
1677.043000,0.434583
1677.044000,0.503558
1677.045000,0.520986
1677.046000,0.303779
1677.047000,0.172956
1677.048000,0.120086
1677.049000,0.034768
1677.050000,-0.016319
1677.051000,0.059641
1677.052000,-0.012077
1677.053000,-0.199503
1677.054000,-0.456383
1677.055000,-0.412497
1677.056000,-0.375586
1677.057000,-0.529959
1677.058000,-0.400174
1677.059000,-0.354514
1677.060000,-0.243680
1677.061000,-0.238946
1677.062000,-0.220412
1677.063000,-0.127545
1677.064000,-0.069146
1677.065000,-0.099234
1677.066000,0.007776
1677.067000,-0.068642
1677.068000,0.021071
1677.069000,-0.122069
1677.070000,-0.129613
1677.071000,-0.114396
1677.072000,-0.081042
1677.073000,-0.217132
1677.074000,-0.237242
1677.075000,-0.252291
1677.076000,-0.364485
1677.077000,-0.199092
1677.078000,-0.264951
1677.079000,-0.360095
1677.080000,-0.386148
1677.081000,-0.411210
1677.082000,-0.406340
1677.083000,-0.647175
1677.084000,-0.732357
1677.085000,-0.856823
1677.086000,-0.693129
1677.087000,-0.409033
1677.088000,-0.563194
1677.089000,-0.250420
1677.090000,-0.263727
1677.091000,-0.238397
1677.092000,-0.322689
1677.093000,-0.242169
1677.094000,-0.152085
1677.095000,-0.147418
1677.096000,-0.290128
1677.097000,-0.318382
1677.098000,-0.274656
1677.099000,-0.204998
1677.100000,-0.182664
1677.101000,-0.137973
1677.102000,-0.041947
1677.103000,0.008682
1677.104000,0.016685
1677.105000,0.140339
1677.106000,0.116355
1677.107000,0.132783
1677.108000,0.279389
1677.109000,0.049563
1677.110000,0.174986
1677.111000,-0.003052
1677.112000,0.037419
1677.113000,-0.154713
1677.114000,-0.027139
1677.115000,0.079283
1677.116000,0.143020
1677.117000,0.181041
1677.118000,0.198355
1677.119000,0.257947
1677.120000,0.112544
1677.121000,0.225171
1677.122000,0.306848
1677.123000,0.353129
1677.124000,0.177295
1677.125000,0.049694
1677.126000,0.193055
1677.127000,0.227271
1677.128000,0.107317
1677.129000,0.222037
1677.130000,0.316677
1677.131000,0.413744
1677.132000,0.326308
1677.133000,0.269220
1677.134000,0.161777
1677.135000,0.249073
1677.136000,0.310362
1677.137000,0.244576
1677.138000,0.422589
1677.139000,0.320135
1677.140000,0.216791
1677.141000,0.236009
1677.142000,0.237674
1677.143000,0.106346
1677.144000,0.070905
1677.145000,0.037786
1677.146000,0.057651
1677.147000,0.199679
1677.148000,0.121692
1677.149000,0.052175
1677.150000,-0.160613
1677.151000,-0.121369
1677.152000,-0.156838
1677.153000,-0.053665
1677.154000,0.063784
1677.155000,-0.033981
1677.156000,0.000939
1677.157000,-0.067724
1677.158000,-0.014893
1677.159000,-0.019239
1677.160000,0.012377
1677.161000,0.012481
1677.162000,0.057783
1677.163000,0.114537
1677.164000,-0.041994
1677.165000,0.000147
1677.166000,-0.009637
1677.167000,0.118843
1677.168000,0.228312
1677.169000,0.289892
1677.170000,0.148986
1677.171000,-0.045486
1677.172000,-0.082356
1677.173000,-0.187571
1677.174000,-0.047852
1677.175000,-0.114330
1677.176000,-0.237100
1677.177000,-0.124541
1677.178000,-0.150068
1677.179000,-0.177893
1677.180000,-0.037978
1677.181000,0.117364
1677.182000,0.163949
1677.183000,0.109114
1677.184000,0.190204
1677.185000,0.252867
1677.186000,0.329590
1677.187000,0.243758
1677.188000,0.255296
1677.189000,0.163326
1677.190000,0.363177
1677.191000,0.322530
1677.192000,0.345304
1677.193000,0.300737
1677.194000,0.228217
1677.195000,0.163567
1677.196000,0.193584
1677.197000,0.290504
1677.198000,0.300517
1677.199000,0.197905
1677.200000,0.252985
1677.201000,0.085322
1677.202000,0.175749
1677.203000,0.258734
1677.204000,0.151432
1677.205000,0.309134
1677.206000,0.260493
1677.207000,0.251192
1677.208000,0.236706
1677.209000,0.464555
1677.210000,0.507230
1677.211000,0.531567
1677.212000,0.460094
1677.213000,0.468747
1677.214000,0.347891
1677.215000,0.298562
1677.216000,0.385110
1677.217000,0.288620
1677.218000,0.204977
1677.219000,0.285886
1677.220000,-0.007656
1677.221000,0.085256
1677.222000,0.129978
1677.223000,0.005794
1677.224000,0.004502
1677.225000,0.119511
1677.226000,0.093771
1677.227000,-0.012542
1677.228000,0.073932
1677.229000,0.195767
1677.230000,0.232205
1677.231000,0.234882
1677.232000,0.291109
1677.233000,0.246169
1677.234000,0.203480
1677.235000,0.163974
1677.236000,0.212625
1677.237000,0.189202
1677.238000,0.116189
1677.239000,0.078045
1677.240000,0.122251
1677.241000,0.219856
1677.242000,0.173551
1677.243000,0.191411
1677.244000,0.258153
1677.245000,0.334343
1677.246000,0.438942
1677.247000,0.394229
1677.248000,0.280271
1677.249000,0.443719
1677.250000,0.500875
1677.251000,0.504821
1677.252000,0.739542
1677.253000,0.659567
1677.254000,0.636709
1677.255000,0.512022
1677.256000,0.407920
1677.257000,0.401425
1677.258000,0.495672
1677.259000,0.217539
1677.260000,0.148537
1677.261000,-0.042936
1677.262000,-0.003301
1677.263000,-0.020742
1677.264000,-0.125242
1677.265000,0.058931
1677.266000,0.128928
1677.267000,0.194638
1677.268000,0.177647
1677.269000,0.142958
1677.270000,0.152049
1677.271000,0.132624
1677.272000,0.237840
1677.273000,0.175788
1677.274000,0.215819
1677.275000,0.037202
1677.276000,0.055703
1677.277000,-0.056683
1677.278000,-0.131137
1677.279000,-0.185501
1677.280000,-0.106069
1677.281000,-0.162550
1677.282000,-0.174259
1677.283000,-0.084783
1677.284000,0.007896
1677.285000,0.008300
1677.286000,-0.028301
1677.287000,0.094079
1677.288000,-0.037943
1677.289000,-0.000284
1677.290000,0.086808
1677.291000,-0.001453
1677.292000,0.157243
1677.293000,-0.071534
1677.294000,-0.036562
1677.295000,-0.014886
1677.296000,0.028472
1677.297000,0.086021
1677.298000,0.027865
1677.299000,-0.076184
1677.300000,-0.069806
1677.301000,-0.113056
1677.302000,-0.169443
1677.303000,-0.108670
1677.304000,-0.047091
1677.305000,-0.155406
1677.306000,-0.355208
1677.307000,-0.367779
1677.308000,-0.259734
1677.309000,-0.343827
1677.310000,-0.400336
1677.311000,-0.501855
1677.312000,-0.552893
1677.313000,-0.604616
1677.314000,-0.522431
1677.315000,-0.510958
1677.316000,-0.459065
1677.317000,-0.370471
1677.318000,-0.492051
1677.319000,-0.325952
1677.320000,-0.240138
1677.321000,-0.239378
1677.322000,-0.450508
1677.323000,-0.478329
1677.324000,-0.373590
1677.325000,-0.592619
1677.326000,-0.609536
1677.327000,-0.513458
1677.328000,-0.583929
1677.329000,-0.665448
1677.330000,-0.527086
1677.331000,-0.743079
1677.332000,-0.980326
1677.333000,-0.942708
1677.334000,-0.820793
1677.335000,-0.847151
1677.336000,-0.703907
1677.337000,-0.708380
1677.338000,-0.684863
1677.339000,-0.676379
1677.340000,-0.698462
1677.341000,-0.704231
1677.342000,-0.727118
1677.343000,-0.821722
1677.344000,-0.651337
1677.345000,-0.556084
1677.346000,-0.434189
1677.347000,-0.179316
1677.348000,-0.318537
1677.349000,-0.125180
1677.350000,-0.233219
1677.351000,-0.312887
1677.352000,-0.277700
1677.353000,-0.308666
1677.354000,-0.112391
1677.355000,-0.191425
1677.356000,-0.193661
1677.357000,-0.167450
1677.358000,-0.198446
1677.359000,-0.032583
1677.360000,-0.003391
1677.361000,-0.313151
1677.362000,-0.305257
1677.363000,-0.371495
1677.364000,-0.210334
1677.365000,-0.363085
1677.366000,-0.488763
1677.367000,-0.229103
1677.368000,-0.324835
1677.369000,-0.214940
1677.370000,-0.136960
1677.371000,-0.198774
1677.372000,-0.280970
1677.373000,-0.410950
1677.374000,-0.381959
1677.375000,-0.297109
1677.376000,-0.234759
1677.377000,-0.101414
1677.378000,-0.099551
1677.379000,-0.106702
1677.380000,-0.136951
1677.381000,0.079234
1677.382000,0.014565
1677.383000,0.215500
1677.384000,0.285068
1677.385000,0.368225
1677.386000,0.257303
1677.387000,0.302361
1677.388000,0.459120
1677.389000,0.391840
1677.390000,0.516780
1677.391000,0.563875
1677.392000,0.618827
1677.393000,0.854168
1677.394000,0.726241
1677.395000,0.655627
1677.396000,0.673431
1677.397000,0.806648
1677.398000,0.809962
1677.399000,0.885715
1677.400000,0.693154
1677.401000,0.717489
1677.402000,0.673740
1677.403000,0.549374
1677.404000,0.401986
1677.405000,0.324524
1677.406000,0.352892
1677.407000,0.384851
1677.408000,0.383607
1677.409000,0.474778
1677.410000,0.694147
1677.411000,0.673088
1677.412000,0.642407
1677.413000,0.604712
1677.414000,0.517957
1677.415000,0.571647
1677.416000,0.644335
1677.417000,0.653641
1677.418000,0.586578
1677.419000,0.663617
1677.420000,0.918324
1677.421000,0.786160
1677.422000,0.575561
1677.423000,0.421532
1677.424000,0.656509
1677.425000,0.804710
1677.426000,0.884063
1677.427000,0.903514
1677.428000,0.776027
1677.429000,0.699126
1677.430000,0.592408
1677.431000,0.681877
1677.432000,0.716010
1677.433000,0.855595
1677.434000,0.890768
1677.435000,0.759334
1677.436000,0.851367
1677.437000,0.659738
1677.438000,0.414393
1677.439000,0.382295
1677.440000,0.362943
1677.441000,0.265345
1677.442000,0.269613
1677.443000,0.442292
1677.444000,0.414205
1677.445000,0.508584
1677.446000,0.407022
1677.447000,0.292135
1677.448000,0.377336
1677.449000,0.344111
1677.450000,0.359179
1677.451000,0.323457
1677.452000,0.171726
1677.453000,0.196714
1677.454000,0.321210
1677.455000,0.193189
1677.456000,0.186685
1677.457000,0.145263
1677.458000,0.069465
1677.459000,0.045232
1677.460000,-0.025411
1677.461000,-0.164658
1677.462000,-0.224933
1677.463000,-0.136709
1677.464000,-0.087142
1677.465000,-0.132711
1677.466000,-0.206667
1677.467000,-0.322356
1677.468000,-0.496367
1677.469000,-0.502237
1677.470000,-0.450033
1677.471000,-0.452610
1677.472000,-0.503686
1677.473000,-0.523905
1677.474000,-0.275377
1677.475000,-0.199582
1677.476000,-0.125537
1677.477000,-0.011938
1677.478000,-0.021414
1677.479000,0.092763
1677.480000,-0.032167
1677.481000,-0.126813
1677.482000,0.122809
1677.483000,-0.120693
1677.484000,-0.028147
1677.485000,-0.109266
1677.486000,-0.052799
1677.487000,0.104485
1677.488000,0.070648
1677.489000,0.189838
1677.490000,0.263227
1677.491000,0.301122
1677.492000,0.384304
1677.493000,0.134854
1677.494000,0.250174
1677.495000,0.236891
1677.496000,0.410112
1677.497000,0.448776
1677.498000,0.353315
1677.499000,0.487406
1677.500000,0.490876
1677.501000,0.264933
1677.502000,0.206389
1677.503000,0.299080
1677.504000,0.349238
1677.505000,0.245066
1677.506000,0.287941
1677.507000,0.221334
1677.508000,0.211516
1677.509000,0.226928
1677.510000,0.298320
1677.511000,0.387589
1677.512000,0.372163
1677.513000,0.318978
1677.514000,0.441234
1677.515000,0.484527
1677.516000,0.522487
1677.517000,0.541487
1677.518000,0.575022
1677.519000,0.519069
1677.520000,0.563274
1677.521000,0.413496
1677.522000,0.364543
1677.523000,0.178124
1677.524000,0.217909
1677.525000,0.097327
1677.526000,0.203778
1677.527000,0.338018
1677.528000,0.579388
1677.529000,0.466660
1677.530000,0.490199
1677.531000,0.433733
1677.532000,0.697654
1677.533000,0.552356
1677.534000,0.463481
1677.535000,0.441294
1677.536000,0.331628
1677.537000,0.439967
1677.538000,0.548668
1677.539000,0.693962
1677.540000,0.482112
1677.541000,0.618672
1677.542000,0.845458
1677.543000,0.785357
1677.544000,0.744033
1677.545000,0.360254
1677.546000,0.157777
1677.547000,0.201429
1677.548000,0.166230
1677.549000,-0.057762
1677.550000,-0.080726
1677.551000,-0.234240
1677.552000,-0.316235
1677.553000,-0.241473
1677.554000,-0.189105
1677.555000,-0.033824
1677.556000,0.274572
1677.557000,0.371513
1677.558000,0.445766
1677.559000,0.507935
1677.560000,0.445319
1677.561000,0.513240
1677.562000,0.539613
1677.563000,0.549854
1677.564000,0.660956
1677.565000,0.637073
1677.566000,0.672442
1677.567000,0.449402
1677.568000,0.459679
1677.569000,0.300766
1677.570000,0.282867
1677.571000,0.261119
1677.572000,0.175567
1677.573000,0.149470
1677.574000,0.069766
1677.575000,0.152991
1677.576000,0.186585
1677.577000,0.129604
1677.578000,0.226507
1677.579000,0.351404
1677.580000,0.147196
1677.581000,0.295761
1677.582000,0.284960
1677.583000,0.247100
1677.584000,0.284192
1677.585000,0.303444
1677.586000,0.191738
1677.587000,-0.135962
1677.588000,-0.000634
1677.589000,-0.020052
1677.590000,-0.027721
1677.591000,-0.238463
1677.592000,-0.187580
1677.593000,-0.314808
1677.594000,-0.315319
1677.595000,-0.330711
1677.596000,-0.325411
1677.597000,-0.399264
1677.598000,-0.622400
1677.599000,-0.631765
1677.600000,-0.665303
1677.601000,-0.849954
1677.602000,-0.817729
1677.603000,-0.724233
1677.604000,-0.852681
1677.605000,-0.754131
1677.606000,-0.775287
1677.607000,-0.719874
1677.608000,-0.652730
1677.609000,-0.672785
1677.610000,-0.597996
1677.611000,-0.678112
1677.612000,-0.775309
1677.613000,-0.670850
1677.614000,-0.673667
1677.615000,-0.636498
1677.616000,-0.583718
1677.617000,-0.615187
1677.618000,-0.394587
1677.619000,-0.359081
1677.620000,-0.273122
1677.621000,-0.183966
1677.622000,-0.156191
1677.623000,-0.240149
1677.624000,-0.350409
1677.625000,-0.260365
1677.626000,-0.055276
1677.627000,-0.121834
1677.628000,0.001916
1677.629000,-0.059836
1677.630000,-0.133790
1677.631000,-0.264767
1677.632000,-0.009960
1677.633000,0.135287
1677.634000,-0.009533
1677.635000,0.114901
1677.636000,0.124483
1677.637000,-0.024685
1677.638000,0.098660
1677.639000,0.115743
1677.640000,0.284959
1677.641000,0.296351
1677.642000,0.367928
1677.643000,0.615893
1677.644000,0.598080
1677.645000,0.482534
1677.646000,0.312850
1677.647000,0.337090
1677.648000,0.192242
1677.649000,0.247769
1677.650000,0.221938
1677.651000,0.440832
1677.652000,0.519105
1677.653000,0.300340
1677.654000,0.340627
1677.655000,0.171055
1677.656000,0.259920
1677.657000,0.130513
1677.658000,0.084263
1677.659000,0.058304
1677.660000,-0.035473
1677.661000,-0.003254
1677.662000,-0.013168
1677.663000,0.017096
1677.664000,0.087680
1677.665000,0.079656
1677.666000,0.127570
1677.667000,0.152215
1677.668000,0.028019
1677.669000,-0.195690
1677.670000,-0.288761
1677.671000,-0.404383
1677.672000,-0.444612
1677.673000,-0.401963
1677.674000,-0.386172
1677.675000,-0.125508
1677.676000,0.073036
1677.677000,0.046894
1677.678000,-0.007525
1677.679000,-0.144098
1677.680000,-0.015137
1677.681000,-0.057754
1677.682000,0.066266
1677.683000,0.176348
1677.684000,0.198450
1677.685000,0.185447
1677.686000,0.253455
1677.687000,0.032828
1677.688000,0.042841
1677.689000,0.135233
1677.690000,-0.009272
1677.691000,0.174356
1677.692000,0.028469
1677.693000,0.079391
1677.694000,-0.053733
1677.695000,-0.056592
1677.696000,-0.139816
1677.697000,0.034634
1677.698000,0.045852
1677.699000,-0.048478
1677.700000,-0.109746
1677.701000,0.039091
1677.702000,0.121849
1677.703000,0.097604
1677.704000,0.025428
1677.705000,-0.072010
1677.706000,-0.031219
1677.707000,0.070642
1677.708000,0.162649
1677.709000,0.138223
1677.710000,0.261186
1677.711000,0.077352
1677.712000,0.030633
1677.713000,-0.116275
1677.714000,-0.078250
1677.715000,-0.172419
1677.716000,-0.169029
1677.717000,-0.047812
1677.718000,-0.022752
1677.719000,0.040434
1677.720000,0.073055
1677.721000,-0.033264
1677.722000,0.118397
1677.723000,0.122257
1677.724000,0.010463
1677.725000,0.191762
1677.726000,0.243214
1677.727000,0.273732
1677.728000,0.371432
1677.729000,0.244838
1677.730000,0.432553
1677.731000,0.501640
1677.732000,0.387135
1677.733000,0.467082
1677.734000,0.291350
1677.735000,0.379445
1677.736000,0.376172
1677.737000,0.313160
1677.738000,0.381015
1677.739000,0.195128
1677.740000,-0.014111
1677.741000,-0.028521
1677.742000,-0.047003
1677.743000,-0.127538
1677.744000,-0.191285
1677.745000,-0.332555
1677.746000,-0.259000
1677.747000,-0.284187
1677.748000,-0.338502
1677.749000,-0.373941
1677.750000,-0.487849
1677.751000,-0.469607
1677.752000,-0.356875
1677.753000,-0.529328
1677.754000,-0.314853
1677.755000,-0.374018
1677.756000,-0.332300
1677.757000,-0.437255
1677.758000,-0.442312
1677.759000,-0.306241
1677.760000,-0.349358
1677.761000,-0.334913
1677.762000,-0.325198
1677.763000,-0.355952
1677.764000,-0.569020
1677.765000,-0.620277
1677.766000,-0.617251
1677.767000,-0.593112
1677.768000,-0.599956
1677.769000,-0.591027
1677.770000,-0.515130
1677.771000,-0.439465
1677.772000,-0.405139
1677.773000,-0.433129
1677.774000,-0.418546
1677.775000,-0.355867
1677.776000,-0.305845
1677.777000,-0.211661
1677.778000,-0.122452
1677.779000,0.062189
1677.780000,0.084836
1677.781000,0.137676
1677.782000,0.344240
1677.783000,0.068278
1677.784000,0.075410
1677.785000,0.122818
1677.786000,0.114386
1677.787000,0.137880
1677.788000,0.108996
1677.789000,0.205326
1677.790000,0.122435
1677.791000,0.116535
1677.792000,0.222192
1677.793000,0.310519
1677.794000,0.164293
1677.795000,0.157212
1677.796000,0.157838
1677.797000,0.270970
1677.798000,0.311788
1677.799000,0.406901
1677.800000,0.139045
1677.801000,0.101226
1677.802000,0.302164
1677.803000,0.253650
1677.804000,0.219289
1677.805000,0.242544
1677.806000,0.218062
1677.807000,0.316331
1677.808000,0.187062
1677.809000,0.176288
1677.810000,0.128649
1677.811000,0.020549
1677.812000,-0.110294
1677.813000,-0.108162
1677.814000,-0.130482
1677.815000,-0.106278
1677.816000,-0.020152
1677.817000,0.026557
1677.818000,-0.189506
1677.819000,-0.224405
1677.820000,-0.378615
1677.821000,-0.343705
1677.822000,-0.296680
1677.823000,-0.318860
1677.824000,-0.283618
1677.825000,-0.174618
1677.826000,-0.239441
1677.827000,-0.091948
1677.828000,-0.065695
1677.829000,0.123135
1677.830000,0.170443
1677.831000,0.123857
1677.832000,-0.015834
1677.833000,-0.053737
1677.834000,0.028792
1677.835000,-0.034324
1677.836000,-0.119441
1677.837000,0.017594
1677.838000,0.044332
1677.839000,-0.062393
1677.840000,0.056169
1677.841000,-0.197742
1677.842000,-0.123618
1677.843000,-0.126222
1677.844000,-0.083895
1677.845000,-0.078128
1677.846000,-0.101905
1677.847000,-0.048448
1677.848000,-0.040826
1677.849000,-0.027120
1677.850000,-0.137137
1677.851000,-0.064321
1677.852000,-0.118431
1677.853000,-0.188841
1677.854000,-0.103137
1677.855000,-0.025799
1677.856000,0.024480
1677.857000,0.034485
1677.858000,-0.012507
1677.859000,0.090853
1677.860000,0.095371
1677.861000,-0.098759
1677.862000,-0.123554
1677.863000,-0.110386
1677.864000,-0.041377
1677.865000,-0.025538
1677.866000,-0.053368
1677.867000,-0.195148
1677.868000,-0.080538
1677.869000,-0.008434
1677.870000,-0.150593
1677.871000,-0.085512
1677.872000,-0.043763
1677.873000,-0.013198
1677.874000,-0.014610
1677.875000,0.039361
1677.876000,0.177393
1677.877000,0.152009
1677.878000,0.198955
1677.879000,0.095826
1677.880000,0.051876
1677.881000,-0.069046
1677.882000,-0.132882
1677.883000,-0.263828
1677.884000,-0.489858
1677.885000,-0.332614
1677.886000,-0.374134
1677.887000,-0.294223
1677.888000,-0.098712
1677.889000,-0.258542
1677.890000,-0.213497
1677.891000,-0.248523
1677.892000,-0.327878
1677.893000,-0.462176
1677.894000,-0.433216
1677.895000,-0.369575
1677.896000,-0.395062
1677.897000,-0.310813
1677.898000,-0.154301
1677.899000,-0.180988
1677.900000,-0.131520
1677.901000,-0.006048
1677.902000,-0.111873
1677.903000,-0.339347
1677.904000,-0.373247
1677.905000,-0.222130
1677.906000,-0.326728
1677.907000,-0.166698
1677.908000,-0.324565
1677.909000,-0.338029
1677.910000,-0.466919
1677.911000,-0.347919
1677.912000,-0.428844
1677.913000,-0.396682
1677.914000,-0.440227
1677.915000,-0.278859
1677.916000,-0.197642
1677.917000,-0.223529
1677.918000,-0.059430
1677.919000,0.107744
1677.920000,0.183329
1677.921000,0.351490
1677.922000,0.317852
1677.923000,0.228146
1677.924000,0.409112
1677.925000,0.458761
1677.926000,0.395903
1677.927000,0.286014
1677.928000,0.315849
1677.929000,0.278211
1677.930000,0.005832
1677.931000,0.054551
1677.932000,0.015617
1677.933000,0.079874
1677.934000,0.065503
1677.935000,0.008687
1677.936000,-0.124512
1677.937000,-0.156500
1677.938000,-0.118465
1677.939000,0.021213
1677.940000,-0.008606
1677.941000,-0.037558
1677.942000,-0.025209
1677.943000,-0.009063
1677.944000,-0.093565
1677.945000,-0.120851
1677.946000,-0.205357
1677.947000,-0.122269
1677.948000,-0.048240
1677.949000,-0.072108
1677.950000,-0.276589
1677.951000,-0.167650
1677.952000,-0.330473
1677.953000,-0.113402
1677.954000,-0.197107
1677.955000,-0.077471
1677.956000,-0.102954
1677.957000,-0.195533
1677.958000,-0.182112
1677.959000,-0.214477
1677.960000,-0.311155
1677.961000,-0.218995
1677.962000,-0.374008
1677.963000,-0.331926
1677.964000,-0.446363
1677.965000,-0.338980
1677.966000,-0.510742
1677.967000,-0.545207
1677.968000,-0.526748
1677.969000,-0.594363
1677.970000,-0.741135
1677.971000,-0.737884
1677.972000,-0.694064
1677.973000,-0.551940
1677.974000,-0.402460
1677.975000,-0.318168
1677.976000,-0.462804
1677.977000,-0.588563
1677.978000,-0.499237
1677.979000,-0.437877
1677.980000,-0.471797
1677.981000,-0.580620
1677.982000,-0.660591
1677.983000,-0.707076
1677.984000,-0.729846
1677.985000,-0.562722
1677.986000,-0.561761
1677.987000,-0.465302
1677.988000,-0.428285
1677.989000,-0.185927
1677.990000,-0.003223
1677.991000,0.082931
1677.992000,0.088940
1677.993000,-0.030523
1677.994000,-0.104870
1677.995000,-0.135941
1677.996000,-0.045244
1677.997000,-0.083640
1677.998000,-0.302288
1677.999000,-0.250204
1678.000000,-0.171888
1678.001000,-0.243293
1678.002000,-0.221726
1678.003000,-0.258496
1678.004000,-0.050001
1678.005000,-0.071772
1678.006000,-0.107474
1678.007000,-0.092037
1678.008000,-0.013223
1678.009000,-0.040053
1678.010000,-0.152424
1678.011000,-0.301245
1678.012000,-0.372895
1678.013000,-0.361788
1678.014000,-0.369588
1678.015000,-0.398039
1678.016000,-0.677260
1678.017000,-0.706749
1678.018000,-0.619406
1678.019000,-0.648675
1678.020000,-0.869751
1678.021000,-0.764050
1678.022000,-0.599436
1678.023000,-0.456689
1678.024000,-0.514193
1678.025000,-0.483687
1678.026000,-0.481714
1678.027000,-0.373991
1678.028000,-0.360745
1678.029000,-0.392578
1678.030000,-0.351593
1678.031000,-0.332374
1678.032000,-0.195215
1678.033000,-0.241117
1678.034000,-0.204801
1678.035000,-0.202111
1678.036000,-0.364772
1678.037000,-0.284681
1678.038000,-0.219931
1678.039000,-0.161761
1678.040000,-0.029796
1678.041000,0.015827
1678.042000,0.104831
1678.043000,0.081351
1678.044000,0.229781
1678.045000,0.193157
1678.046000,0.105254
1678.047000,0.188511
1678.048000,0.273892
1678.049000,0.479789
1678.050000,0.443042
1678.051000,0.459771
1678.052000,0.520308
1678.053000,0.649509
1678.054000,0.686454
1678.055000,0.739413
1678.056000,0.777991
1678.057000,0.961458
1678.058000,0.834847
1678.059000,0.968994
1678.060000,0.940114
1678.061000,0.807725
1678.062000,0.668926
1678.063000,0.684996
1678.064000,0.828964
1678.065000,0.975915
1678.066000,1.116456
1678.067000,1.254848
1678.068000,1.196278
1678.069000,1.355724
1678.070000,1.239494
1678.071000,1.182963
1678.072000,1.245402
1678.073000,1.275642
1678.074000,1.165505
1678.075000,1.221734
1678.076000,1.136267
1678.077000,0.963181
1678.078000,0.826844
1678.079000,0.784463
1678.080000,0.893897
1678.081000,0.691724
1678.082000,0.620984
1678.083000,0.683819
1678.084000,0.566613
1678.085000,0.463955
1678.086000,0.479745
1678.087000,0.535767
1678.088000,0.459256
1678.089000,0.556538
1678.090000,0.525837
1678.091000,0.283832
1678.092000,0.443319
1678.093000,0.507281
1678.094000,0.452476
1678.095000,0.452560
1678.096000,0.749368
1678.097000,0.697945
1678.098000,0.526037
1678.099000,0.573646
1678.100000,0.516528
1678.101000,0.601637
1678.102000,0.495948
1678.103000,0.455432
1678.104000,0.412686
1678.105000,0.333965
1678.106000,0.413953
1678.107000,0.361799
1678.108000,0.422989
1678.109000,0.372968
1678.110000,0.412351
1678.111000,0.725325
1678.112000,0.636350
1678.113000,0.713012
1678.114000,0.558756
1678.115000,0.699665
1678.116000,0.838081
1678.117000,0.758648
1678.118000,0.926278
1678.119000,1.197126
1678.120000,1.120855
1678.121000,1.129859
1678.122000,0.914119
1678.123000,0.736752
1678.124000,0.721638
1678.125000,0.773110
1678.126000,0.662857
1678.127000,0.511522
1678.128000,0.482863
1678.129000,0.336731
1678.130000,0.264556
1678.131000,0.349135
1678.132000,0.318860
1678.133000,0.431908
1678.134000,0.232961
1678.135000,0.167947
1678.136000,0.205700
1678.137000,0.336200
1678.138000,0.480941
1678.139000,0.399017
1678.140000,0.264567
1678.141000,0.144073
1678.142000,0.197378
1678.143000,0.226332
1678.144000,0.142280
1678.145000,0.027657
1678.146000,0.033562
1678.147000,0.026791
1678.148000,0.071508
1678.149000,0.205658
1678.150000,0.125486
1678.151000,0.078504
1678.152000,0.151412
1678.153000,-0.039845
1678.154000,0.084318
1678.155000,-0.029278
1678.156000,-0.009754
1678.157000,0.003142
1678.158000,-0.042846
1678.159000,-0.182829
1678.160000,-0.330962
1678.161000,-0.177186
1678.162000,-0.233862
1678.163000,-0.338733
1678.164000,-0.337661
1678.165000,-0.285995
1678.166000,-0.275237
1678.167000,-0.174983
1678.168000,-0.044517
1678.169000,0.116736
1678.170000,0.072961
1678.171000,0.096816
1678.172000,0.032329
1678.173000,-0.106395
1678.174000,-0.159609
1678.175000,-0.317203
1678.176000,-0.297762
1678.177000,-0.359740
1678.178000,-0.276338
1678.179000,-0.112995
1678.180000,-0.259989
1678.181000,-0.364409
1678.182000,-0.285857
1678.183000,-0.443116
1678.184000,-0.181276
1678.185000,0.014166
1678.186000,-0.131847
1678.187000,-0.079048
1678.188000,-0.205616
1678.189000,-0.090756
1678.190000,-0.194057
1678.191000,-0.339949
1678.192000,-0.384923
1678.193000,-0.369284
1678.194000,-0.343436
1678.195000,-0.345095
1678.196000,-0.283415
1678.197000,-0.371968
1678.198000,-0.458372
1678.199000,-0.437015
1678.200000,-0.557409
1678.201000,-0.587309
1678.202000,-0.615627
1678.203000,-0.732343
1678.204000,-0.606540
1678.205000,-0.562742
1678.206000,-0.681562
1678.207000,-0.694878
1678.208000,-0.657914
1678.209000,-0.672570
1678.210000,-0.472621
1678.211000,-0.374136
1678.212000,-0.475023
1678.213000,-0.407097
1678.214000,-0.449735
1678.215000,-0.464784
1678.216000,-0.567495
1678.217000,-0.299865
1678.218000,-0.289300
1678.219000,-0.387150
1678.220000,-0.433521
1678.221000,-0.469177
1678.222000,-0.453896
1678.223000,-0.459190
1678.224000,-0.563889
1678.225000,-0.480765
1678.226000,-0.468224
1678.227000,-0.498697
1678.228000,-0.447741
1678.229000,-0.331216
1678.230000,-0.357086
1678.231000,-0.175205
1678.232000,-0.325227
1678.233000,-0.452354
1678.234000,-0.425583
1678.235000,-0.313191
1678.236000,-0.377305
1678.237000,-0.266864
1678.238000,-0.367467
1678.239000,-0.405629
1678.240000,-0.396886
1678.241000,-0.480028
1678.242000,-0.397670
1678.243000,-0.364625
1678.244000,-0.321826
1678.245000,-0.642128
1678.246000,-0.698434
1678.247000,-0.626890
1678.248000,-0.527487
1678.249000,-0.625861
1678.250000,-0.740991
1678.251000,-0.646614
1678.252000,-0.646669
1678.253000,-0.485003
1678.254000,-0.579342
1678.255000,-0.311192
1678.256000,-0.275609
1678.257000,-0.313165
1678.258000,-0.256513
1678.259000,-0.185728
1678.260000,-0.125190
1678.261000,-0.122321
1678.262000,0.017301
1678.263000,-0.164365
1678.264000,-0.338546
1678.265000,-0.403848
1678.266000,-0.391422
1678.267000,-0.517056
1678.268000,-0.345328
1678.269000,-0.302358
1678.270000,-0.513100
1678.271000,-0.444795
1678.272000,-0.382422
1678.273000,-0.516119
1678.274000,-0.534042
1678.275000,-0.569139
1678.276000,-0.706693
1678.277000,-0.709528
1678.278000,-0.701845
1678.279000,-0.630341
1678.280000,-0.608163
1678.281000,-0.644335
1678.282000,-0.660821
1678.283000,-0.628373
1678.284000,-0.722730
1678.285000,-0.627890
1678.286000,-0.568985
1678.287000,-0.466058
1678.288000,-0.551420
1678.289000,-0.532663
1678.290000,-0.562536
1678.291000,-0.543863
1678.292000,-0.566988
1678.293000,-0.443303
1678.294000,-0.476237
1678.295000,-0.497899
1678.296000,-0.622369
1678.297000,-0.390318
1678.298000,-0.324348
1678.299000,-0.470565
1678.300000,-0.565656
1678.301000,-0.547690
1678.302000,-0.407837
1678.303000,-0.374307
1678.304000,-0.345869
1678.305000,-0.310693
1678.306000,-0.385152
1678.307000,-0.559811
1678.308000,-0.612556
1678.309000,-0.396204
1678.310000,-0.465367
1678.311000,-0.273990
1678.312000,-0.282977
1678.313000,-0.349496
1678.314000,-0.497745
1678.315000,-0.647377
1678.316000,-0.578719
1678.317000,-0.551335
1678.318000,-0.391690
1678.319000,-0.467494
1678.320000,-0.417114
1678.321000,-0.377991
1678.322000,-0.288365
1678.323000,-0.169370
1678.324000,-0.058902
1678.325000,-0.047710
1678.326000,-0.034083
1678.327000,-0.009466
1678.328000,0.012953
1678.329000,-0.006237
1678.330000,-0.057124
1678.331000,-0.051786
1678.332000,-0.121495
1678.333000,-0.006331
1678.334000,0.078406
1678.335000,0.247703
1678.336000,0.223169
1678.337000,0.255198
1678.338000,0.181331
1678.339000,0.075238
1678.340000,-0.031379
1678.341000,0.388571
1678.342000,0.310322
1678.343000,0.230216
1678.344000,0.215999
1678.345000,0.202171
1678.346000,0.237191
1678.347000,0.224575
1678.348000,0.341617
1678.349000,0.406768
1678.350000,0.463541
1678.351000,0.396308
1678.352000,0.575926
1678.353000,0.446075
1678.354000,0.435168
1678.355000,0.378081
1678.356000,0.481212
1678.357000,0.473843
1678.358000,0.553650
1678.359000,0.557548
1678.360000,0.517770
1678.361000,0.613800
1678.362000,0.822137
1678.363000,0.615978
1678.364000,0.747276
1678.365000,0.595705
1678.366000,0.526984
1678.367000,0.420374
1678.368000,0.442255
1678.369000,0.433704
1678.370000,0.529777
1678.371000,0.566102
1678.372000,0.699890
1678.373000,0.797918
1678.374000,1.064697
1678.375000,1.048731
1678.376000,0.996498
1678.377000,1.215150
1678.378000,1.162928
1678.379000,1.187382
1678.380000,1.198579
1678.381000,1.395305
1678.382000,1.422085
1678.383000,1.308428
1678.384000,1.328770
1678.385000,1.091418
1678.386000,1.102910
1678.387000,1.067058
1678.388000,1.248055
1678.389000,1.178919
1678.390000,1.158762
1678.391000,1.296765
1678.392000,1.374593
1678.393000,1.442350
1678.394000,1.388267
1678.395000,1.264026
1678.396000,1.194842
1678.397000,1.280038
1678.398000,1.245733
1678.399000,1.197190
1678.400000,1.332037
1678.401000,1.393287
1678.402000,1.305962
1678.403000,1.236276
1678.404000,1.176215
1678.405000,1.098850
1678.406000,0.966468
1678.407000,0.936593
1678.408000,0.785692
1678.409000,0.685467
1678.410000,0.702210
1678.411000,0.768706
1678.412000,0.535323
1678.413000,0.544369
1678.414000,0.563928
1678.415000,0.495315
1678.416000,0.490124
1678.417000,0.455390
1678.418000,0.405698
1678.419000,0.335338
1678.420000,0.298150
1678.421000,0.349697
1678.422000,0.422533
1678.423000,0.537961
1678.424000,0.515529
1678.425000,0.459072
1678.426000,0.509593
1678.427000,0.448798
1678.428000,0.628698
1678.429000,0.611302
1678.430000,0.612141
1678.431000,0.581451
1678.432000,0.629371
1678.433000,0.680647
1678.434000,0.691997
1678.435000,0.754551
1678.436000,0.739776
1678.437000,0.795296
1678.438000,0.761969
1678.439000,0.698706
1678.440000,0.579285
1678.441000,0.641500
1678.442000,0.632774
1678.443000,0.642566
1678.444000,0.660590
1678.445000,0.583094
1678.446000,0.485216
1678.447000,0.413798
1678.448000,0.408334
1678.449000,0.352853
1678.450000,0.356100
1678.451000,0.326768
1678.452000,0.332329
1678.453000,0.411100
1678.454000,0.307236
1678.455000,0.089452
1678.456000,0.049777
1678.457000,-0.065215
1678.458000,-0.110026
1678.459000,-0.079627
1678.460000,-0.135588
1678.461000,-0.168729
1678.462000,-0.158534
1678.463000,-0.151513
1678.464000,-0.188984
1678.465000,-0.156769
1678.466000,-0.013503
1678.467000,-0.077779
1678.468000,-0.138654
1678.469000,-0.244457
1678.470000,-0.299702
1678.471000,-0.269860
1678.472000,-0.328148
1678.473000,-0.315179
1678.474000,-0.255143
1678.475000,-0.434387
1678.476000,-0.479846
1678.477000,-0.634036
1678.478000,-0.698090
1678.479000,-0.724365
1678.480000,-0.791809
1678.481000,-0.936816
1678.482000,-0.975734
1678.483000,-1.073311
1678.484000,-1.261918
1678.485000,-1.321530
1678.486000,-1.299692
1678.487000,-1.411508
1678.488000,-1.501979
1678.489000,-1.469127
1678.490000,-1.524653
1678.491000,-1.559566
1678.492000,-1.537554
1678.493000,-1.561206
1678.494000,-1.364551
1678.495000,-1.419255
1678.496000,-1.320968
1678.497000,-1.101482
1678.498000,-1.022723
1678.499000,-1.065399
1678.500000,-1.107041
1678.501000,-1.131594
1678.502000,-1.174669
1678.503000,-1.095532
1678.504000,-1.115014
1678.505000,-1.041244
1678.506000,-1.116470
1678.507000,-1.223236
1678.508000,-1.185498
1678.509000,-1.122783
1678.510000,-1.186325
1678.511000,-1.218343
1678.512000,-1.156632
1678.513000,-1.146638
1678.514000,-1.028202
1678.515000,-1.088554
1678.516000,-1.149937
1678.517000,-1.372437
1678.518000,-1.421462
1678.519000,-1.304213
1678.520000,-1.422291
1678.521000,-1.211589
1678.522000,-1.245842
1678.523000,-1.350666
1678.524000,-1.317335
1678.525000,-1.287578
1678.526000,-1.309265
1678.527000,-1.224654
1678.528000,-0.969850
1678.529000,-0.917715
1678.530000,-0.967817
1678.531000,-1.029918
1678.532000,-0.971124
1678.533000,-1.065011
1678.534000,-1.186958
1678.535000,-0.978747
1678.536000,-1.025773
1678.537000,-0.955750
1678.538000,-0.921715
1678.539000,-0.801056
1678.540000,-0.706036
1678.541000,-0.737941
1678.542000,-0.597117
1678.543000,-0.622641
1678.544000,-0.565960
1678.545000,-0.634382
1678.546000,-0.573644
1678.547000,-0.641723
1678.548000,-0.816489
1678.549000,-0.869108
1678.550000,-0.774484
1678.551000,-0.820804
1678.552000,-0.800470
1678.553000,-0.757625
1678.554000,-0.703734
1678.555000,-0.723603
1678.556000,-0.682231
1678.557000,-0.647903
1678.558000,-0.494297
1678.559000,-0.676608
1678.560000,-0.814801
1678.561000,-0.754591
1678.562000,-0.908870
1678.563000,-1.004651
1678.564000,-0.894162
1678.565000,-0.888951
1678.566000,-0.856610
1678.567000,-0.802511
1678.568000,-0.852382
1678.569000,-0.823107
1678.570000,-0.837469
1678.571000,-0.852021
1678.572000,-0.800469
1678.573000,-0.758919
1678.574000,-0.721858
1678.575000,-0.553841
1678.576000,-0.451737
1678.577000,-0.446701
1678.578000,-0.420680
1678.579000,-0.349079
1678.580000,-0.393427
1678.581000,-0.342025
1678.582000,-0.299676
1678.583000,-0.305068
1678.584000,-0.193530
1678.585000,-0.058815
1678.586000,-0.044550
1678.587000,-0.040024
1678.588000,-0.030151
1678.589000,-0.205103
1678.590000,-0.190346
1678.591000,-0.277805
1678.592000,-0.187228
1678.593000,-0.200737
1678.594000,-0.442420
1678.595000,-0.483124
1678.596000,-0.459139
1678.597000,-0.514966
1678.598000,-0.216496
1678.599000,-0.157807
1678.600000,-0.154537
1678.601000,-0.273750
1678.602000,-0.260185
1678.603000,-0.422725
1678.604000,-0.252635
1678.605000,-0.317762
1678.606000,-0.263288
1678.607000,-0.423050
1678.608000,-0.461652
1678.609000,-0.418387
1678.610000,-0.388518
1678.611000,-0.371696
1678.612000,-0.533501
1678.613000,-0.466752
1678.614000,-0.334136
1678.615000,-0.352818
1678.616000,-0.277128
1678.617000,-0.122717
1678.618000,0.074493
1678.619000,0.092944
1678.620000,0.130309
1678.621000,-0.070976
1678.622000,-0.034038
1678.623000,0.174760
1678.624000,0.115006
1678.625000,0.041114
1678.626000,0.071401
1678.627000,0.059543
1678.628000,0.103548
1678.629000,0.055471
1678.630000,0.085028
1678.631000,0.044578
1678.632000,0.133161
1678.633000,0.165477
1678.634000,0.169923
1678.635000,0.236142
1678.636000,0.188707
1678.637000,0.295983
1678.638000,0.370351
1678.639000,0.428980
1678.640000,0.277600
1678.641000,0.315450
1678.642000,0.326643
1678.643000,0.384609
1678.644000,0.580652
1678.645000,0.678041
1678.646000,0.778524
1678.647000,0.759745
1678.648000,0.738243
1678.649000,0.670033
1678.650000,0.791174
1678.651000,0.756175
1678.652000,0.695881
1678.653000,0.584706
1678.654000,0.633184
1678.655000,0.719012
1678.656000,0.744351
1678.657000,0.762899
1678.658000,0.674883
1678.659000,0.629735
1678.660000,0.437340
1678.661000,0.501427
1678.662000,0.627445
1678.663000,0.477280
1678.664000,0.447291
1678.665000,0.564933
1678.666000,0.382818
1678.667000,0.242112
1678.668000,0.174701
1678.669000,0.051284
1678.670000,0.131611
1678.671000,0.162425
1678.672000,0.172958
1678.673000,0.306655
1678.674000,0.345994
1678.675000,0.490838
1678.676000,0.378864
1678.677000,0.266800
1678.678000,0.197523
1678.679000,0.289437
1678.680000,0.281586
1678.681000,0.248229
1678.682000,0.244969
1678.683000,0.397489
1678.684000,0.363091
1678.685000,0.636781
1678.686000,0.788907
1678.687000,0.651056
1678.688000,0.711383
1678.689000,0.765570
1678.690000,0.558033
1678.691000,0.758287
1678.692000,0.779654
1678.693000,0.923285
1678.694000,0.964128
1678.695000,0.869812
1678.696000,0.923208
1678.697000,0.875353
1678.698000,0.781728
1678.699000,0.852546
1678.700000,0.754982
1678.701000,0.613560
1678.702000,0.657001
1678.703000,0.577425
1678.704000,0.624817
1678.705000,0.608250
1678.706000,0.423682
1678.707000,0.525089
1678.708000,0.721152
1678.709000,0.736194
1678.710000,0.600221
1678.711000,0.448121
1678.712000,0.542223
1678.713000,0.714548
1678.714000,0.724246
1678.715000,0.833323
1678.716000,0.777370
1678.717000,0.668136
1678.718000,0.798674
1678.719000,0.814180
1678.720000,0.890329
1678.721000,0.914642
1678.722000,1.053803
1678.723000,1.001195
1678.724000,0.830456
1678.725000,0.814356
1678.726000,0.776682
1678.727000,0.902709
1678.728000,0.844082
1678.729000,1.046610
1678.730000,1.131574
1678.731000,1.126101
1678.732000,1.101573
1678.733000,1.020021
1678.734000,1.066135
1678.735000,1.036325
1678.736000,0.844314
1678.737000,1.066550
1678.738000,1.168069
1678.739000,1.135940
1678.740000,1.135578
1678.741000,0.950591
1678.742000,1.121565
1678.743000,0.943539
1678.744000,1.142427
1678.745000,1.094948
1678.746000,0.913057
1678.747000,0.846031
1678.748000,0.873390
1678.749000,0.853243
1678.750000,0.989990
1678.751000,0.742974
1678.752000,0.773157
1678.753000,0.873718
1678.754000,1.014049
1678.755000,1.104033
1678.756000,1.056112
1678.757000,1.196708
1678.758000,1.237040
1678.759000,1.055556
1678.760000,1.006771
1678.761000,1.022187
1678.762000,1.049334
1678.763000,1.153818
1678.764000,1.241360
1678.765000,1.185583
1678.766000,1.067391
1678.767000,1.132179
1678.768000,1.087660
1678.769000,1.055511
1678.770000,1.226416
1678.771000,1.310185
1678.772000,1.178836
1678.773000,1.014745
1678.774000,0.906100
1678.775000,0.941290
1678.776000,0.876799
1678.777000,0.868819
1678.778000,0.657899
1678.779000,0.612862
1678.780000,0.585489
1678.781000,0.396646
1678.782000,0.402292
1678.783000,0.415205
1678.784000,0.254478
1678.785000,0.278682
1678.786000,0.434488
1678.787000,0.479799
1678.788000,0.464000
1678.789000,0.163076
1678.790000,0.061436
1678.791000,-0.114980
1678.792000,-0.005913
1678.793000,-0.019240
1678.794000,-0.145597
1678.795000,-0.173911
1678.796000,-0.215025
1678.797000,-0.220008
1678.798000,-0.347989
1678.799000,-0.231665
1678.800000,-0.171620
1678.801000,-0.147442
1678.802000,-0.179163
1678.803000,-0.187157
1678.804000,0.031449
1678.805000,0.053406
1678.806000,0.096117
1678.807000,0.030242
1678.808000,-0.001229
1678.809000,0.054326
1678.810000,0.107691
1678.811000,0.095053
1678.812000,0.205366
1678.813000,0.095606
1678.814000,-0.023517
1678.815000,0.056004
1678.816000,0.147255
1678.817000,0.205119
1678.818000,0.231346
1678.819000,0.217633
1678.820000,0.382784
1678.821000,0.489417
1678.822000,0.355499
1678.823000,0.276211
1678.824000,0.201110
1678.825000,0.206093
1678.826000,0.142539
1678.827000,0.253221
1678.828000,0.116132
1678.829000,-0.093879
1678.830000,-0.209122
1678.831000,-0.111986
1678.832000,-0.034191
1678.833000,-0.068468
1678.834000,-0.022295
1678.835000,0.157988
1678.836000,0.008800
1678.837000,-0.054001
1678.838000,-0.180106
1678.839000,-0.374135
1678.840000,-0.492543
1678.841000,-0.553990
1678.842000,-0.492747
1678.843000,-0.666660
1678.844000,-0.638756
1678.845000,-0.646150
1678.846000,-0.678650
1678.847000,-0.517515
1678.848000,-0.434896
1678.849000,-0.462902
1678.850000,-0.417924
1678.851000,-0.592467
1678.852000,-0.609596
1678.853000,-0.811744
1678.854000,-0.707350
1678.855000,-0.586337
1678.856000,-0.412747
1678.857000,-0.654627
1678.858000,-0.755734
1678.859000,-0.798199
1678.860000,-1.028895
1678.861000,-0.888734
1678.862000,-0.901665
1678.863000,-0.788637
1678.864000,-0.746678
1678.865000,-0.941626
1678.866000,-1.117423
1678.867000,-1.088400
1678.868000,-1.094838
1678.869000,-0.956848
1678.870000,-0.974824
1678.871000,-0.860043
1678.872000,-0.875706
1678.873000,-0.838378
1678.874000,-0.816288
1678.875000,-0.702735
1678.876000,-0.787968
1678.877000,-0.803800
1678.878000,-0.806667
1678.879000,-0.869396
1678.880000,-1.005644
1678.881000,-1.052978
1678.882000,-1.085601
1678.883000,-1.003961
1678.884000,-0.973556
1678.885000,-0.930775
1678.886000,-1.064884
1678.887000,-1.069340
1678.888000,-1.171750
1678.889000,-1.175358
1678.890000,-1.073947
1678.891000,-1.040409
1678.892000,-1.031285
1678.893000,-0.872772
1678.894000,-0.733936
1678.895000,-0.775191
1678.896000,-0.799524
1678.897000,-0.822578
1678.898000,-0.879849
1678.899000,-0.872730
1678.900000,-0.771167
1678.901000,-0.754041
1678.902000,-0.739491
1678.903000,-0.768394
1678.904000,-0.606741
1678.905000,-0.637526
1678.906000,-0.638660
1678.907000,-0.665192
1678.908000,-0.793806
1678.909000,-0.644653
1678.910000,-0.768498
1678.911000,-0.758857
1678.912000,-0.614886
1678.913000,-0.845372
1678.914000,-0.775912
1678.915000,-0.702538
1678.916000,-0.496320
1678.917000,-0.602406
1678.918000,-0.550302
1678.919000,-0.479353
1678.920000,-0.433651
1678.921000,-0.396768
1678.922000,-0.487138
1678.923000,-0.647384
1678.924000,-0.651628
1678.925000,-0.609631
1678.926000,-0.666384
1678.927000,-0.529396
1678.928000,-0.372478
1678.929000,-0.266748
1678.930000,-0.111392
1678.931000,-0.177318
1678.932000,-0.087666
1678.933000,-0.016704
1678.934000,0.017221
1678.935000,-0.107674
1678.936000,-0.190797
1678.937000,-0.213426
1678.938000,-0.164579
1678.939000,-0.141996
1678.940000,-0.096319
1678.941000,0.061257
1678.942000,0.156554
1678.943000,0.074603
1678.944000,0.242740
1678.945000,0.129505
1678.946000,0.045300
1678.947000,0.050404
1678.948000,-0.033352
1678.949000,0.104040
1678.950000,0.145052
1678.951000,0.072236
1678.952000,-0.006105
1678.953000,-0.124505
1678.954000,-0.124804
1678.955000,-0.052533
1678.956000,-0.092800
1678.957000,-0.143205
1678.958000,-0.254661
1678.959000,-0.193888
1678.960000,-0.247833
1678.961000,-0.369284
1678.962000,-0.237450
1678.963000,-0.184120
1678.964000,-0.211238
1678.965000,-0.256436
1678.966000,-0.254890
1678.967000,-0.142755
1678.968000,-0.056268
1678.969000,0.004480
1678.970000,-0.082032
1678.971000,-0.224564
1678.972000,-0.138146
1678.973000,0.019565
1678.974000,0.034963
1678.975000,0.019465
1678.976000,0.025588
1678.977000,-0.172401
1678.978000,-0.275034
1678.979000,-0.064226
1678.980000,0.027289
1678.981000,-0.018794
1678.982000,0.027833
1678.983000,0.169247
1678.984000,0.188109
1678.985000,0.112802
1678.986000,0.082473
1678.987000,-0.094607
1678.988000,-0.147215
1678.989000,-0.409084
1678.990000,-0.334208
1678.991000,-0.402127
1678.992000,-0.157347
1678.993000,-0.126718
1678.994000,-0.194786
1678.995000,-0.128596
1678.996000,-0.045534
1678.997000,-0.129483
1678.998000,-0.022015
1678.999000,0.136447
1679.000000,0.195070
1679.001000,0.154533
1679.002000,0.082342
1679.003000,0.071329
1679.004000,-0.009545
1679.005000,-0.089361
1679.006000,-0.285138
1679.007000,-0.160975
1679.008000,-0.042580
1679.009000,-0.012052
1679.010000,0.090172
1679.011000,0.075210
1679.012000,0.081150
1679.013000,0.090497
1679.014000,0.178856
1679.015000,0.167190
1679.016000,0.147069
1679.017000,0.089738
1679.018000,0.148089
1679.019000,0.306883
1679.020000,0.292713
1679.021000,0.167387
1679.022000,0.151443
1679.023000,0.189599
1679.024000,0.159341
1679.025000,0.152590
1679.026000,0.117660
1679.027000,0.300998
1679.028000,0.495449
1679.029000,0.424797
1679.030000,0.610251
1679.031000,0.562119
1679.032000,0.638255
1679.033000,0.569147
1679.034000,0.548752
1679.035000,0.557147
1679.036000,0.552010
1679.037000,0.520898
1679.038000,0.582533
1679.039000,0.669813
1679.040000,0.529584
1679.041000,0.527875
1679.042000,0.555478
1679.043000,0.617792
1679.044000,0.694882
1679.045000,0.899612
1679.046000,0.705674
1679.047000,0.675648
1679.048000,0.598418
1679.049000,0.582173
1679.050000,0.651381
1679.051000,0.751485
1679.052000,0.596049
1679.053000,0.406841
1679.054000,0.102525
1679.055000,0.225631
1679.056000,0.214089
1679.057000,0.065182
1679.058000,0.115143
1679.059000,0.132476
1679.060000,0.192087
1679.061000,0.142424
1679.062000,0.192396
1679.063000,0.088892
1679.064000,-0.063435
1679.065000,0.094492
1679.066000,0.175913
1679.067000,0.205512
1679.068000,0.167668
1679.069000,0.320715
1679.070000,0.264414
1679.071000,0.186104
1679.072000,-0.230657
1679.073000,-0.368952
1679.074000,-0.280099
1679.075000,-0.260668
1679.076000,-0.130587
1679.077000,0.042520
1679.078000,-0.055453
1679.079000,-0.032283
1679.080000,-0.056010
1679.081000,-0.023374
1679.082000,0.091388
1679.083000,0.106823
1679.084000,-0.008298
1679.085000,0.144512
1679.086000,0.091168
1679.087000,0.071173
1679.088000,0.035914
1679.089000,0.063184
1679.090000,0.004476
1679.091000,0.009317
1679.092000,-0.032638
1679.093000,-0.024922
1679.094000,0.108479
1679.095000,0.119469
1679.096000,0.142895
1679.097000,0.109610
1679.098000,0.071220
1679.099000,0.098657
1679.100000,-0.026192
1679.101000,0.004050
1679.102000,-0.105057
1679.103000,-0.250405
1679.104000,-0.129638
1679.105000,-0.052943
1679.106000,0.189323
1679.107000,0.100240
1679.108000,0.067633
1679.109000,-0.016900
1679.110000,-0.002740
1679.111000,-0.020256
1679.112000,0.048780
1679.113000,0.005094
1679.114000,-0.186267
1679.115000,-0.323132
1679.116000,-0.419074
1679.117000,-0.456635
1679.118000,-0.472172
1679.119000,-0.352447
1679.120000,-0.532013
1679.121000,-0.464789
1679.122000,-0.314023
1679.123000,-0.281570
1679.124000,-0.256856
1679.125000,-0.314010
1679.126000,-0.360673
1679.127000,-0.308266
1679.128000,-0.319545
1679.129000,-0.197887
1679.130000,-0.232174
1679.131000,-0.238293
1679.132000,-0.227445
1679.133000,-0.166488
1679.134000,-0.196099
1679.135000,-0.025560
1679.136000,0.069786
1679.137000,0.167935
1679.138000,0.322622
1679.139000,0.345917
1679.140000,0.170890
1679.141000,0.120989
1679.142000,0.208683
1679.143000,0.099739
1679.144000,-0.137096
1679.145000,-0.159236
1679.146000,-0.037627
1679.147000,-0.135713
1679.148000,0.048512
1679.149000,-0.027899
1679.150000,-0.054463
1679.151000,-0.057154
1679.152000,-0.254304
1679.153000,-0.086679
1679.154000,0.029781
1679.155000,0.065755
1679.156000,0.082514
1679.157000,0.107724
1679.158000,0.050556
1679.159000,0.040155
1679.160000,-0.055332
1679.161000,-0.104458
1679.162000,-0.156889
1679.163000,-0.179765
1679.164000,-0.137243
1679.165000,-0.162139
1679.166000,-0.354060
1679.167000,-0.164210
1679.168000,-0.172163
1679.169000,-0.218100
1679.170000,-0.047305
1679.171000,-0.222606
1679.172000,-0.312986
1679.173000,-0.265057
1679.174000,-0.136173
1679.175000,-0.141965
1679.176000,-0.296391
1679.177000,-0.238437
1679.178000,-0.305876
1679.179000,-0.391385
1679.180000,-0.448781
1679.181000,-0.386986
1679.182000,-0.217248
1679.183000,-0.040126
1679.184000,-0.018829
1679.185000,0.062283
1679.186000,0.118255
1679.187000,0.202226
1679.188000,0.264568
1679.189000,0.216319
1679.190000,0.255510
1679.191000,0.240215
1679.192000,0.183763
1679.193000,0.044899
1679.194000,0.079005
1679.195000,0.072036
1679.196000,-0.002572
1679.197000,-0.132001
1679.198000,-0.103203
1679.199000,-0.114722
1679.200000,-0.157080
1679.201000,-0.183425
1679.202000,-0.211924
1679.203000,-0.241772
1679.204000,-0.085847
1679.205000,-0.164597
1679.206000,-0.214307
1679.207000,-0.234969
1679.208000,-0.338441
1679.209000,-0.320688
1679.210000,-0.329317
1679.211000,-0.417864
1679.212000,-0.480269
1679.213000,-0.512781
1679.214000,-0.319747
1679.215000,-0.361743
1679.216000,-0.349328
1679.217000,-0.475541
1679.218000,-0.327368
1679.219000,-0.352957
1679.220000,-0.452689
1679.221000,-0.500123
1679.222000,-0.538948
1679.223000,-0.611475
1679.224000,-0.681319
1679.225000,-0.798303
1679.226000,-0.612520
1679.227000,-0.569751
1679.228000,-0.483267
1679.229000,-0.391585
1679.230000,-0.472379
1679.231000,-0.322059
1679.232000,-0.342539
1679.233000,-0.625658
1679.234000,-0.404600
1679.235000,-0.319358
1679.236000,-0.401163
1679.237000,-0.243327
1679.238000,-0.253598
1679.239000,-0.250752
1679.240000,-0.272013
1679.241000,-0.343168
1679.242000,-0.329886
1679.243000,-0.213073
1679.244000,-0.261680
1679.245000,-0.252240
1679.246000,-0.254195
1679.247000,-0.178500
1679.248000,0.036892
1679.249000,-0.074086
1679.250000,0.042523
1679.251000,-0.049155
1679.252000,-0.088628
1679.253000,-0.163219
1679.254000,-0.101723
1679.255000,-0.115255
1679.256000,-0.237457
1679.257000,-0.207668
1679.258000,-0.062315
1679.259000,0.167154
1679.260000,0.232785
1679.261000,0.434499
1679.262000,0.254600
1679.263000,0.319539
1679.264000,0.433834
1679.265000,0.255171
1679.266000,0.262587
1679.267000,0.282985
1679.268000,0.358862
1679.269000,0.450689
1679.270000,0.320964
1679.271000,0.236123
1679.272000,0.253992
1679.273000,0.137168
1679.274000,0.037205
1679.275000,-0.152256
1679.276000,-0.264716
1679.277000,-0.289685
1679.278000,-0.247316
1679.279000,-0.208252
1679.280000,-0.231482
1679.281000,-0.264289
1679.282000,-0.222446
1679.283000,-0.093044
1679.284000,0.047306
1679.285000,0.170570
1679.286000,0.091553
1679.287000,0.191258
1679.288000,0.257664
1679.289000,0.241639
1679.290000,0.240839
1679.291000,0.242337
1679.292000,0.318614
1679.293000,0.418460
1679.294000,0.351150
1679.295000,0.339860
1679.296000,0.420498
1679.297000,0.408072
1679.298000,0.254328
1679.299000,0.198977
1679.300000,0.297282
1679.301000,0.300669
1679.302000,0.261682
1679.303000,0.096673
1679.304000,0.075722
1679.305000,0.029128
1679.306000,-0.015689
1679.307000,0.046801
1679.308000,-0.002548
1679.309000,-0.050454
1679.310000,0.058433
1679.311000,-0.003210
1679.312000,-0.109024
1679.313000,-0.128301
1679.314000,-0.014442
1679.315000,0.158453
1679.316000,0.249881
1679.317000,0.245012
1679.318000,0.495413
1679.319000,0.316469
1679.320000,0.475559
1679.321000,0.408855
1679.322000,0.307979
1679.323000,0.432641
1679.324000,0.353351
1679.325000,0.192614
1679.326000,0.180896
1679.327000,0.303819
1679.328000,0.301063
1679.329000,0.316023
1679.330000,0.248858
1679.331000,0.199354
1679.332000,0.255640
1679.333000,0.314792
1679.334000,0.161830
1679.335000,0.113946
1679.336000,-0.009987
1679.337000,0.039841
1679.338000,0.015848
1679.339000,0.054392
1679.340000,-0.011224
1679.341000,0.164297
1679.342000,0.150992
1679.343000,0.335023
1679.344000,0.160891
1679.345000,0.117001
1679.346000,0.105234
1679.347000,0.237892
1679.348000,0.340842
1679.349000,0.335086
1679.350000,0.437645
1679.351000,0.611840
1679.352000,0.742783
1679.353000,0.736978
1679.354000,0.474575
1679.355000,0.553765
1679.356000,0.496507
1679.357000,0.586641
1679.358000,0.591238
1679.359000,0.705875
1679.360000,0.899139
1679.361000,0.714554
1679.362000,0.792652
1679.363000,0.804616
1679.364000,0.788734
1679.365000,0.612088
1679.366000,0.575024
1679.367000,0.392235
1679.368000,0.479238
1679.369000,0.660387
1679.370000,0.693185
1679.371000,0.823530
1679.372000,0.595886
1679.373000,0.573077
1679.374000,0.593963
1679.375000,0.561747
1679.376000,0.531974
1679.377000,0.628298
1679.378000,0.616524
1679.379000,0.531216
1679.380000,0.472482
1679.381000,0.457532
1679.382000,0.406246
1679.383000,0.345425
1679.384000,0.285267
1679.385000,0.146716
1679.386000,0.073161
1679.387000,0.162117
1679.388000,-0.096500
1679.389000,0.003880
1679.390000,0.227432
1679.391000,0.395234
1679.392000,0.337576
1679.393000,0.277867
1679.394000,0.228415
1679.395000,0.020021
1679.396000,-0.010872
1679.397000,-0.016638
1679.398000,-0.058270
1679.399000,-0.146698
1679.400000,-0.324181
1679.401000,-0.298891
1679.402000,-0.465391
1679.403000,-0.496168
1679.404000,-0.517453
1679.405000,-0.584016
1679.406000,-0.376517
1679.407000,-0.240370
1679.408000,-0.399400
1679.409000,-0.469884
1679.410000,-0.469876
1679.411000,-0.546485
1679.412000,-0.428494
1679.413000,-0.442154
1679.414000,-0.552926
1679.415000,-0.361627
1679.416000,-0.370789
1679.417000,-0.491462
1679.418000,-0.368990
1679.419000,-0.337995
1679.420000,-0.073070
1679.421000,-0.059296
1679.422000,-0.043908
1679.423000,-0.098443
1679.424000,-0.156646
1679.425000,-0.106485
1679.426000,0.009319
1679.427000,0.180732
1679.428000,0.191773
1679.429000,0.273439
1679.430000,0.380658
1679.431000,0.315446
1679.432000,0.304859
1679.433000,0.245870
1679.434000,0.317996
1679.435000,0.514347
1679.436000,0.595750
1679.437000,0.680188
1679.438000,0.642696
1679.439000,0.602170
1679.440000,0.488269
1679.441000,0.530124
1679.442000,0.394350
1679.443000,0.492149
1679.444000,0.443970
1679.445000,0.487568
1679.446000,0.504590
1679.447000,0.501239
1679.448000,0.700778
1679.449000,0.691570
1679.450000,0.828464
1679.451000,0.707184
1679.452000,0.764166
1679.453000,0.856152
1679.454000,1.133891
1679.455000,0.952682
1679.456000,0.948958
1679.457000,1.105061
1679.458000,1.028493
1679.459000,1.036954
1679.460000,0.907258
1679.461000,0.787086
1679.462000,0.757513
1679.463000,0.749771
1679.464000,0.784642
1679.465000,0.691953
1679.466000,0.778743
1679.467000,0.880439
1679.468000,0.761143
1679.469000,0.772718
1679.470000,0.709263
1679.471000,0.840400
1679.472000,0.699172
1679.473000,0.538001
1679.474000,0.435782
1679.475000,0.564649
1679.476000,0.592310
1679.477000,0.522770
1679.478000,0.490817
1679.479000,0.337428
1679.480000,0.426297
1679.481000,0.385294
1679.482000,0.066418
1679.483000,0.034526
1679.484000,0.015021
1679.485000,0.208083
1679.486000,0.199463
1679.487000,0.124243
1679.488000,0.020544
1679.489000,-0.011901
1679.490000,-0.205511
1679.491000,-0.217579
1679.492000,-0.086670
1679.493000,-0.137527
1679.494000,-0.233644
1679.495000,-0.431928
1679.496000,-0.575489
1679.497000,-0.517912
1679.498000,-0.553563
1679.499000,-0.159920
1679.500000,-0.097226
1679.501000,-0.235534
1679.502000,-0.427711
1679.503000,-0.318920
1679.504000,-0.360016
1679.505000,-0.458742
1679.506000,-0.317494
1679.507000,-0.337778
1679.508000,-0.106198
1679.509000,-0.089431
1679.510000,0.031905
1679.511000,0.125434
1679.512000,-0.058058
1679.513000,-0.093987
1679.514000,-0.329983
1679.515000,-0.469385
1679.516000,-0.453104
1679.517000,-0.606238
1679.518000,-0.496170
1679.519000,-0.406275
1679.520000,-0.390383
1679.521000,-0.357338
1679.522000,-0.362565
1679.523000,-0.308424
1679.524000,-0.169543
1679.525000,0.014459
1679.526000,-0.012522
1679.527000,0.000474
1679.528000,0.043770
1679.529000,0.062477
1679.530000,0.224125
1679.531000,0.244000
1679.532000,0.146373
1679.533000,0.120275
1679.534000,0.046337
1679.535000,-0.113369
1679.536000,-0.321328
1679.537000,-0.369276
1679.538000,-0.283251
1679.539000,-0.325476
1679.540000,-0.409176
1679.541000,-0.333025
1679.542000,-0.299076
1679.543000,-0.227829
1679.544000,0.017296
1679.545000,-0.010877
1679.546000,-0.157227
1679.547000,-0.174793
1679.548000,-0.084781
1679.549000,0.001026
1679.550000,-0.173031
1679.551000,-0.273462
1679.552000,-0.460724
1679.553000,-0.617230
1679.554000,-0.709807
1679.555000,-0.754839
1679.556000,-0.889389
1679.557000,-0.953905
1679.558000,-0.845920
1679.559000,-0.784096
1679.560000,-0.921320
1679.561000,-0.693259
1679.562000,-0.705968
1679.563000,-0.501355
1679.564000,-0.500475
1679.565000,-0.518774
1679.566000,-0.501024
1679.567000,-0.517053
1679.568000,-0.496830
1679.569000,-0.378820
1679.570000,-0.335567
1679.571000,-0.445919
1679.572000,-0.515654
1679.573000,-0.531188
1679.574000,-0.525478
1679.575000,-0.563672
1679.576000,-0.515886
1679.577000,-0.564190
1679.578000,-0.491970
1679.579000,-0.599633
1679.580000,-0.459921
1679.581000,-0.621674
1679.582000,-0.554505
1679.583000,-0.314833
1679.584000,-0.294668
1679.585000,-0.022517
1679.586000,0.042613
1679.587000,-0.092710
1679.588000,-0.021701
1679.589000,0.016675
1679.590000,-0.079048
1679.591000,0.063066
1679.592000,0.162334
1679.593000,0.164003
1679.594000,0.227698
1679.595000,0.325137
1679.596000,0.395067
1679.597000,0.276596
1679.598000,0.139094
1679.599000,0.142193
1679.600000,0.010976
1679.601000,-0.023193
1679.602000,-0.131119
1679.603000,-0.009123
1679.604000,-0.020956
1679.605000,0.095406
1679.606000,0.034023
1679.607000,-0.012734
1679.608000,-0.002746
1679.609000,-0.078813
1679.610000,-0.191322
1679.611000,-0.244297
1679.612000,-0.219365
1679.613000,-0.262966
1679.614000,-0.356519
1679.615000,-0.384169
1679.616000,-0.400774
1679.617000,-0.351482
1679.618000,-0.352750
1679.619000,-0.486785
1679.620000,-0.372627
1679.621000,-0.337619
1679.622000,-0.223830
1679.623000,-0.366634
1679.624000,-0.282422
1679.625000,-0.340126
1679.626000,-0.379428
1679.627000,-0.362050
1679.628000,-0.355818
1679.629000,-0.382899
1679.630000,-0.440298
1679.631000,-0.544375
1679.632000,-0.766690
1679.633000,-0.660479
1679.634000,-0.694463
1679.635000,-0.766275
1679.636000,-0.853400
1679.637000,-0.720605
1679.638000,-0.665141
1679.639000,-0.847734
1679.640000,-0.871548
1679.641000,-0.971960
1679.642000,-0.908998
1679.643000,-0.933936
1679.644000,-0.832541
1679.645000,-0.838949
1679.646000,-0.890767
1679.647000,-0.737774
1679.648000,-0.596533
1679.649000,-0.749891
1679.650000,-0.791686
1679.651000,-0.700668
1679.652000,-0.716668
1679.653000,-0.782073
1679.654000,-0.950761
1679.655000,-0.914625
1679.656000,-0.603602
1679.657000,-0.519907
1679.658000,-0.420877
1679.659000,-0.689577
1679.660000,-0.664703
1679.661000,-0.691134
1679.662000,-0.770821
1679.663000,-0.756917
1679.664000,-0.624374
1679.665000,-0.491296
1679.666000,-0.509575
1679.667000,-0.409999
1679.668000,-0.416975
1679.669000,-0.450279
1679.670000,-0.427900
1679.671000,-0.441239
1679.672000,-0.217963
1679.673000,-0.077373
1679.674000,0.014814
1679.675000,0.181643
1679.676000,0.234361
1679.677000,0.344939
1679.678000,0.520308
1679.679000,0.481775
1679.680000,0.565625
1679.681000,0.548701
1679.682000,0.582328
1679.683000,0.595066
1679.684000,0.616568
1679.685000,0.535046
1679.686000,0.458159
1679.687000,0.561649
1679.688000,0.505862
1679.689000,0.706912
1679.690000,0.719189
1679.691000,0.680185
1679.692000,0.718530
1679.693000,0.778197
1679.694000,0.622479
1679.695000,0.761398
1679.696000,0.785063
1679.697000,0.583788
1679.698000,0.548682
1679.699000,0.717368
1679.700000,0.642966
1679.701000,0.921778
1679.702000,0.855196
1679.703000,0.735524
1679.704000,0.758047
1679.705000,0.738317
1679.706000,0.654686
1679.707000,0.547970
1679.708000,0.675857
1679.709000,0.467075
1679.710000,0.657384
1679.711000,0.522545
1679.712000,0.613585
1679.713000,0.512615
1679.714000,0.789795
1679.715000,0.643883
1679.716000,0.584342
1679.717000,0.568551
1679.718000,0.479594
1679.719000,0.670222
1679.720000,0.592107
1679.721000,0.664176
1679.722000,0.644651
1679.723000,0.602289
1679.724000,0.706112
1679.725000,0.788066
1679.726000,0.582049
1679.727000,0.559990
1679.728000,0.481058
1679.729000,0.385109
1679.730000,0.334936
1679.731000,0.303639
1679.732000,0.324995
1679.733000,0.254382
1679.734000,0.129527
1679.735000,0.033651
1679.736000,0.118689
1679.737000,0.045826
1679.738000,0.123747
1679.739000,0.145188
1679.740000,0.252200
1679.741000,0.270833
1679.742000,0.409977
1679.743000,0.400846
1679.744000,0.601034
1679.745000,0.599402
1679.746000,0.489305
1679.747000,0.366239
1679.748000,0.360558
1679.749000,0.547200
1679.750000,0.485649
1679.751000,0.513041
1679.752000,0.420001
1679.753000,0.680164
1679.754000,0.531333
1679.755000,0.458578
1679.756000,0.430691
1679.757000,0.256867
1679.758000,0.191375
1679.759000,0.150921
1679.760000,0.020263
1679.761000,0.002069
1679.762000,0.143741
1679.763000,0.096832
1679.764000,0.172538
1679.765000,0.196825
1679.766000,-0.127743
1679.767000,-0.141070
1679.768000,0.117888
1679.769000,0.114760
1679.770000,0.061915
1679.771000,0.056369
1679.772000,-0.023006
1679.773000,-0.139383
1679.774000,-0.125659
1679.775000,-0.246758
1679.776000,-0.388653
1679.777000,-0.323426
1679.778000,-0.286389
1679.779000,-0.268649
1679.780000,-0.257783
1679.781000,-0.281357
1679.782000,-0.457957
1679.783000,-0.687692
1679.784000,-0.707884
1679.785000,-0.763596
1679.786000,-0.729619
1679.787000,-0.650478
1679.788000,-0.478385
1679.789000,-0.557969
1679.790000,-0.687255
1679.791000,-0.628273
1679.792000,-0.647332
1679.793000,-0.364852
1679.794000,-0.309990
1679.795000,-0.379286
1679.796000,-0.250526
1679.797000,-0.410823
1679.798000,-0.319409
1679.799000,-0.463493
1679.800000,-0.398244
1679.801000,-0.272437
1679.802000,-0.223341
1679.803000,-0.326578
1679.804000,-0.381262
1679.805000,-0.403362
1679.806000,-0.398317
1679.807000,-0.402120
1679.808000,-0.300049
1679.809000,-0.408200
1679.810000,-0.473440
1679.811000,-0.334568
1679.812000,-0.491631
1679.813000,-0.533331
1679.814000,-0.630782
1679.815000,-0.867555
1679.816000,-0.991376
1679.817000,-0.951949
1679.818000,-0.884992
1679.819000,-0.804810
1679.820000,-0.768525
1679.821000,-0.573420
1679.822000,-0.499300
1679.823000,-0.488365
1679.824000,-0.509272
1679.825000,-0.604013
1679.826000,-0.474622
1679.827000,-0.386465
1679.828000,-0.409845
1679.829000,-0.492547
1679.830000,-0.435668
1679.831000,-0.502686
1679.832000,-0.427896
1679.833000,-0.491575
1679.834000,-0.469748
1679.835000,-0.620577
1679.836000,-0.651823
1679.837000,-0.504860
1679.838000,-0.562983
1679.839000,-0.673236
1679.840000,-0.455453
1679.841000,-0.270251
1679.842000,-0.184796
1679.843000,-0.160465
1679.844000,-0.081801
1679.845000,-0.048345
1679.846000,-0.053301
1679.847000,-0.083470
1679.848000,-0.216594
1679.849000,-0.170716
1679.850000,-0.234981
1679.851000,-0.427735
1679.852000,-0.170401
1679.853000,-0.081256
1679.854000,-0.012362
1679.855000,-0.056503
1679.856000,-0.067205
1679.857000,-0.082323
1679.858000,0.074159
1679.859000,0.168478
1679.860000,-0.023420
1679.861000,0.015262
1679.862000,0.012228
1679.863000,0.180262
1679.864000,0.143380
1679.865000,0.293428
1679.866000,0.263480
1679.867000,0.233252
1679.868000,0.261498
1679.869000,0.145311
1679.870000,0.068335
1679.871000,0.125492
1679.872000,0.221895
1679.873000,0.312234
1679.874000,0.302030
1679.875000,0.322535
1679.876000,0.500893
1679.877000,0.358429
1679.878000,0.230498
1679.879000,0.227645
1679.880000,0.251228
1679.881000,0.149818
1679.882000,0.295629
1679.883000,0.415299
1679.884000,0.316979
1679.885000,0.477679
1679.886000,0.703191
1679.887000,0.635689
1679.888000,0.627801
1679.889000,0.757115
1679.890000,0.621685
1679.891000,0.605294
1679.892000,0.423491
1679.893000,0.364048
1679.894000,0.298017
1679.895000,0.255618
1679.896000,0.291293
1679.897000,0.271137
1679.898000,0.198562
1679.899000,0.185377
1679.900000,0.123014
1679.901000,0.196091
1679.902000,0.313911
1679.903000,0.077054
1679.904000,0.090713
1679.905000,0.160398
1679.906000,0.065015
1679.907000,-0.052956
1679.908000,-0.070155
1679.909000,-0.110630
1679.910000,-0.118420
1679.911000,0.006064
1679.912000,-0.026203
1679.913000,-0.125003
1679.914000,-0.063454
1679.915000,-0.076343
1679.916000,-0.088007
1679.917000,0.124988
1679.918000,0.073051
1679.919000,0.131923
1679.920000,0.237215
1679.921000,0.350670
1679.922000,0.310036
1679.923000,0.116389
1679.924000,0.122780
1679.925000,0.260810
1679.926000,0.296035
1679.927000,0.037565
1679.928000,-0.016111
1679.929000,-0.192486
1679.930000,-0.150032
1679.931000,-0.259591
1679.932000,-0.283600
1679.933000,-0.258851
1679.934000,-0.329353
1679.935000,-0.415555
1679.936000,-0.431579
1679.937000,-0.487520
1679.938000,-0.482050
1679.939000,-0.393458
1679.940000,-0.560555
1679.941000,-0.537032
1679.942000,-0.697200
1679.943000,-0.747586
1679.944000,-0.580811
1679.945000,-0.597721
1679.946000,-0.569729
1679.947000,-0.557542
1679.948000,-0.546815
1679.949000,-0.554904
1679.950000,-0.379019
1679.951000,-0.251529
1679.952000,-0.082194
1679.953000,-0.200594
1679.954000,-0.218605
1679.955000,-0.293722
1679.956000,-0.341474
1679.957000,-0.315588
1679.958000,-0.306374
1679.959000,-0.419816
1679.960000,-0.399648
1679.961000,-0.240184
1679.962000,-0.239755
1679.963000,-0.292154
1679.964000,-0.182294
1679.965000,-0.026323
1679.966000,0.057720
1679.967000,-0.015350
1679.968000,-0.152426
1679.969000,-0.071935
1679.970000,-0.058264
1679.971000,-0.172645
1679.972000,-0.030255
1679.973000,0.037403
1679.974000,0.027765
1679.975000,-0.060628
1679.976000,-0.010091
1679.977000,-0.056533
1679.978000,-0.088894
1679.979000,-0.198304
1679.980000,-0.158208
1679.981000,-0.224592
1679.982000,-0.375374
1679.983000,-0.260913
1679.984000,-0.326645
1679.985000,-0.357078
1679.986000,-0.053183
1679.987000,-0.090922
1679.988000,-0.004993
1679.989000,0.153962
1679.990000,0.161375
1679.991000,0.219047
1679.992000,0.288433
1679.993000,0.284089
1679.994000,0.197571
1679.995000,0.258518
1679.996000,0.227016
1679.997000,0.263217
1679.998000,0.360279
1679.999000,0.374361
1680.000000,0.425726
1680.001000,0.533624
1680.002000,0.595827
1680.003000,0.655852
1680.004000,0.615896
1680.005000,0.587746
1680.006000,0.549730
1680.007000,0.627026
1680.008000,0.667175
1680.009000,0.891410
1680.010000,0.969527
1680.011000,0.785489
1680.012000,0.888863
1680.013000,0.975686
1680.014000,0.976800
1680.015000,0.975430
1680.016000,1.012235
1680.017000,1.075951
1680.018000,1.005216
1680.019000,0.923828
1680.020000,0.978227
1680.021000,0.964574
1680.022000,1.148728
1680.023000,1.053104
1680.024000,0.984970
1680.025000,0.881246
1680.026000,0.755028
1680.027000,0.766141
1680.028000,0.757381
1680.029000,0.725540
1680.030000,0.697295
1680.031000,0.614721
1680.032000,0.592918
1680.033000,0.563759
1680.034000,0.513485
1680.035000,0.479493
1680.036000,0.403070
1680.037000,0.407365
1680.038000,0.408670
1680.039000,0.310593
1680.040000,0.211778
1680.041000,0.241759
1680.042000,0.493240
1680.043000,0.243137
1680.044000,0.150194
1680.045000,0.100176
1680.046000,-0.021584
1680.047000,-0.021874
1680.048000,-0.023601
1680.049000,0.079498
1680.050000,0.092127
1680.051000,0.111309
1680.052000,0.082802
1680.053000,-0.010716
1680.054000,-0.070927
1680.055000,-0.266868
1680.056000,-0.376000
1680.057000,-0.364747
1680.058000,-0.339094
1680.059000,-0.326980
1680.060000,-0.503059
1680.061000,-0.571881
1680.062000,-0.567329
1680.063000,-0.523319
1680.064000,-0.542857
1680.065000,-0.639711
1680.066000,-0.569478
1680.067000,-0.704564
1680.068000,-0.631304
1680.069000,-0.686716
1680.070000,-0.586531
1680.071000,-0.668953
1680.072000,-0.380214
1680.073000,-0.390083
1680.074000,-0.500279
1680.075000,-0.521392
1680.076000,-0.428016
1680.077000,-0.364645
1680.078000,-0.300031
1680.079000,-0.320588
1680.080000,-0.457405
1680.081000,-0.453822
1680.082000,-0.447795
1680.083000,-0.473321
1680.084000,-0.413776
1680.085000,-0.341488
1680.086000,-0.349751
1680.087000,-0.334381
1680.088000,-0.352235
1680.089000,-0.405439
1680.090000,-0.253229
1680.091000,-0.328090
1680.092000,-0.343878
1680.093000,-0.277016
1680.094000,-0.330417
1680.095000,-0.213534
1680.096000,-0.414283
1680.097000,-0.317425
1680.098000,-0.079189
1680.099000,-0.009020
1680.100000,0.014967
1680.101000,0.014208
1680.102000,0.014265
1680.103000,-0.059544
1680.104000,0.064968
1680.105000,0.106736
1680.106000,0.120954
1680.107000,0.276496
1680.108000,0.494477
1680.109000,0.338407
1680.110000,0.217892
1680.111000,0.127511
1680.112000,0.221991
1680.113000,0.241261
1680.114000,0.227919
1680.115000,0.294726
1680.116000,0.167923
1680.117000,0.144698
1680.118000,0.178671
1680.119000,0.371466
1680.120000,0.337080
1680.121000,0.444248
1680.122000,0.380920
1680.123000,0.314607
1680.124000,0.161378
1680.125000,0.214069
1680.126000,0.089700
1680.127000,0.076503
1680.128000,0.063591
1680.129000,0.055218
1680.130000,0.042175
1680.131000,-0.194233
1680.132000,-0.280833
1680.133000,-0.296735
1680.134000,-0.364706
1680.135000,-0.226144
1680.136000,-0.183416
1680.137000,-0.130186
1680.138000,-0.216528
1680.139000,-0.200886
1680.140000,-0.292493
1680.141000,-0.320605
1680.142000,-0.377955
1680.143000,-0.268013
1680.144000,-0.277453
1680.145000,-0.207048
1680.146000,-0.230965
1680.147000,-0.290773
1680.148000,0.020952
1680.149000,-0.100559
1680.150000,-0.283350
1680.151000,-0.307541
1680.152000,-0.384735
1680.153000,-0.378041
1680.154000,-0.428385
1680.155000,-0.321665
1680.156000,-0.347770
1680.157000,-0.452774
1680.158000,-0.510735
1680.159000,-0.449008
1680.160000,-0.471822
1680.161000,-0.481401
1680.162000,-0.436100
1680.163000,-0.467495
1680.164000,-0.278326
1680.165000,-0.416071
1680.166000,-0.460530
1680.167000,-0.472635
1680.168000,-0.358484
1680.169000,-0.238213
1680.170000,-0.175947
1680.171000,-0.164161
1680.172000,-0.176767
1680.173000,-0.210544
1680.174000,-0.294063
1680.175000,-0.247575
1680.176000,-0.171800
1680.177000,-0.325953
1680.178000,-0.335354
1680.179000,-0.213125
1680.180000,-0.215049
1680.181000,-0.273867
1680.182000,-0.323171
1680.183000,-0.113909
1680.184000,-0.020117
1680.185000,0.148987
1680.186000,0.143302
1680.187000,0.176273
1680.188000,0.131399
1680.189000,0.286276
1680.190000,0.305700
1680.191000,0.369647
1680.192000,0.289932
1680.193000,0.167836
1680.194000,0.037140
1680.195000,0.104906
1680.196000,0.148584
1680.197000,0.267365
1680.198000,0.240295
1680.199000,0.120317
1680.200000,0.234084
1680.201000,0.230626
1680.202000,0.397776
1680.203000,0.395096
1680.204000,0.236899
1680.205000,0.384407
1680.206000,0.265592
1680.207000,0.327175
1680.208000,0.245921
1680.209000,0.159097
1680.210000,0.330859
1680.211000,0.452994
1680.212000,0.375133
1680.213000,0.307613
1680.214000,0.297469
1680.215000,0.239037
1680.216000,0.343307
1680.217000,0.419534
1680.218000,0.470418
1680.219000,0.459424
1680.220000,0.414515
1680.221000,0.359186
1680.222000,0.400986
1680.223000,0.360445
1680.224000,0.601342
1680.225000,0.692153
1680.226000,0.781687
1680.227000,0.826952
1680.228000,0.899960
1680.229000,0.902946
1680.230000,0.908914
1680.231000,0.852154
1680.232000,0.885976
1680.233000,1.045565
1680.234000,1.101779
1680.235000,0.990897
1680.236000,0.917843
1680.237000,0.698329
1680.238000,0.658347
1680.239000,0.592976
1680.240000,0.578502
1680.241000,0.578587
1680.242000,0.564107
1680.243000,0.760141
1680.244000,0.870666
1680.245000,0.856428
1680.246000,0.734144
1680.247000,0.763307
1680.248000,0.690988
1680.249000,0.683479
1680.250000,0.648162
1680.251000,0.616720
1680.252000,0.429544
1680.253000,0.440301
1680.254000,0.359552
1680.255000,0.224021
1680.256000,0.178000
1680.257000,0.284049
1680.258000,0.267544
1680.259000,0.274541
1680.260000,0.291953
1680.261000,0.390086
1680.262000,0.291066
1680.263000,0.136145
1680.264000,0.029362
1680.265000,0.138155
1680.266000,0.153000
1680.267000,0.200002
1680.268000,0.174450
1680.269000,0.088972
1680.270000,0.017802
1680.271000,0.024174
1680.272000,-0.036628
1680.273000,-0.113727
1680.274000,-0.224133
1680.275000,-0.221165
1680.276000,-0.382691
1680.277000,-0.370263
1680.278000,-0.236668
1680.279000,-0.112260
1680.280000,-0.270465
1680.281000,-0.332258
1680.282000,-0.260868
1680.283000,-0.153092
1680.284000,-0.023160
1680.285000,0.044347
1680.286000,0.149354
1680.287000,0.232458
1680.288000,0.092033
1680.289000,0.065410
1680.290000,0.157255
1680.291000,0.120694
1680.292000,0.009843
1680.293000,0.070380
1680.294000,-0.032685
1680.295000,-0.122898
1680.296000,-0.265250
1680.297000,-0.266112
1680.298000,-0.213360
1680.299000,-0.207357
1680.300000,-0.098155
1680.301000,-0.058262
1680.302000,-0.134083
1680.303000,-0.131548
1680.304000,-0.221631
1680.305000,-0.312189
1680.306000,-0.262134
1680.307000,-0.252881
1680.308000,-0.466260
1680.309000,-0.400925
1680.310000,-0.477108
1680.311000,-0.430780
1680.312000,-0.265689
1680.313000,-0.098753
1680.314000,-0.320328
1680.315000,-0.467853
1680.316000,-0.327158
1680.317000,-0.412659
1680.318000,-0.374515
1680.319000,-0.226927
1680.320000,-0.341819
1680.321000,-0.409481
1680.322000,-0.521028
1680.323000,-0.583916
1680.324000,-0.549855
1680.325000,-0.604623
1680.326000,-0.719484
1680.327000,-0.754734
1680.328000,-0.613252
1680.329000,-0.638610
1680.330000,-0.762083
1680.331000,-0.782223
1680.332000,-0.859746
1680.333000,-0.913789
1680.334000,-0.853485
1680.335000,-0.938833
1680.336000,-0.811822
1680.337000,-0.779563
1680.338000,-0.941753
1680.339000,-0.993112
1680.340000,-0.933663
1680.341000,-1.007349
1680.342000,-1.151903
1680.343000,-1.032732
1680.344000,-1.015051
1680.345000,-0.977244
1680.346000,-0.855804
1680.347000,-0.857191
1680.348000,-0.905106
1680.349000,-0.781728
1680.350000,-0.855483
1680.351000,-0.791294
1680.352000,-0.837457
1680.353000,-0.779983
1680.354000,-0.595943
1680.355000,-0.617108
1680.356000,-0.418487
1680.357000,-0.462781
1680.358000,-0.317120
1680.359000,-0.266993
1680.360000,-0.205838
1680.361000,-0.569091
1680.362000,-0.626298
1680.363000,-0.545970
1680.364000,-0.570997
1680.365000,-0.598766
1680.366000,-0.591212
1680.367000,-0.747782
1680.368000,-0.802482
1680.369000,-0.732788
1680.370000,-0.649977
1680.371000,-0.667323
1680.372000,-0.652428
1680.373000,-0.623953
1680.374000,-0.609727
1680.375000,-0.665029
1680.376000,-0.581720
1680.377000,-0.624658
1680.378000,-0.505129
1680.379000,-0.591355
1680.380000,-0.530699
1680.381000,-0.575347
1680.382000,-0.540765
1680.383000,-0.510698
1680.384000,-0.516207
1680.385000,-0.502977
1680.386000,-0.398255
1680.387000,-0.435991
1680.388000,-0.484771
1680.389000,-0.484336
1680.390000,-0.443846
1680.391000,-0.318090
1680.392000,-0.235150
1680.393000,-0.078535
1680.394000,0.029972
1680.395000,0.105941
1680.396000,0.214161
1680.397000,0.227130
1680.398000,0.288583
1680.399000,0.263351
1680.400000,0.239762
1680.401000,0.286774
1680.402000,0.242648
1680.403000,0.373400
1680.404000,0.396396
1680.405000,0.485707
1680.406000,0.505938
1680.407000,0.393863
1680.408000,0.384628
1680.409000,0.465161
1680.410000,0.394654
1680.411000,0.212105
1680.412000,0.268314
1680.413000,0.111651
1680.414000,0.115988
1680.415000,0.175461
1680.416000,0.218443
1680.417000,0.358589
1680.418000,0.364959
1680.419000,0.538561
1680.420000,0.431440
1680.421000,0.390945
1680.422000,0.403268
1680.423000,0.363799
1680.424000,0.557485
1680.425000,0.627009
1680.426000,0.534613
1680.427000,0.480918
1680.428000,0.501437
1680.429000,0.583306
1680.430000,0.612054
1680.431000,0.674217
1680.432000,0.688357
1680.433000,0.499816
1680.434000,0.552033
1680.435000,0.413771
1680.436000,0.321248
1680.437000,0.280186
1680.438000,0.215974
1680.439000,-0.010502
1680.440000,0.056042
1680.441000,0.007954
1680.442000,-0.019089
1680.443000,-0.165817
1680.444000,-0.053122
1680.445000,-0.125614
1680.446000,-0.010708
1680.447000,0.131977
1680.448000,0.126849
1680.449000,0.147568
1680.450000,0.137955
1680.451000,0.096053
1680.452000,0.158071
1680.453000,0.166029
1680.454000,0.125121
1680.455000,0.322828
1680.456000,0.556065
1680.457000,0.456337
1680.458000,0.356188
1680.459000,0.462955
1680.460000,0.311655
1680.461000,0.307843
1680.462000,0.280346
1680.463000,0.397435
1680.464000,0.302531
1680.465000,0.302104
1680.466000,0.384048
1680.467000,0.417923
1680.468000,0.348789
1680.469000,0.361204
1680.470000,0.351911
1680.471000,0.345636
1680.472000,0.359107
1680.473000,0.407313
1680.474000,0.461389
1680.475000,0.731561
1680.476000,0.556914
1680.477000,0.623818
1680.478000,0.567518
1680.479000,0.490693
1680.480000,0.494173
1680.481000,0.546604
1680.482000,0.534424
1680.483000,0.592193
1680.484000,0.514332
1680.485000,0.631451
1680.486000,0.605278
1680.487000,0.593874
1680.488000,0.551424
1680.489000,0.515038
1680.490000,0.594826
1680.491000,0.534054
1680.492000,0.506977
1680.493000,0.489430
1680.494000,0.574115
1680.495000,0.503442
1680.496000,0.509917
1680.497000,0.573200
1680.498000,0.498236
1680.499000,0.384581
1680.500000,0.288296
1680.501000,0.272410
1680.502000,0.285309
1680.503000,0.241513
1680.504000,0.210338
1680.505000,0.196832
1680.506000,0.147839
1680.507000,0.068821
1680.508000,0.146318
1680.509000,0.051484
1680.510000,0.094426
1680.511000,0.117700
1680.512000,0.068696
1680.513000,0.030189
1680.514000,-0.123075
1680.515000,-0.234806
1680.516000,-0.343520
1680.517000,-0.345122
1680.518000,-0.300967
1680.519000,-0.280657
1680.520000,-0.385332
1680.521000,-0.377647
1680.522000,-0.433988
1680.523000,-0.539898
1680.524000,-0.574436
1680.525000,-0.688103
1680.526000,-0.850276
1680.527000,-0.827423
1680.528000,-0.830286
1680.529000,-1.031828
1680.530000,-0.903989
1680.531000,-0.942853
1680.532000,-1.163506
1680.533000,-1.010585
1680.534000,-1.047690
1680.535000,-1.102885
1680.536000,-1.121872
1680.537000,-1.116818
1680.538000,-1.310412
1680.539000,-1.337187
1680.540000,-1.245750
1680.541000,-1.279358
1680.542000,-1.308323
1680.543000,-1.507991
1680.544000,-1.531682
1680.545000,-1.459803
1680.546000,-1.439883
1680.547000,-1.325752
1680.548000,-1.330348
1680.549000,-1.455703
1680.550000,-1.436196
1680.551000,-1.358063
1680.552000,-1.297685
1680.553000,-1.319579
1680.554000,-1.292789
1680.555000,-1.358706
1680.556000,-1.208091
1680.557000,-1.315139
1680.558000,-1.362343
1680.559000,-1.309743
1680.560000,-1.259743
1680.561000,-1.200689
1680.562000,-1.154183
1680.563000,-1.183694
1680.564000,-0.973010
1680.565000,-0.880238
1680.566000,-0.861896
1680.567000,-0.708112
1680.568000,-0.638363
1680.569000,-0.733282
1680.570000,-0.723720
1680.571000,-0.773459
1680.572000,-0.728781
1680.573000,-0.739736
1680.574000,-0.638182
1680.575000,-0.612184
1680.576000,-0.742419
1680.577000,-0.551806
1680.578000,-0.554511
1680.579000,-0.715049
1680.580000,-0.500096
1680.581000,-0.402583
1680.582000,-0.124225
1680.583000,-0.184565
1680.584000,-0.190558
1680.585000,-0.133454
1680.586000,-0.240407
1680.587000,-0.088389
1680.588000,-0.086972
1680.589000,-0.149424
1680.590000,-0.065107
1680.591000,-0.023889
1680.592000,-0.074431
1680.593000,-0.126833
1680.594000,-0.005935
1680.595000,-0.031161
1680.596000,0.038344
1680.597000,-0.082002
1680.598000,-0.133356
1680.599000,-0.225143
1680.600000,-0.144308
1680.601000,-0.215369
1680.602000,-0.030494
1680.603000,-0.232278
1680.604000,-0.204226
1680.605000,-0.312305
1680.606000,-0.283643
1680.607000,-0.224805
1680.608000,-0.045249
1680.609000,-0.091911
1680.610000,-0.117615
1680.611000,-0.114291
1680.612000,-0.057862
1680.613000,0.001336
1680.614000,0.006564
1680.615000,0.098291
1680.616000,0.280754
1680.617000,0.374236
1680.618000,0.447450
1680.619000,0.365968
1680.620000,0.301157
1680.621000,0.363627
1680.622000,0.367557
1680.623000,0.221072
1680.624000,0.248646
1680.625000,0.390173
1680.626000,0.453005
1680.627000,0.453115
1680.628000,0.557566
1680.629000,0.541427
1680.630000,0.507045
1680.631000,0.498613
1680.632000,0.539132
1680.633000,0.515957
1680.634000,0.642128
1680.635000,0.861941
1680.636000,0.843652
1680.637000,0.896478
1680.638000,0.903263
1680.639000,0.863360
1680.640000,0.879306
1680.641000,0.786985
1680.642000,0.848638
1680.643000,0.861552
1680.644000,0.751201
1680.645000,0.695410
1680.646000,0.822815
1680.647000,0.795849
1680.648000,0.800763
1680.649000,0.662214
1680.650000,0.557008
1680.651000,0.544961
1680.652000,0.558873
1680.653000,0.661741
1680.654000,0.582428
1680.655000,0.521411
1680.656000,0.560179
1680.657000,0.609407
1680.658000,0.920880
1680.659000,0.914261
1680.660000,0.784984
1680.661000,0.825228
1680.662000,0.829041
1680.663000,0.846604
1680.664000,0.884150
1680.665000,0.772708
1680.666000,0.994774
1680.667000,0.923607
1680.668000,1.047472
1680.669000,0.887393
1680.670000,0.868225
1680.671000,0.740887
1680.672000,0.641206
1680.673000,0.543603
1680.674000,0.478820
1680.675000,0.487075
1680.676000,0.498586
1680.677000,0.423045
1680.678000,0.448815
1680.679000,0.580372
1680.680000,0.517512
1680.681000,0.519775
1680.682000,0.560780
1680.683000,0.631012
1680.684000,0.606684
1680.685000,0.332975
1680.686000,0.240450
1680.687000,0.189703
1680.688000,0.265346
1680.689000,0.109378
1680.690000,0.007022
1680.691000,-0.071063
1680.692000,-0.083286
1680.693000,-0.086344
1680.694000,-0.212429
1680.695000,-0.312065
1680.696000,-0.272902
1680.697000,-0.238592
1680.698000,-0.198563
1680.699000,-0.196814
1680.700000,-0.099798
1680.701000,-0.035342
1680.702000,0.043640
1680.703000,-0.030625
1680.704000,-0.145512
1680.705000,-0.076727
1680.706000,-0.085130
1680.707000,-0.228911
1680.708000,-0.199144
1680.709000,-0.168802
1680.710000,-0.129875
1680.711000,0.012170
1680.712000,-0.012396
1680.713000,-0.071977
1680.714000,-0.086578
1680.715000,-0.209383
1680.716000,-0.201543
1680.717000,-0.274380
1680.718000,-0.054123
1680.719000,0.049060
1680.720000,0.035208
1680.721000,0.194486
1680.722000,0.223639
1680.723000,0.356797
1680.724000,0.368941
1680.725000,0.399682
1680.726000,0.354130
1680.727000,0.407203
1680.728000,0.430804
1680.729000,0.529872
1680.730000,0.361409
1680.731000,0.456822
1680.732000,0.428677
1680.733000,0.440780
1680.734000,0.431145
1680.735000,0.407798
1680.736000,0.425976
1680.737000,0.341718
1680.738000,0.603611
1680.739000,0.678016
1680.740000,0.622799
1680.741000,0.386035
1680.742000,0.533348
1680.743000,0.404754
1680.744000,0.514869
1680.745000,0.505678
1680.746000,0.446207
1680.747000,0.302409
1680.748000,0.419420
1680.749000,0.339984
1680.750000,0.264632
1680.751000,0.345479
1680.752000,0.449183
1680.753000,0.487873
1680.754000,0.541081
1680.755000,0.534755
1680.756000,0.548445
1680.757000,0.688877
1680.758000,0.716943
1680.759000,0.725851
1680.760000,0.650204
1680.761000,0.518180
1680.762000,0.427977
1680.763000,0.353495
1680.764000,0.419550
1680.765000,0.291765
1680.766000,0.115575
1680.767000,0.048299
1680.768000,0.019557
1680.769000,-0.040461
1680.770000,-0.089066
1680.771000,0.016845
1680.772000,-0.051324
1680.773000,-0.014448
1680.774000,-0.091199
1680.775000,-0.020894
1680.776000,0.000954
1680.777000,-0.030110
1680.778000,-0.044659
1680.779000,0.003623
1680.780000,0.052696
1680.781000,0.157144
1680.782000,0.001862
1680.783000,0.029314
1680.784000,0.301908
1680.785000,0.349496
1680.786000,0.287667
1680.787000,0.291829
1680.788000,0.318965
1680.789000,0.244499
1680.790000,0.251172
1680.791000,0.244514
1680.792000,0.113556
1680.793000,0.218266
1680.794000,0.168513
1680.795000,0.188872
1680.796000,0.231366
1680.797000,0.130368
1680.798000,0.168964
1680.799000,0.137708
1680.800000,0.359566
1680.801000,0.339769
1680.802000,0.272650
1680.803000,0.182914
1680.804000,0.154960
1680.805000,-0.040282
1680.806000,-0.012168
1680.807000,-0.000058
1680.808000,0.008535
1680.809000,-0.032973
1680.810000,0.092928
1680.811000,0.077665
1680.812000,0.151049
1680.813000,0.202839
1680.814000,0.144965
1680.815000,0.098516
1680.816000,0.215664
1680.817000,0.122600
1680.818000,0.064949
1680.819000,0.019083
1680.820000,-0.172024
1680.821000,-0.209904
1680.822000,-0.299291
1680.823000,-0.109837
1680.824000,-0.230121
1680.825000,-0.255448
1680.826000,-0.290181
1680.827000,-0.350086
1680.828000,-0.256221
1680.829000,-0.266777
1680.830000,-0.273796
1680.831000,-0.355081
1680.832000,-0.300697
1680.833000,-0.287923
1680.834000,-0.188158
1680.835000,-0.215343
1680.836000,-0.302359
1680.837000,-0.209446
1680.838000,-0.329764
1680.839000,-0.379725
1680.840000,-0.362603
1680.841000,-0.491837
1680.842000,-0.394571
1680.843000,-0.328272
1680.844000,-0.472877
1680.845000,-0.493851
1680.846000,-0.549657
1680.847000,-0.510975
1680.848000,-0.503030
1680.849000,-0.467356
1680.850000,-0.630190
1680.851000,-0.785937
1680.852000,-0.894116
1680.853000,-0.935784
1680.854000,-0.694339
1680.855000,-0.630284
1680.856000,-0.542701
1680.857000,-0.333353
1680.858000,-0.173599
1680.859000,-0.260150
1680.860000,-0.108842
1680.861000,-0.040672
1680.862000,-0.004008
1680.863000,0.151214
1680.864000,0.168572
1680.865000,0.115337
1680.866000,0.162966
1680.867000,0.138914
1680.868000,0.003706
1680.869000,-0.074173
1680.870000,-0.115475
1680.871000,-0.228435
1680.872000,-0.172985
1680.873000,-0.468144
1680.874000,-0.522974
1680.875000,-0.400152
1680.876000,-0.510091
1680.877000,-0.341011
1680.878000,-0.207945
1680.879000,-0.221311
1680.880000,-0.113625
1680.881000,0.058845
1680.882000,0.155414
1680.883000,0.419048
1680.884000,0.559867
1680.885000,0.361833
1680.886000,0.514717
1680.887000,0.514007
1680.888000,0.417920
1680.889000,0.392796
1680.890000,0.454035
1680.891000,0.321193
1680.892000,0.290070
1680.893000,0.371323
1680.894000,0.291876
1680.895000,0.212040
1680.896000,0.091267
1680.897000,-0.103834
1680.898000,-0.323985
1680.899000,-0.426763
1680.900000,-0.348958
1680.901000,-0.409243
1680.902000,-0.203306
1680.903000,-0.183567
1680.904000,-0.029739
1680.905000,0.038089
1680.906000,0.032277
1680.907000,0.079382
1680.908000,-0.076729
1680.909000,-0.157513
1680.910000,-0.077161
1680.911000,-0.114243
1680.912000,0.059738
1680.913000,0.031895
1680.914000,0.055811
1680.915000,0.220632
1680.916000,0.276754
1680.917000,0.296525
1680.918000,0.437531
1680.919000,0.564821
1680.920000,0.599550
1680.921000,0.511474
1680.922000,0.384064
1680.923000,0.199744
1680.924000,0.218223
1680.925000,0.185730
1680.926000,0.284456
1680.927000,0.508507
1680.928000,0.672326
1680.929000,0.594657
1680.930000,0.504847
1680.931000,0.504585
1680.932000,0.538345
1680.933000,0.549616
1680.934000,0.558432
1680.935000,0.470926
1680.936000,0.426976
1680.937000,0.400225
1680.938000,0.469687
1680.939000,0.443513
1680.940000,0.350100
1680.941000,0.198299
1680.942000,0.216499
1680.943000,0.461641
1680.944000,0.471390
1680.945000,0.538022
1680.946000,0.576829
1680.947000,0.483921
1680.948000,0.496698
1680.949000,0.211412
1680.950000,-0.110867
1680.951000,-0.042728
1680.952000,-0.070893
1680.953000,-0.145584
1680.954000,-0.075578
1680.955000,0.047215
1680.956000,-0.007767
1680.957000,-0.151289
1680.958000,-0.095448
1680.959000,0.077500
1680.960000,-0.126621
1680.961000,-0.264346
1680.962000,-0.250373
1680.963000,-0.193452
1680.964000,-0.255728
1680.965000,-0.098430
1680.966000,0.014292
1680.967000,0.169546
1680.968000,0.175878
1680.969000,0.093848
1680.970000,-0.108291
1680.971000,-0.252800
1680.972000,-0.154795
1680.973000,-0.084149
1680.974000,-0.083896
1680.975000,-0.077770
1680.976000,0.137275
1680.977000,0.192439
1680.978000,0.224259
1680.979000,0.049573
1680.980000,0.081330
1680.981000,0.022388
1680.982000,-0.083627
1680.983000,-0.107990
1680.984000,-0.226345
1680.985000,-0.180856
1680.986000,-0.192430
1680.987000,-0.275534
1680.988000,-0.262043
1680.989000,-0.305097
1680.990000,-0.284600
1680.991000,-0.392514
1680.992000,-0.487689
1680.993000,-0.577140
1680.994000,-0.647064
1680.995000,-0.456988
1680.996000,-0.394008
1680.997000,-0.380387
1680.998000,-0.376516
1680.999000,-0.266167
1681.000000,-0.173150
1681.001000,-0.273539
1681.002000,-0.171299
1681.003000,-0.175182
1681.004000,-0.209892
1681.005000,-0.139521
1681.006000,-0.148850
1681.007000,-0.318586
1681.008000,-0.056873
1681.009000,0.097827
1681.010000,0.037725
1681.011000,0.046471
1681.012000,0.043259
1681.013000,-0.034106
1681.014000,-0.048056
1681.015000,0.001318
1681.016000,-0.102450
1681.017000,-0.155062
1681.018000,-0.129021
1681.019000,-0.142383
1681.020000,-0.063258
1681.021000,-0.173573
1681.022000,-0.081055
1681.023000,-0.074811
1681.024000,0.037119
1681.025000,-0.185512
1681.026000,-0.149983
1681.027000,-0.158283
1681.028000,-0.071391
1681.029000,-0.017153
1681.030000,0.142009
1681.031000,0.038825
1681.032000,0.058646
1681.033000,0.044756
1681.034000,0.160303
1681.035000,0.216233
1681.036000,0.140078
1681.037000,0.189191
1681.038000,0.200749
1681.039000,0.325396
1681.040000,0.303763
1681.041000,0.232028
1681.042000,0.119988
1681.043000,0.042476
1681.044000,0.065402
1681.045000,-0.071346
1681.046000,-0.024286
1681.047000,-0.227806
1681.048000,-0.118152
1681.049000,0.080037
1681.050000,0.148094
1681.051000,0.106266
1681.052000,0.153840
1681.053000,0.177140
1681.054000,0.264463
1681.055000,0.279362
1681.056000,0.209555
1681.057000,0.183947
1681.058000,-0.025487
1681.059000,-0.180021
1681.060000,-0.289914
1681.061000,-0.155802
1681.062000,-0.096798
1681.063000,-0.042477
1681.064000,-0.018778
1681.065000,-0.066985
1681.066000,-0.092099
1681.067000,-0.157674
1681.068000,-0.178768
1681.069000,-0.190388
1681.070000,-0.326395
1681.071000,-0.164537
1681.072000,-0.220942
1681.073000,-0.119547
1681.074000,-0.257216
1681.075000,-0.422376
1681.076000,-0.339065
1681.077000,-0.410274
1681.078000,-0.126636
1681.079000,-0.191864
1681.080000,-0.283829
1681.081000,-0.199566
1681.082000,-0.124298
1681.083000,-0.258738
1681.084000,-0.281212
1681.085000,-0.085573
1681.086000,-0.002867
1681.087000,-0.019353
1681.088000,0.107121
1681.089000,0.127731
1681.090000,0.087796
1681.091000,0.091323
1681.092000,0.020849
1681.093000,0.084095
1681.094000,-0.005496
1681.095000,0.084484
1681.096000,0.158393
1681.097000,0.231233
1681.098000,0.289213
1681.099000,0.233216
1681.100000,0.296125
1681.101000,0.176164
1681.102000,0.147912
1681.103000,0.108709
1681.104000,0.070483
1681.105000,0.227114
1681.106000,0.103579
1681.107000,0.270547
1681.108000,0.273098
1681.109000,0.346788
1681.110000,0.468145
1681.111000,0.592894
1681.112000,0.532754
1681.113000,0.381395
1681.114000,0.460708
1681.115000,0.406030
1681.116000,0.405010
1681.117000,0.363495
1681.118000,0.291304
1681.119000,0.176512
1681.120000,0.304927
1681.121000,0.212280
1681.122000,0.268939
1681.123000,0.311165
1681.124000,0.323457
1681.125000,0.369426
1681.126000,0.369207
1681.127000,0.189516
1681.128000,0.083806
1681.129000,0.049405
1681.130000,-0.048406
1681.131000,-0.089433
1681.132000,-0.266966
1681.133000,-0.165192
1681.134000,-0.186770
1681.135000,-0.175092
1681.136000,-0.138277
1681.137000,-0.280322
1681.138000,-0.320935
1681.139000,-0.303774
1681.140000,-0.301148
1681.141000,-0.410226
1681.142000,-0.410654
1681.143000,-0.540296
1681.144000,-0.524438
1681.145000,-0.576779
1681.146000,-0.512394
1681.147000,-0.262038
1681.148000,-0.320853
1681.149000,-0.268655
1681.150000,-0.338483
1681.151000,-0.293904
1681.152000,-0.404332
1681.153000,-0.444519
1681.154000,-0.505857
1681.155000,-0.502668
1681.156000,-0.355544
1681.157000,-0.408774
1681.158000,-0.629712
1681.159000,-0.823953
1681.160000,-0.693910
1681.161000,-0.744283
1681.162000,-0.716130
1681.163000,-0.697734
1681.164000,-0.899794
1681.165000,-0.967718
1681.166000,-0.932442
1681.167000,-1.077444
1681.168000,-1.119704
1681.169000,-1.047090
1681.170000,-0.972953
1681.171000,-0.798715
1681.172000,-0.681051
1681.173000,-0.676124
1681.174000,-0.811573
1681.175000,-0.893528
1681.176000,-0.929412
1681.177000,-0.937943
1681.178000,-1.006754
1681.179000,-0.974767
1681.180000,-0.890434
1681.181000,-0.898204
1681.182000,-0.793527
1681.183000,-0.744517
1681.184000,-0.650432
1681.185000,-0.667796
1681.186000,-0.597624
1681.187000,-0.456794
1681.188000,-0.555758
1681.189000,-0.592588
1681.190000,-0.620867
1681.191000,-0.615891
1681.192000,-0.506469
1681.193000,-0.663600
1681.194000,-0.621706
1681.195000,-0.556662
1681.196000,-0.806802
1681.197000,-0.819798
1681.198000,-0.461969
1681.199000,-0.421139
1681.200000,-0.422197
1681.201000,-0.400148
1681.202000,-0.335194
1681.203000,-0.272274
1681.204000,-0.172035
1681.205000,-0.044985
1681.206000,-0.078320
1681.207000,-0.234629
1681.208000,-0.052214
1681.209000,-0.093156
1681.210000,-0.165307
1681.211000,-0.222462
1681.212000,-0.132683
1681.213000,-0.093613
1681.214000,-0.025053
1681.215000,0.045291
1681.216000,0.059662
1681.217000,0.038499
1681.218000,-0.035930
1681.219000,-0.175808
1681.220000,-0.284889
1681.221000,-0.230363
1681.222000,-0.376476
1681.223000,-0.412051
1681.224000,-0.417513
1681.225000,-0.449409
1681.226000,-0.399475
1681.227000,-0.475312
1681.228000,-0.290346
1681.229000,-0.298545
1681.230000,-0.442563
1681.231000,-0.424487
1681.232000,-0.593482
1681.233000,-0.598473
1681.234000,-0.611856
1681.235000,-0.679543
1681.236000,-0.703571
1681.237000,-0.616715
1681.238000,-0.417414
1681.239000,-0.486484
1681.240000,-0.283213
1681.241000,-0.456797
1681.242000,-0.386998
1681.243000,-0.352520
1681.244000,-0.289018
1681.245000,-0.240631
1681.246000,-0.235134
1681.247000,-0.032803
1681.248000,0.018979
1681.249000,0.111255
1681.250000,-0.009036
1681.251000,-0.010614
1681.252000,0.097896
1681.253000,0.141027
1681.254000,0.182862
1681.255000,0.348317
1681.256000,0.441489
1681.257000,0.506593
1681.258000,0.461778
1681.259000,0.354344
1681.260000,0.249337
1681.261000,0.223208
1681.262000,0.279336
1681.263000,0.241817
1681.264000,0.191858
1681.265000,0.164730
1681.266000,0.147140
1681.267000,0.274906
1681.268000,0.236519
1681.269000,0.213795
1681.270000,0.172966
1681.271000,0.120257
1681.272000,0.125518
1681.273000,0.331303
1681.274000,0.447778
1681.275000,0.195712
1681.276000,0.203913
1681.277000,0.319369
1681.278000,0.180994
1681.279000,0.146812
1681.280000,-0.005587
1681.281000,0.283476
1681.282000,0.297274
1681.283000,0.570772
1681.284000,0.570107
1681.285000,0.570260
1681.286000,0.485507
1681.287000,0.398278
1681.288000,0.371427
1681.289000,0.289076
1681.290000,0.122873
1681.291000,0.079432
1681.292000,0.300220
1681.293000,0.322650
1681.294000,0.320129
1681.295000,0.340066
1681.296000,0.388499
1681.297000,0.330201
1681.298000,0.347106
1681.299000,0.413902
1681.300000,0.460289
1681.301000,0.505978
1681.302000,0.621142
1681.303000,0.598433
1681.304000,0.590599
1681.305000,0.529593
1681.306000,0.565516
1681.307000,0.633804
1681.308000,0.813264
1681.309000,0.896400
1681.310000,0.902806
1681.311000,0.946945
1681.312000,0.966857
1681.313000,0.904569
1681.314000,1.077182
1681.315000,1.091850
1681.316000,1.093120
1681.317000,1.162839
1681.318000,1.191127
1681.319000,1.159256
1681.320000,1.223591
1681.321000,1.288880
1681.322000,1.436987
1681.323000,1.069858
1681.324000,0.967381
1681.325000,0.846232
1681.326000,0.992309
1681.327000,0.823594
1681.328000,0.718323
1681.329000,0.590205
1681.330000,0.694302
1681.331000,0.712466
1681.332000,0.686372
1681.333000,0.566329
1681.334000,0.595576
1681.335000,0.454612
1681.336000,0.326134
1681.337000,0.125152
1681.338000,0.112302
1681.339000,0.066793
1681.340000,0.046484
1681.341000,-0.077550
1681.342000,-0.166479
1681.343000,0.004205
1681.344000,-0.040944
1681.345000,-0.214461
1681.346000,-0.101936
1681.347000,-0.424764
1681.348000,-0.382929
1681.349000,-0.304153
1681.350000,-0.208942
1681.351000,-0.215098
1681.352000,-0.283701
1681.353000,-0.346924
1681.354000,-0.332212
1681.355000,-0.273472
1681.356000,-0.273405
1681.357000,-0.288730
1681.358000,-0.127611
1681.359000,-0.055716
1681.360000,0.052163
1681.361000,0.038522
1681.362000,0.153178
1681.363000,0.096223
1681.364000,-0.040577
1681.365000,-0.006070
1681.366000,-0.036720
1681.367000,0.078718
1681.368000,0.086066
1681.369000,0.193968
1681.370000,0.100715
1681.371000,0.090032
1681.372000,0.180468
1681.373000,0.106212
1681.374000,0.267503
1681.375000,0.229910
1681.376000,0.290016
1681.377000,0.378988
1681.378000,0.180861
1681.379000,0.210713
1681.380000,0.176840
1681.381000,0.017912
1681.382000,-0.120832
1681.383000,-0.117464
1681.384000,-0.278514
1681.385000,-0.242951
1681.386000,-0.250446
1681.387000,-0.436799
1681.388000,-0.473347
1681.389000,-0.367307
1681.390000,-0.286622
1681.391000,-0.278393
1681.392000,-0.262442
1681.393000,-0.263728
1681.394000,-0.227653
1681.395000,-0.121382
1681.396000,-0.256133
1681.397000,-0.310678
1681.398000,-0.265348
1681.399000,-0.362494
1681.400000,-0.431843
1681.401000,-0.297911
1681.402000,-0.263187
1681.403000,-0.273262
1681.404000,-0.196599
1681.405000,-0.299589
1681.406000,-0.302720
1681.407000,-0.321116
1681.408000,-0.287760
1681.409000,-0.339943
1681.410000,-0.363562
1681.411000,-0.352275
1681.412000,-0.420802
1681.413000,-0.271030
1681.414000,-0.304810
1681.415000,-0.319046
1681.416000,-0.254423
1681.417000,-0.395913
1681.418000,-0.297187
1681.419000,-0.242563
1681.420000,-0.190872
1681.421000,-0.145408
1681.422000,-0.126963
1681.423000,-0.152172
1681.424000,-0.207511
1681.425000,-0.338886
1681.426000,-0.261329
1681.427000,-0.183027
1681.428000,-0.081505
1681.429000,-0.404746
1681.430000,-0.342161
1681.431000,-0.396605
1681.432000,-0.359786
1681.433000,-0.268535
1681.434000,-0.328806
1681.435000,-0.323980
1681.436000,-0.247121
1681.437000,-0.290971
1681.438000,-0.244015
1681.439000,-0.096289
1681.440000,-0.035536
1681.441000,0.050346
1681.442000,0.110800
1681.443000,0.077621
1681.444000,0.134751
1681.445000,0.212175
1681.446000,0.083329
1681.447000,0.134822
1681.448000,-0.007232
1681.449000,-0.005273
1681.450000,-0.111748
1681.451000,-0.064125
1681.452000,-0.001034
1681.453000,0.178889
1681.454000,0.102163
1681.455000,-0.014000
1681.456000,-0.025577
1681.457000,0.200361
1681.458000,0.271957
1681.459000,0.199302
1681.460000,0.342065
1681.461000,0.684874
1681.462000,0.712744
1681.463000,0.662780
1681.464000,0.658870
1681.465000,0.723615
1681.466000,0.897781
1681.467000,0.860466
1681.468000,0.826706
1681.469000,0.882002
1681.470000,0.758990
1681.471000,0.634663
1681.472000,0.494145
1681.473000,0.709915
1681.474000,0.743943
1681.475000,0.918913
1681.476000,1.112528
1681.477000,1.162323
1681.478000,1.120329
1681.479000,1.040300
1681.480000,1.084727
1681.481000,1.114379
1681.482000,1.183148
1681.483000,1.204169
1681.484000,1.294952
1681.485000,1.214222
1681.486000,1.305137
1681.487000,1.165654
1681.488000,1.153491
1681.489000,1.128240
1681.490000,1.296339
1681.491000,1.186479
1681.492000,1.099237
1681.493000,0.904781
1681.494000,0.731099
1681.495000,0.586024
1681.496000,0.541964
1681.497000,0.382638
1681.498000,0.385800
1681.499000,0.329575
1681.500000,0.305512
1681.501000,0.192513
1681.502000,0.192040
1681.503000,0.162153
1681.504000,0.127483
1681.505000,0.268780
1681.506000,0.291668
1681.507000,0.281029
1681.508000,0.398794
1681.509000,0.390284
1681.510000,0.333027
1681.511000,0.421765
1681.512000,0.291268
1681.513000,0.342754
1681.514000,0.340056
1681.515000,0.327635
1681.516000,0.494555
1681.517000,0.727669
1681.518000,0.642430
1681.519000,0.726048
1681.520000,0.787275
1681.521000,0.945560
1681.522000,1.071812
1681.523000,1.028598
1681.524000,1.041079
1681.525000,1.141647
1681.526000,1.078682
1681.527000,0.939729
1681.528000,1.040147
1681.529000,1.144695
1681.530000,1.181279
1681.531000,1.301888
1681.532000,1.307472
1681.533000,1.499019
1681.534000,1.601985
1681.535000,1.582808
1681.536000,1.530181
1681.537000,1.532394
1681.538000,1.474138
1681.539000,1.448507
1681.540000,1.388003
1681.541000,1.263761
1681.542000,1.176932
1681.543000,0.999114
1681.544000,0.838035
1681.545000,0.757458
1681.546000,0.797226
1681.547000,0.704453
1681.548000,0.556864
1681.549000,0.488421
1681.550000,0.464728
1681.551000,0.459526
1681.552000,0.281890
1681.553000,0.201741
1681.554000,0.115101
1681.555000,0.110415
1681.556000,0.194995
1681.557000,0.362563
1681.558000,0.333508
1681.559000,0.356339
1681.560000,0.417934
1681.561000,0.417455
1681.562000,0.578568
1681.563000,0.587220
1681.564000,0.525583
1681.565000,0.529323
1681.566000,0.614888
1681.567000,0.516386
1681.568000,0.607450
1681.569000,0.722475
1681.570000,0.859347
1681.571000,0.908906
1681.572000,0.826356
1681.573000,0.916941
1681.574000,0.963360
1681.575000,1.002907
1681.576000,0.814706
1681.577000,0.867828
1681.578000,0.759694
1681.579000,0.640480
1681.580000,0.650961
1681.581000,0.699602
1681.582000,0.678831
1681.583000,0.611146
1681.584000,0.699088
1681.585000,0.672337
1681.586000,0.593606
1681.587000,0.493537
1681.588000,0.422648
1681.589000,0.338374
1681.590000,0.269534
1681.591000,0.396965
1681.592000,0.206133
1681.593000,0.199291
1681.594000,0.073003
1681.595000,0.056659
1681.596000,0.030716
1681.597000,-0.102989
1681.598000,-0.116429
1681.599000,-0.143727
1681.600000,-0.012011
1681.601000,0.033475
1681.602000,0.072567
1681.603000,0.116141
1681.604000,0.009747
1681.605000,0.076318
1681.606000,0.213429
1681.607000,0.341243
1681.608000,0.199608
1681.609000,0.107551
1681.610000,-0.037555
1681.611000,0.214001
1681.612000,0.060279
1681.613000,-0.022705
1681.614000,0.111121
1681.615000,-0.118419
1681.616000,-0.172660
1681.617000,-0.438537
1681.618000,-0.271573
1681.619000,-0.532547
1681.620000,-0.522766
1681.621000,-0.657598
1681.622000,-0.526954
1681.623000,-0.545590
1681.624000,-0.336259
1681.625000,-0.493801
1681.626000,-0.460739
1681.627000,-0.657356
1681.628000,-0.711297
1681.629000,-0.759924
1681.630000,-0.933655
1681.631000,-1.125721
1681.632000,-1.268831
1681.633000,-1.508826
1681.634000,-1.541943
1681.635000,-1.450549
1681.636000,-1.456384
1681.637000,-1.507681
1681.638000,-1.571723
1681.639000,-1.872301
1681.640000,-1.787043
1681.641000,-1.620816
1681.642000,-1.742933
1681.643000,-1.724958
1681.644000,-1.685033
1681.645000,-1.656520
1681.646000,-1.698808
1681.647000,-1.788128
1681.648000,-1.769401
1681.649000,-1.872920
1681.650000,-1.803761
1681.651000,-1.874356
1681.652000,-1.869812
1681.653000,-1.796356
1681.654000,-1.867669
1681.655000,-1.781028
1681.656000,-1.805251
1681.657000,-1.885720
1681.658000,-1.774682
1681.659000,-1.797631
1681.660000,-1.908462
1681.661000,-1.742622
1681.662000,-1.833537
1681.663000,-1.750906
1681.664000,-1.672494
1681.665000,-1.587234
1681.666000,-1.617802
1681.667000,-1.839123
1681.668000,-1.694700
1681.669000,-1.567617
1681.670000,-1.541752
1681.671000,-1.591738
1681.672000,-1.655096
1681.673000,-1.452334
1681.674000,-1.345320
1681.675000,-1.388546
1681.676000,-1.347465
1681.677000,-1.235761
1681.678000,-1.311941
1681.679000,-1.224626
1681.680000,-1.312582
1681.681000,-1.274902
1681.682000,-1.198290
1681.683000,-1.287112
1681.684000,-1.396020
1681.685000,-1.356858
1681.686000,-1.163212
1681.687000,-1.284004
1681.688000,-1.249250
1681.689000,-1.309760
1681.690000,-1.379907
1681.691000,-1.375693
1681.692000,-1.319856
1681.693000,-1.136551
1681.694000,-0.988167
1681.695000,-0.754400
1681.696000,-0.752576
1681.697000,-0.785306
1681.698000,-0.727938
1681.699000,-0.598266
1681.700000,-0.379621
1681.701000,-0.171040
1681.702000,-0.092197
1681.703000,-0.047401
1681.704000,0.156226
1681.705000,0.170418
1681.706000,0.133374
1681.707000,0.146851
1681.708000,0.075826
1681.709000,-0.212435
1681.710000,-0.283150
1681.711000,-0.299988
1681.712000,-0.224270
1681.713000,-0.171739
1681.714000,-0.123928
1681.715000,-0.096050
1681.716000,-0.248699
1681.717000,-0.359825
1681.718000,-0.275120
1681.719000,-0.397340
1681.720000,-0.582535
1681.721000,-0.548875
1681.722000,-0.498918
1681.723000,-0.561661
1681.724000,-0.451744
1681.725000,-0.539195
1681.726000,-0.496064
1681.727000,-0.316754
1681.728000,-0.316064
1681.729000,-0.632116
1681.730000,-0.769683
1681.731000,-0.834462
1681.732000,-0.661238
1681.733000,-0.520109
1681.734000,-0.466979
1681.735000,-0.223556
1681.736000,-0.151622
1681.737000,-0.213588
1681.738000,-0.096785
1681.739000,-0.201480
1681.740000,0.047338
1681.741000,0.066776
1681.742000,-0.041712
1681.743000,-0.290345
1681.744000,-0.190578
1681.745000,-0.220809
1681.746000,-0.187132
1681.747000,-0.139138
1681.748000,-0.071091
1681.749000,-0.070255
1681.750000,-0.045231
1681.751000,0.011957
1681.752000,0.094453
1681.753000,0.383659
1681.754000,0.200274
1681.755000,-0.003798
1681.756000,-0.154699
1681.757000,0.110410
1681.758000,0.192672
1681.759000,0.118229
1681.760000,0.060275
1681.761000,0.224728
1681.762000,0.313199
1681.763000,0.041338
1681.764000,-0.054862
1681.765000,-0.026955
1681.766000,-0.064256
1681.767000,0.026942
1681.768000,-0.057436
1681.769000,0.144232
1681.770000,0.165520
1681.771000,0.234103
1681.772000,0.404015
1681.773000,0.403123
1681.774000,0.363698
1681.775000,0.453203
1681.776000,0.590278
1681.777000,0.614892
1681.778000,0.513955
1681.779000,0.641107
1681.780000,0.637853
1681.781000,0.612993
1681.782000,0.712395
1681.783000,0.548178
1681.784000,0.655033
1681.785000,0.565831
1681.786000,0.505506
1681.787000,0.650575
1681.788000,0.644572
1681.789000,0.711438
1681.790000,0.406005
1681.791000,0.465847
1681.792000,0.262976
1681.793000,0.297540
1681.794000,0.349745
1681.795000,0.260319
1681.796000,0.231217
1681.797000,0.144862
1681.798000,0.424982
1681.799000,0.539582
1681.800000,0.516029
1681.801000,0.358212
1681.802000,0.355939
1681.803000,0.365983
1681.804000,0.302199
1681.805000,0.223206
1681.806000,0.109660
1681.807000,0.129262
1681.808000,0.019125
1681.809000,0.052262
1681.810000,0.161594
1681.811000,0.208935
1681.812000,0.288284
1681.813000,0.240247
1681.814000,0.378397
1681.815000,0.523449
1681.816000,0.495205
1681.817000,0.505309
1681.818000,0.610078
1681.819000,0.415434
1681.820000,0.450079
1681.821000,0.438917
1681.822000,0.494668
1681.823000,0.686403
1681.824000,0.682785
1681.825000,0.619550
1681.826000,0.696340
1681.827000,0.706129
1681.828000,0.464508
1681.829000,0.681141
1681.830000,0.625242
1681.831000,0.714432
1681.832000,0.750039
1681.833000,0.810657
1681.834000,0.530201
1681.835000,0.386802
1681.836000,0.398307
1681.837000,0.144963
1681.838000,0.349136
1681.839000,0.534204
1681.840000,0.412706
1681.841000,0.384317
1681.842000,0.517363
1681.843000,0.417460
1681.844000,0.614196
1681.845000,0.487604
1681.846000,0.561442
1681.847000,0.713084
1681.848000,0.663714
1681.849000,0.765661
1681.850000,0.839249
1681.851000,0.750912
1681.852000,0.670248
1681.853000,0.770947
1681.854000,0.944784
1681.855000,0.902468
1681.856000,0.807090
1681.857000,0.863370
1681.858000,0.805304
1681.859000,0.773561
1681.860000,0.625559
1681.861000,0.674748
1681.862000,0.726329
1681.863000,0.680393
1681.864000,0.610606
1681.865000,0.559963
1681.866000,0.522025
1681.867000,0.536738
1681.868000,0.553189
1681.869000,0.614996
1681.870000,0.571359
1681.871000,0.611581
1681.872000,0.621709
1681.873000,0.445858
1681.874000,0.341144
1681.875000,0.353093
1681.876000,0.522366
1681.877000,0.502719
1681.878000,0.403100
1681.879000,0.381808
1681.880000,0.294716
1681.881000,0.368620
1681.882000,0.277419
1681.883000,0.252735
1681.884000,0.417968
1681.885000,0.444903
1681.886000,0.413462
1681.887000,0.445596
1681.888000,0.356786
1681.889000,0.299138
1681.890000,0.305419
1681.891000,0.333970
1681.892000,0.440443
1681.893000,0.365037
1681.894000,0.326575
1681.895000,0.407163
1681.896000,0.344791
1681.897000,0.302488
1681.898000,0.116586
1681.899000,-0.055396
1681.900000,-0.157153
1681.901000,-0.048879
1681.902000,-0.000625
1681.903000,-0.170436
1681.904000,-0.197849
1681.905000,-0.054301
1681.906000,0.101025
1681.907000,0.235677
1681.908000,0.138415
1681.909000,0.059233
1681.910000,0.140946
1681.911000,0.215625
1681.912000,0.365117
1681.913000,0.280731
1681.914000,0.385856
1681.915000,0.415740
1681.916000,0.435145
1681.917000,0.399689
1681.918000,0.440941
1681.919000,0.411153
1681.920000,0.345678
1681.921000,0.521198
1681.922000,0.516639
1681.923000,0.415497
1681.924000,0.524859
1681.925000,0.415105
1681.926000,0.513943
1681.927000,0.724216
1681.928000,0.638831
1681.929000,0.881163
1681.930000,0.836363
1681.931000,1.139555
1681.932000,1.056781
1681.933000,0.920650
1681.934000,0.965263
1681.935000,0.885767
1681.936000,0.958104
1681.937000,1.090972
1681.938000,1.199799
1681.939000,1.183410
1681.940000,1.281164
1681.941000,1.534399
1681.942000,1.625956
1681.943000,1.483181
1681.944000,1.195164
1681.945000,0.927750
1681.946000,0.816912
1681.947000,0.768642
1681.948000,0.800142
1681.949000,0.769452
1681.950000,0.681164
1681.951000,0.574962
1681.952000,0.619880
1681.953000,0.578222
1681.954000,0.516487
1681.955000,0.387093
1681.956000,0.375305
1681.957000,0.346175
1681.958000,0.431737
1681.959000,0.634179
1681.960000,0.434996
1681.961000,0.448417
1681.962000,0.464977
1681.963000,0.496487
1681.964000,0.445737
1681.965000,0.415745
1681.966000,0.464308
1681.967000,0.287897
1681.968000,0.498956
1681.969000,0.523919
1681.970000,0.356920
1681.971000,0.223442
1681.972000,0.135143
1681.973000,-0.014221
1681.974000,-0.053288
1681.975000,-0.249091
1681.976000,-0.159979
1681.977000,-0.240588
1681.978000,-0.060563
1681.979000,-0.017371
1681.980000,0.146406
1681.981000,0.209746
1681.982000,0.199725
1681.983000,0.148274
1681.984000,0.069808
1681.985000,0.069506
1681.986000,0.187577
1681.987000,0.020252
1681.988000,0.046884
1681.989000,-0.031389
1681.990000,-0.000743
1681.991000,-0.037661
1681.992000,-0.373595
1681.993000,-0.359740
1681.994000,-0.358616
1681.995000,-0.389001
1681.996000,-0.413672
1681.997000,-0.359590
1681.998000,-0.114027
1681.999000,0.005548
1682.000000,0.092870
1682.001000,0.125649
1682.002000,0.017833
1682.003000,-0.025054
1682.004000,-0.111223
1682.005000,-0.226948
1682.006000,-0.323032
1682.007000,-0.490683
1682.008000,-0.549801
1682.009000,-0.553828
1682.010000,-0.799767
1682.011000,-0.737528
1682.012000,-0.601776
1682.013000,-0.602764
1682.014000,-0.613730
1682.015000,-0.838640
1682.016000,-0.756150
1682.017000,-0.740288
1682.018000,-0.767064
1682.019000,-0.633753
1682.020000,-0.543050
1682.021000,-0.692237
1682.022000,-0.597271
1682.023000,-0.867636
1682.024000,-0.823240
1682.025000,-0.875708
1682.026000,-0.843491
1682.027000,-0.957154
1682.028000,-0.948548
1682.029000,-0.864576
1682.030000,-0.799785
1682.031000,-0.719426
1682.032000,-0.675097
1682.033000,-0.690731
1682.034000,-0.766084
1682.035000,-0.624617
1682.036000,-0.450704
1682.037000,-0.367022
1682.038000,-0.327963
1682.039000,-0.494552
1682.040000,-0.464515
1682.041000,-0.351373
1682.042000,-0.344215
1682.043000,-0.343458
1682.044000,-0.466433
1682.045000,-0.412515
1682.046000,-0.279345
1682.047000,-0.163137
1682.048000,-0.174290
1682.049000,-0.138113
1682.050000,-0.403411
1682.051000,-0.452875
1682.052000,-0.437484
1682.053000,-0.564343
1682.054000,-0.523612
1682.055000,-0.684990
1682.056000,-0.670309
1682.057000,-0.702068
1682.058000,-0.839196
1682.059000,-0.868497
1682.060000,-0.840617
1682.061000,-0.655881
1682.062000,-0.579762
1682.063000,-0.740220
1682.064000,-0.797683
1682.065000,-0.745331
1682.066000,-0.781713
1682.067000,-0.860207
1682.068000,-1.102321
1682.069000,-0.984417
1682.070000,-0.970949
1682.071000,-0.993905
1682.072000,-0.951848
1682.073000,-0.867757
1682.074000,-0.922509
1682.075000,-0.782339
1682.076000,-0.833635
1682.077000,-0.923891
1682.078000,-0.866288
1682.079000,-0.826916
1682.080000,-0.718642
1682.081000,-0.801042
1682.082000,-0.808811
1682.083000,-0.685442
1682.084000,-0.472060
1682.085000,-0.436487
1682.086000,-0.181398
1682.087000,-0.235046
1682.088000,-0.267352
1682.089000,-0.234053
1682.090000,-0.028297
1682.091000,-0.093224
1682.092000,-0.155497
1682.093000,-0.119359
1682.094000,-0.031744
1682.095000,-0.229982
1682.096000,-0.119396
1682.097000,-0.090783
1682.098000,-0.071840
1682.099000,0.151563
1682.100000,0.361001
1682.101000,0.260547
1682.102000,0.193652
1682.103000,0.286681
1682.104000,0.279763
1682.105000,0.259192
1682.106000,0.365499
1682.107000,0.385597
1682.108000,0.368463
1682.109000,0.242964
1682.110000,0.294767
1682.111000,0.441016
1682.112000,0.590419
1682.113000,0.580760
1682.114000,0.584599
1682.115000,0.568968
1682.116000,0.626496
1682.117000,0.600824
1682.118000,0.548412
1682.119000,0.573284
1682.120000,0.631286
1682.121000,0.590193
1682.122000,0.940633
1682.123000,0.938297
1682.124000,0.881495
1682.125000,0.849251
1682.126000,0.872497
1682.127000,0.900869
1682.128000,0.745621
1682.129000,0.745408
1682.130000,0.870755
1682.131000,0.908875
1682.132000,0.725234
1682.133000,0.744665
1682.134000,0.748538
1682.135000,0.683779
1682.136000,0.709554
1682.137000,0.718073
1682.138000,1.019897
1682.139000,1.189049
1682.140000,1.241398
1682.141000,1.285566
1682.142000,1.239236
1682.143000,1.158813
1682.144000,1.166380
1682.145000,1.107127
1682.146000,1.022467
1682.147000,1.038444
1682.148000,0.809482
1682.149000,0.845243
1682.150000,0.855847
1682.151000,0.816763
1682.152000,0.848028
1682.153000,0.907471
1682.154000,0.883833
1682.155000,0.830225
1682.156000,0.664823
1682.157000,0.607190
1682.158000,0.509212
1682.159000,0.639098
1682.160000,0.531127
1682.161000,0.419422
1682.162000,0.439865
1682.163000,0.452011
1682.164000,0.400597
1682.165000,0.134578
1682.166000,0.125135
1682.167000,0.208388
1682.168000,0.244586
1682.169000,0.213732
1682.170000,0.210843
1682.171000,0.191325
1682.172000,0.031018
1682.173000,0.165528
1682.174000,0.208382
1682.175000,0.057219
1682.176000,0.257924
1682.177000,0.220641
1682.178000,-0.017022
1682.179000,0.010919
1682.180000,0.084632
1682.181000,0.123741
1682.182000,0.157602
1682.183000,0.205869
1682.184000,0.208437
1682.185000,0.301239
1682.186000,0.526076
1682.187000,0.483057
1682.188000,0.398421
1682.189000,0.394408
1682.190000,0.294269
1682.191000,0.348839
1682.192000,0.324726
1682.193000,0.275654
1682.194000,0.139020
1682.195000,0.190217
1682.196000,0.166529
1682.197000,0.110137
1682.198000,0.167275
1682.199000,0.308164
1682.200000,0.263852
1682.201000,0.099227
1682.202000,0.210847
1682.203000,0.124627
1682.204000,0.247124
1682.205000,0.163304
1682.206000,0.311689
1682.207000,0.318874
1682.208000,0.413822
1682.209000,0.338637
1682.210000,0.215883
1682.211000,0.273694
1682.212000,0.178591
1682.213000,0.300676
1682.214000,0.185444
1682.215000,0.148562
1682.216000,0.289758
1682.217000,0.283870
1682.218000,0.150406
1682.219000,0.029248
1682.220000,-0.003909
1682.221000,0.061247
1682.222000,-0.166070
1682.223000,-0.132117
1682.224000,-0.111117
1682.225000,-0.071404
1682.226000,0.178746
1682.227000,0.174252
1682.228000,0.153573
1682.229000,0.079742
1682.230000,-0.022534
1682.231000,-0.062595
1682.232000,-0.238543
1682.233000,-0.110764
1682.234000,-0.127351
1682.235000,-0.090273
1682.236000,-0.135881
1682.237000,-0.252223
1682.238000,-0.267155
1682.239000,-0.382282
1682.240000,-0.454483
1682.241000,-0.448157
1682.242000,-0.549910
1682.243000,-0.575371
1682.244000,-0.471899
1682.245000,-0.550272
1682.246000,-0.465608
1682.247000,-0.276720
1682.248000,-0.443139
1682.249000,-0.421450
1682.250000,-0.427020
1682.251000,-0.601031
1682.252000,-0.613830
1682.253000,-0.524729
1682.254000,-0.482024
1682.255000,-0.561090
1682.256000,-0.553367
1682.257000,-0.613279
1682.258000,-0.685745
1682.259000,-0.873861
1682.260000,-0.839122
1682.261000,-0.775760
1682.262000,-0.781109
1682.263000,-0.799526
1682.264000,-0.857872
1682.265000,-0.933605
1682.266000,-0.956872
1682.267000,-0.922884
1682.268000,-0.964610
1682.269000,-1.026481
1682.270000,-1.045531
1682.271000,-0.956964
1682.272000,-0.951139
1682.273000,-0.949694
1682.274000,-0.894082
1682.275000,-0.887990
1682.276000,-0.931213
1682.277000,-0.928658
1682.278000,-1.039240
1682.279000,-0.999451
1682.280000,-1.010686
1682.281000,-0.945940
1682.282000,-0.851421
1682.283000,-0.852287
1682.284000,-0.780953
1682.285000,-0.888264
1682.286000,-1.038988
1682.287000,-1.048784
1682.288000,-1.051347
1682.289000,-0.901890
1682.290000,-0.969316
1682.291000,-0.774075
1682.292000,-0.773990
1682.293000,-0.784559
1682.294000,-0.800207
1682.295000,-0.701805
1682.296000,-0.782133
1682.297000,-0.875647
1682.298000,-0.737562
1682.299000,-0.828953
1682.300000,-0.879222
1682.301000,-1.070875
1682.302000,-0.980088
1682.303000,-0.774308
1682.304000,-0.802617
1682.305000,-0.922919
1682.306000,-0.859837
1682.307000,-0.702707
1682.308000,-0.645694
1682.309000,-0.614135
1682.310000,-0.552659
1682.311000,-0.620707
1682.312000,-0.527245
1682.313000,-0.530601
1682.314000,-0.278574
1682.315000,-0.436080
1682.316000,-0.511858
1682.317000,-0.481952
1682.318000,-0.416951
1682.319000,-0.355971
1682.320000,-0.257235
1682.321000,-0.297110
1682.322000,-0.123349
1682.323000,-0.049873
1682.324000,-0.037129
1682.325000,-0.077014
1682.326000,-0.147765
1682.327000,-0.074319
1682.328000,-0.166173
1682.329000,-0.127807
1682.330000,-0.108815
1682.331000,-0.161005
1682.332000,-0.025890
1682.333000,-0.157291
1682.334000,-0.050277
1682.335000,0.077099
1682.336000,0.181118
1682.337000,0.155911
1682.338000,0.274818
1682.339000,0.292207
1682.340000,0.438009
1682.341000,0.456160
1682.342000,0.409391
1682.343000,0.529085
1682.344000,0.545454
1682.345000,0.328442
1682.346000,0.227330
1682.347000,0.234203
1682.348000,0.144922
1682.349000,0.055443
1682.350000,0.005141
1682.351000,-0.009713
1682.352000,0.040251
1682.353000,0.040357
1682.354000,0.207919
1682.355000,0.444036
1682.356000,0.632329
1682.357000,0.599559
1682.358000,0.588873
1682.359000,0.423859
1682.360000,0.466053
1682.361000,0.478133
1682.362000,0.364909
1682.363000,0.470121
1682.364000,0.522620
1682.365000,0.498938
1682.366000,0.449069
1682.367000,0.455727
1682.368000,0.444160
1682.369000,0.629688
1682.370000,0.647869
1682.371000,0.643682
1682.372000,0.585409
1682.373000,0.506359
1682.374000,0.615490
1682.375000,0.655368
1682.376000,0.673364
1682.377000,0.671016
1682.378000,0.808775
1682.379000,0.797649
1682.380000,1.032445
1682.381000,1.214317
1682.382000,1.255112
1682.383000,1.061737
1682.384000,0.970367
1682.385000,1.039058
1682.386000,1.007032
1682.387000,0.926863
1682.388000,1.019325
1682.389000,0.964598
1682.390000,0.786908
1682.391000,0.905845
1682.392000,0.995758
1682.393000,1.135569
1682.394000,1.100060
1682.395000,0.949614
1682.396000,0.921259
1682.397000,0.822837
1682.398000,0.656827
1682.399000,0.556821
1682.400000,0.388134
1682.401000,0.319653
1682.402000,0.324850
1682.403000,0.208394
1682.404000,0.143618
1682.405000,0.099370
1682.406000,0.085901
1682.407000,0.067291
1682.408000,0.043440
1682.409000,-0.053523
1682.410000,0.145567
1682.411000,0.129247
1682.412000,0.211016
1682.413000,0.193345
1682.414000,0.381610
1682.415000,0.256693
1682.416000,0.159038
1682.417000,0.121386
1682.418000,0.146733
1682.419000,0.051697
1682.420000,-0.100361
1682.421000,-0.201743
1682.422000,-0.214201
1682.423000,-0.171365
1682.424000,-0.192395
1682.425000,-0.308344
1682.426000,-0.306206
1682.427000,-0.480107
1682.428000,-0.289322
1682.429000,-0.477589
1682.430000,-0.321054
1682.431000,-0.151759
1682.432000,-0.224301
1682.433000,-0.198129
1682.434000,-0.316654
1682.435000,-0.397278
1682.436000,-0.223565
1682.437000,-0.255499
1682.438000,-0.291022
1682.439000,-0.357454
1682.440000,-0.366997
1682.441000,-0.427356
1682.442000,-0.528912
1682.443000,-0.660679
1682.444000,-0.601539
1682.445000,-0.560656
1682.446000,-0.553996
1682.447000,-0.606747
1682.448000,-0.564234
1682.449000,-0.393197
1682.450000,-0.424575
1682.451000,-0.325165
1682.452000,-0.159796
1682.453000,-0.327899
1682.454000,-0.338958
1682.455000,-0.288032
1682.456000,-0.106095
1682.457000,-0.156350
1682.458000,-0.023653
1682.459000,0.107385
1682.460000,0.080369
1682.461000,0.069447
1682.462000,0.159423
1682.463000,0.074717
1682.464000,0.006993
1682.465000,-0.075024
1682.466000,-0.096875
1682.467000,-0.079114
1682.468000,-0.112830
1682.469000,-0.095066
1682.470000,-0.077407
1682.471000,-0.013604
1682.472000,0.033444
1682.473000,-0.063461
1682.474000,-0.078202
1682.475000,-0.216248
1682.476000,-0.319473
1682.477000,-0.316787
1682.478000,-0.512518
1682.479000,-0.568213
1682.480000,-0.585187
1682.481000,-0.563170
1682.482000,-0.650281
1682.483000,-0.657170
1682.484000,-0.472544
1682.485000,-0.480572
1682.486000,-0.411901
1682.487000,-0.464407
1682.488000,-0.510033
1682.489000,-0.195791
1682.490000,-0.314187
1682.491000,-0.274881
1682.492000,-0.304884
1682.493000,-0.219821
1682.494000,-0.098816
1682.495000,-0.101088
1682.496000,-0.138833
1682.497000,-0.168372
1682.498000,-0.280406
1682.499000,-0.254745
1682.500000,-0.223056
1682.501000,-0.290884
1682.502000,-0.163788
1682.503000,-0.138820
1682.504000,-0.090662
1682.505000,0.008810
1682.506000,-0.164692
1682.507000,-0.356292
1682.508000,-0.375257
1682.509000,-0.469424
1682.510000,-0.383608
1682.511000,-0.483861
1682.512000,-0.477379
1682.513000,-0.469026
1682.514000,-0.315864
1682.515000,-0.076522
1682.516000,0.070631
1682.517000,0.104674
1682.518000,0.031539
1682.519000,0.130312
1682.520000,0.253822
1682.521000,0.112388
1682.522000,0.099015
1682.523000,0.125267
1682.524000,0.031317
1682.525000,0.176824
1682.526000,0.130256
1682.527000,0.194746
1682.528000,0.288201
1682.529000,0.262017
1682.530000,0.213467
1682.531000,0.402772
1682.532000,0.392006
1682.533000,0.408212
1682.534000,0.256644
1682.535000,0.494166
1682.536000,0.560489
1682.537000,0.437181
1682.538000,0.396269
1682.539000,0.256781
1682.540000,0.281937
1682.541000,0.216190
1682.542000,0.199850
1682.543000,0.221016
1682.544000,0.225016
1682.545000,0.091982
1682.546000,0.094768
1682.547000,0.221249
1682.548000,0.096154
1682.549000,0.299270
1682.550000,0.284904
1682.551000,0.078114
1682.552000,0.153717
1682.553000,0.019667
1682.554000,0.128061
1682.555000,0.146945
1682.556000,0.104143
1682.557000,-0.024039
1682.558000,0.169524
1682.559000,0.093718
1682.560000,0.099522
1682.561000,0.092684
1682.562000,0.040279
1682.563000,-0.006428
1682.564000,-0.038767
1682.565000,0.030904
1682.566000,-0.146204
1682.567000,-0.126969
1682.568000,-0.229335
1682.569000,-0.267080
1682.570000,-0.311595
1682.571000,-0.198335
1682.572000,-0.267268
1682.573000,-0.397712
1682.574000,-0.455165
1682.575000,-0.544401
1682.576000,-0.674167
1682.577000,-0.814429
1682.578000,-0.793694
1682.579000,-0.744705
1682.580000,-0.827592
1682.581000,-0.835179
1682.582000,-1.134162
1682.583000,-1.149522
1682.584000,-1.184830
1682.585000,-1.341562
1682.586000,-1.207428
1682.587000,-1.148647
1682.588000,-1.068692
1682.589000,-1.073825
1682.590000,-0.981974
1682.591000,-0.791021
1682.592000,-0.644042
1682.593000,-0.716196
1682.594000,-0.502380
1682.595000,-0.504642
1682.596000,-0.490052
1682.597000,-0.526280
1682.598000,-0.386665
1682.599000,-0.453630
1682.600000,-0.371892
1682.601000,-0.291250
1682.602000,-0.189719
1682.603000,-0.208854
1682.604000,-0.234683
1682.605000,-0.340435
1682.606000,-0.200142
1682.607000,-0.185124
1682.608000,-0.236801
1682.609000,-0.493954
1682.610000,-0.469839
1682.611000,-0.428957
1682.612000,-0.513890
1682.613000,-0.689735
1682.614000,-0.535080
1682.615000,-0.441632
1682.616000,-0.362831
1682.617000,-0.295253
1682.618000,-0.294128
1682.619000,-0.361646
1682.620000,-0.277017
1682.621000,-0.377426
1682.622000,-0.414645
1682.623000,-0.349176
1682.624000,-0.243658
1682.625000,-0.237440
1682.626000,-0.360488
1682.627000,-0.337135
1682.628000,-0.382198
1682.629000,-0.328847
1682.630000,-0.128923
1682.631000,-0.015618
1682.632000,0.052615
1682.633000,0.142705
1682.634000,0.230997
1682.635000,0.245639
1682.636000,0.346815
1682.637000,0.219024
1682.638000,0.190441
1682.639000,0.106186
1682.640000,0.179304
1682.641000,-0.024245
1682.642000,0.080863
1682.643000,0.259160
1682.644000,0.091318
1682.645000,0.051222
1682.646000,0.151695
1682.647000,0.213815
1682.648000,0.290581
1682.649000,0.396366
1682.650000,0.434158
1682.651000,0.497958
1682.652000,0.475547
1682.653000,0.635043
1682.654000,0.635901
1682.655000,0.470532
1682.656000,0.555688
1682.657000,0.750650
1682.658000,0.812555
1682.659000,0.783618
1682.660000,0.877437
1682.661000,0.958971
1682.662000,1.100905
1682.663000,1.116983
1682.664000,1.090441
1682.665000,0.996922
1682.666000,0.977946
1682.667000,1.073487
1682.668000,1.153632
1682.669000,1.212450
1682.670000,1.165633
1682.671000,1.113418
1682.672000,1.012664
1682.673000,1.031386
1682.674000,1.222919
1682.675000,1.328841
1682.676000,1.128299
1682.677000,1.179310
1682.678000,1.216488
1682.679000,1.250730
1682.680000,1.161501
1682.681000,0.996678
1682.682000,1.114404
1682.683000,1.043657
1682.684000,1.083129
1682.685000,1.134582
1682.686000,1.012149
1682.687000,1.069159
1682.688000,0.932378
1682.689000,0.799442
1682.690000,0.875629
1682.691000,0.840594
1682.692000,0.920560
1682.693000,0.668741
1682.694000,0.566462
1682.695000,0.553617
1682.696000,0.424192
1682.697000,0.430294
1682.698000,0.341366
1682.699000,0.337452
1682.700000,0.436306
1682.701000,0.521403
1682.702000,0.445146
1682.703000,0.505930
1682.704000,0.449136
1682.705000,0.523014
1682.706000,0.579501
1682.707000,0.482373
1682.708000,0.573683
1682.709000,0.605161
1682.710000,0.577533
1682.711000,0.534178
1682.712000,0.659582
1682.713000,0.706364
1682.714000,0.823300
1682.715000,1.013562
1682.716000,0.873306
1682.717000,0.856458
1682.718000,1.014605
1682.719000,1.047873
1682.720000,0.965695
1682.721000,1.165915
1682.722000,1.050480
1682.723000,1.000825
1682.724000,1.072185
1682.725000,0.698308
1682.726000,0.631372
1682.727000,0.769165
1682.728000,0.819910
1682.729000,0.673457
1682.730000,0.616917
1682.731000,0.464284
1682.732000,0.393589
1682.733000,0.256745
1682.734000,0.172839
1682.735000,0.297803
1682.736000,0.200843
1682.737000,0.179190
1682.738000,0.214649
1682.739000,0.122692
1682.740000,0.178078
1682.741000,0.150883
1682.742000,0.114952
1682.743000,-0.087845
1682.744000,-0.081736
1682.745000,-0.104078
1682.746000,0.050827
1682.747000,0.011365
1682.748000,0.077865
1682.749000,0.027878
1682.750000,0.085187
1682.751000,-0.069694
1682.752000,-0.172784
1682.753000,-0.163456
1682.754000,-0.107884
1682.755000,0.008459
1682.756000,0.030518
1682.757000,0.048049
1682.758000,-0.171516
1682.759000,-0.308673
1682.760000,-0.286128
1682.761000,-0.339895
1682.762000,-0.396972
1682.763000,-0.270337
1682.764000,-0.268028
1682.765000,-0.363175
1682.766000,-0.364078
1682.767000,-0.306101
1682.768000,-0.297505
1682.769000,-0.317999
1682.770000,-0.394859
1682.771000,-0.489437
1682.772000,-0.439766
1682.773000,-0.437438
1682.774000,-0.388790
1682.775000,-0.460955
1682.776000,-0.463399
1682.777000,-0.477574
1682.778000,-0.523943
1682.779000,-0.610640
1682.780000,-0.453346
1682.781000,-0.379991
1682.782000,-0.365592
1682.783000,-0.368821
1682.784000,-0.582744
1682.785000,-0.720894
1682.786000,-0.678604
1682.787000,-0.484987
1682.788000,-0.399143
1682.789000,-0.361869
1682.790000,-0.508620
1682.791000,-0.516354
1682.792000,-0.542495
1682.793000,-0.576019
1682.794000,-0.585458
1682.795000,-0.554343
1682.796000,-0.384143
1682.797000,-0.479738
1682.798000,-0.498253
1682.799000,-0.522887
1682.800000,-0.528849
1682.801000,-0.577263
1682.802000,-0.662595
1682.803000,-0.657977
1682.804000,-0.697111
1682.805000,-0.737553
1682.806000,-0.610489
1682.807000,-0.602617
1682.808000,-0.773518
1682.809000,-0.702408
1682.810000,-0.699501
1682.811000,-0.617832
1682.812000,-0.535142
1682.813000,-0.443817
1682.814000,-0.351237
1682.815000,-0.395980
1682.816000,-0.187510
1682.817000,-0.145403
1682.818000,-0.051611
1682.819000,0.062728
1682.820000,0.235113
1682.821000,0.161915
1682.822000,0.263299
1682.823000,0.360672
1682.824000,0.360690
1682.825000,0.340825
1682.826000,0.411914
1682.827000,0.163049
1682.828000,0.138770
1682.829000,0.203146
1682.830000,0.286082
1682.831000,0.253091
1682.832000,0.119050
1682.833000,0.019812
1682.834000,0.046596
1682.835000,-0.118473
1682.836000,-0.211839
1682.837000,-0.155381
1682.838000,-0.065798
1682.839000,0.029054
1682.840000,-0.068431
1682.841000,-0.014839
1682.842000,-0.242264
1682.843000,-0.365001
1682.844000,-0.278977
1682.845000,-0.455388
1682.846000,-0.510934
1682.847000,-0.536178
1682.848000,-0.448693
1682.849000,-0.291926
1682.850000,-0.386955
1682.851000,-0.307051
1682.852000,-0.397382
1682.853000,-0.290701
1682.854000,-0.405659
1682.855000,-0.464692
1682.856000,-0.622992
1682.857000,-0.594888
1682.858000,-0.678092
1682.859000,-0.710364
1682.860000,-0.878147
1682.861000,-0.792634
1682.862000,-0.828312
1682.863000,-0.921923
1682.864000,-0.908695
1682.865000,-0.859472
1682.866000,-0.821538
1682.867000,-0.745608
1682.868000,-0.531411
1682.869000,-0.574278
1682.870000,-0.467934
1682.871000,-0.456724
1682.872000,-0.344647
1682.873000,-0.143378
1682.874000,0.037849
1682.875000,-0.062658
1682.876000,0.039080
1682.877000,0.046773
1682.878000,0.242277
1682.879000,0.104124
1682.880000,0.115539
1682.881000,0.086171
1682.882000,0.125755
1682.883000,0.199607
1682.884000,0.094648
1682.885000,0.136354
1682.886000,-0.051983
1682.887000,0.169552
1682.888000,0.128066
1682.889000,0.270321
1682.890000,0.407442
1682.891000,0.377637
1682.892000,0.425300
1682.893000,0.654504
1682.894000,0.657772
1682.895000,0.797497
1682.896000,0.748255
1682.897000,0.901568
1682.898000,0.933958
1682.899000,0.979349
1682.900000,0.983714
1682.901000,0.791249
1682.902000,0.691334
1682.903000,0.613959
1682.904000,0.529701
1682.905000,0.635059
1682.906000,0.894827
1682.907000,0.933457
1682.908000,0.809627
1682.909000,0.887274
1682.910000,0.931046
1682.911000,0.945380
1682.912000,1.108977
1682.913000,1.012280
1682.914000,0.873386
1682.915000,0.941798
1682.916000,1.056151
1682.917000,1.129603
1682.918000,1.161945
1682.919000,1.012655
1682.920000,0.765914
1682.921000,0.695364
1682.922000,0.547044
1682.923000,0.594376
1682.924000,0.542932
1682.925000,0.638760
1682.926000,0.531650
1682.927000,0.439063
1682.928000,0.418000
1682.929000,0.360723
1682.930000,0.356221
1682.931000,0.275470
1682.932000,0.364585
1682.933000,0.289260
1682.934000,0.298762
1682.935000,0.205397
1682.936000,0.257272
1682.937000,0.272870
1682.938000,0.253183
1682.939000,0.274972
1682.940000,0.212155
1682.941000,0.274307
1682.942000,0.219158
1682.943000,0.298989
1682.944000,0.046105
1682.945000,0.066136
1682.946000,0.051703
1682.947000,-0.009728
1682.948000,-0.081549
1682.949000,-0.077832
1682.950000,-0.028539
1682.951000,0.145568
1682.952000,0.183817
1682.953000,0.067933
1682.954000,0.011738
1682.955000,-0.049391
1682.956000,-0.045586
1682.957000,-0.021927
1682.958000,-0.052483
1682.959000,-0.101507
1682.960000,-0.093502
1682.961000,-0.136017
1682.962000,-0.006850
1682.963000,-0.041729
1682.964000,-0.213861
1682.965000,-0.177779
1682.966000,-0.153588
1682.967000,-0.241602
1682.968000,-0.349453
1682.969000,-0.608246
1682.970000,-0.730327
1682.971000,-0.721725
1682.972000,-0.739506
1682.973000,-0.648685
1682.974000,-0.735107
1682.975000,-0.688273
1682.976000,-0.656507
1682.977000,-0.658889
1682.978000,-0.473654
1682.979000,-0.755925
1682.980000,-0.939372
1682.981000,-0.927683
1682.982000,-0.971088
1682.983000,-0.824125
1682.984000,-0.888060
1682.985000,-0.843398
1682.986000,-0.825735
1682.987000,-0.877821
1682.988000,-0.773921
1682.989000,-0.767079
1682.990000,-0.672457
1682.991000,-0.632926
1682.992000,-0.633788
1682.993000,-0.546607
1682.994000,-0.422831
1682.995000,-0.496763
1682.996000,-0.435235
1682.997000,-0.297114
1682.998000,-0.395982
1682.999000,-0.363087
1683.000000,-0.472667
1683.001000,-0.626012
1683.002000,-0.656779
1683.003000,-0.609295
1683.004000,-0.560042
1683.005000,-0.549001
1683.006000,-0.491020
1683.007000,-0.788888
1683.008000,-0.838137
1683.009000,-1.000025
1683.010000,-1.144986
1683.011000,-1.190533
1683.012000,-1.344416
1683.013000,-1.201543
1683.014000,-1.118246
1683.015000,-1.063427
1683.016000,-1.039812
1683.017000,-0.872439
1683.018000,-0.774397
1683.019000,-0.763437
1683.020000,-0.826828
1683.021000,-0.651896
1683.022000,-0.616923
1683.023000,-0.653716
1683.024000,-0.664051
1683.025000,-0.680439
1683.026000,-0.680028
1683.027000,-0.637116
1683.028000,-0.597549
1683.029000,-0.472266
1683.030000,-0.501177
1683.031000,-0.684438
1683.032000,-0.652118
1683.033000,-0.692734
1683.034000,-0.641361
1683.035000,-0.645874
1683.036000,-0.507774
1683.037000,-0.510342
1683.038000,-0.549587
1683.039000,-0.604348
1683.040000,-0.666773
1683.041000,-0.774819
1683.042000,-0.720370
1683.043000,-0.843005
1683.044000,-0.708810
1683.045000,-0.780317
1683.046000,-0.579836
1683.047000,-0.540890
1683.048000,-0.595165
1683.049000,-0.571468
1683.050000,-0.429166
1683.051000,-0.547082
1683.052000,-0.661777
1683.053000,-0.672521
1683.054000,-0.702697
1683.055000,-0.763059
1683.056000,-0.810501
1683.057000,-0.849388
1683.058000,-0.806637
1683.059000,-1.010071
1683.060000,-0.845211
1683.061000,-0.937901
1683.062000,-0.884745
1683.063000,-0.859886
1683.064000,-0.866111
1683.065000,-0.681954
1683.066000,-0.644725
1683.067000,-0.784595
1683.068000,-0.944334
1683.069000,-0.873409
1683.070000,-1.073130
1683.071000,-1.164424
1683.072000,-1.134436
1683.073000,-1.017887
1683.074000,-0.857503
1683.075000,-0.694375
1683.076000,-0.646759
1683.077000,-0.711815
1683.078000,-0.746735
1683.079000,-0.703966
1683.080000,-0.602011
1683.081000,-0.449133
1683.082000,-0.626131
1683.083000,-0.544517
1683.084000,-0.570537
1683.085000,-0.664783
1683.086000,-0.659801
1683.087000,-0.456911
1683.088000,-0.612819
1683.089000,-0.638517
1683.090000,-0.579075
1683.091000,-0.479801
1683.092000,-0.425475
1683.093000,-0.394134
1683.094000,-0.344120
1683.095000,-0.408188
1683.096000,-0.460610
1683.097000,-0.386875
1683.098000,-0.435182
1683.099000,-0.651328
1683.100000,-0.540355
1683.101000,-0.587022
1683.102000,-0.519025
1683.103000,-0.532043
1683.104000,-0.431491
1683.105000,-0.441259
1683.106000,-0.516059
1683.107000,-0.475124
1683.108000,-0.369676
1683.109000,-0.411170
1683.110000,-0.579313
1683.111000,-0.486260
1683.112000,-0.331759
1683.113000,-0.254409
1683.114000,-0.107084
1683.115000,-0.112600
1683.116000,-0.110215
1683.117000,-0.168466
1683.118000,-0.227459
1683.119000,-0.194166
1683.120000,-0.113134
1683.121000,-0.253654
1683.122000,-0.197130
1683.123000,-0.190630
1683.124000,-0.158319
1683.125000,-0.223695
1683.126000,-0.080091
1683.127000,-0.028866
1683.128000,-0.106404
1683.129000,-0.269025
1683.130000,-0.206673
1683.131000,-0.047800
1683.132000,0.174454
1683.133000,0.198734
1683.134000,0.121058
1683.135000,0.372479
1683.136000,0.233550
1683.137000,0.350865
1683.138000,0.568328
1683.139000,0.648776
1683.140000,0.515122
1683.141000,0.523973
1683.142000,0.562735
1683.143000,0.645009
1683.144000,0.743696
1683.145000,0.824707
1683.146000,0.923043
1683.147000,0.710939
1683.148000,0.743686
1683.149000,0.874687
1683.150000,0.784490
1683.151000,0.922485
1683.152000,0.825238
1683.153000,0.698615
1683.154000,0.758133
1683.155000,0.963175
1683.156000,0.698670
1683.157000,0.789969
1683.158000,0.807909
1683.159000,0.866131
1683.160000,0.881981
1683.161000,0.769591
1683.162000,0.923293
1683.163000,0.894726
1683.164000,0.925633
1683.165000,0.841282
1683.166000,0.835680
1683.167000,0.815939
1683.168000,0.770064
1683.169000,0.678535
1683.170000,0.842108
1683.171000,0.674456
1683.172000,0.596063
1683.173000,0.603658
1683.174000,0.624531
1683.175000,0.460620
1683.176000,0.351939
1683.177000,0.227070
1683.178000,0.276897
1683.179000,0.200839
1683.180000,0.183245
1683.181000,0.256643
1683.182000,0.318079
1683.183000,0.210398
1683.184000,0.289243
1683.185000,0.393721
1683.186000,0.305148
1683.187000,0.385675
1683.188000,0.424566
1683.189000,0.309767
1683.190000,0.344739
1683.191000,0.448301
1683.192000,0.398684
1683.193000,0.169266
1683.194000,0.217889
1683.195000,0.229452
1683.196000,0.298048
1683.197000,0.335814
1683.198000,0.315477
1683.199000,0.319644
1683.200000,0.101306
1683.201000,0.117418
1683.202000,0.056154
1683.203000,0.031887
1683.204000,0.068202
1683.205000,0.055603
1683.206000,0.039267
1683.207000,0.075008
1683.208000,0.030448
1683.209000,0.103744
1683.210000,0.083179
1683.211000,0.148119
1683.212000,0.209819
1683.213000,0.156799
1683.214000,0.045785
1683.215000,0.161398
1683.216000,0.212874
1683.217000,0.365977
1683.218000,0.406892
1683.219000,0.403617
1683.220000,0.297618
1683.221000,0.146627
1683.222000,0.061986
1683.223000,0.048830
1683.224000,0.019325
1683.225000,0.068923
1683.226000,0.305520
1683.227000,0.415894
1683.228000,0.421621
1683.229000,0.559888
1683.230000,0.601512
1683.231000,0.565261
1683.232000,0.495270
1683.233000,0.425668
1683.234000,0.471371
1683.235000,0.431992
1683.236000,0.297256
1683.237000,0.347478
1683.238000,0.487947
1683.239000,0.442952
1683.240000,0.340273
1683.241000,0.186375
1683.242000,0.195770
1683.243000,0.279443
1683.244000,0.318432
1683.245000,0.558577
1683.246000,0.567721
1683.247000,0.298878
1683.248000,0.306163
1683.249000,0.164601
1683.250000,0.061805
1683.251000,0.000733
1683.252000,-0.038429
1683.253000,-0.044446
1683.254000,-0.149100
1683.255000,-0.008930
1683.256000,-0.113446
1683.257000,-0.131259
1683.258000,-0.050662
1683.259000,0.053041
1683.260000,0.086970
1683.261000,0.334293
1683.262000,0.160068
1683.263000,0.303231
1683.264000,0.476345
1683.265000,0.776621
1683.266000,0.598814
1683.267000,0.614268
1683.268000,0.728353
1683.269000,0.554691
1683.270000,0.609969
1683.271000,0.589009
1683.272000,0.579401
1683.273000,0.648772
1683.274000,0.791376
1683.275000,0.675583
1683.276000,0.808428
1683.277000,0.801844
1683.278000,0.703718
1683.279000,0.809913
1683.280000,0.722916
1683.281000,0.753883
1683.282000,0.725481
1683.283000,0.695834
1683.284000,0.781544
1683.285000,0.690884
1683.286000,0.675321
1683.287000,0.728475
1683.288000,0.781122
1683.289000,0.597521
1683.290000,0.461103
1683.291000,0.476960
1683.292000,0.323158
1683.293000,0.347444
1683.294000,0.313421
1683.295000,0.396361
1683.296000,0.256116
1683.297000,0.160252
1683.298000,0.021566
1683.299000,-0.008145
1683.300000,0.195589
1683.301000,0.141763
1683.302000,0.193063
1683.303000,0.105717
1683.304000,0.055975
1683.305000,0.050776
1683.306000,-0.046245
1683.307000,0.215333
1683.308000,0.273273
1683.309000,0.271352
1683.310000,0.321117
1683.311000,0.488596
1683.312000,0.482356
1683.313000,0.554541
1683.314000,0.548734
1683.315000,0.630484
1683.316000,0.339967
1683.317000,0.276081
1683.318000,0.205431
1683.319000,0.163302
1683.320000,0.114304
1683.321000,0.095796
1683.322000,-0.076544
1683.323000,-0.128888
1683.324000,-0.262256
1683.325000,-0.376298
1683.326000,-0.254819
1683.327000,-0.193318
1683.328000,-0.078557
1683.329000,-0.025064
1683.330000,-0.083368
1683.331000,-0.032824
1683.332000,0.012290
1683.333000,-0.004318
1683.334000,-0.047696
1683.335000,0.012790
1683.336000,0.033300
1683.337000,-0.021005
1683.338000,0.052283
1683.339000,0.025608
1683.340000,-0.029066
1683.341000,0.026751
1683.342000,-0.109379
1683.343000,-0.040229
1683.344000,0.134127
1683.345000,0.127984
1683.346000,0.066741
1683.347000,0.170956
1683.348000,0.179594
1683.349000,0.133281
1683.350000,0.232143
1683.351000,0.201284
1683.352000,0.253480
1683.353000,0.313091
1683.354000,0.308485
1683.355000,0.299009
1683.356000,0.192925
1683.357000,0.267484
1683.358000,0.291226
1683.359000,0.149739
1683.360000,0.077762
1683.361000,0.107883
1683.362000,-0.000584
1683.363000,-0.044525
1683.364000,-0.023184
1683.365000,0.080753
1683.366000,0.064092
1683.367000,-0.113954
1683.368000,-0.171171
1683.369000,-0.216747
1683.370000,-0.186389
1683.371000,-0.270330
1683.372000,-0.302057
1683.373000,-0.258734
1683.374000,-0.343323
1683.375000,-0.268787
1683.376000,-0.349331
1683.377000,-0.308836
1683.378000,-0.343417
1683.379000,-0.517963
1683.380000,-0.552349
1683.381000,-0.509486
1683.382000,-0.561958
1683.383000,-0.531760
1683.384000,-0.474112
1683.385000,-0.499704
1683.386000,-0.338819
1683.387000,-0.232374
1683.388000,-0.194675
1683.389000,-0.121011
1683.390000,0.031926
1683.391000,0.051906
1683.392000,-0.052921
1683.393000,-0.091401
1683.394000,-0.190670
1683.395000,-0.183355
1683.396000,-0.158481
1683.397000,-0.243275
1683.398000,-0.291752
1683.399000,-0.408069
1683.400000,-0.572819
1683.401000,-0.803264
1683.402000,-0.697028
1683.403000,-0.586233
1683.404000,-0.491575
1683.405000,-0.466279
1683.406000,-0.443123
1683.407000,-0.429240
1683.408000,-0.384795
1683.409000,-0.333157
1683.410000,-0.349214
1683.411000,-0.368840
1683.412000,-0.170691
1683.413000,-0.221634
1683.414000,-0.165632
1683.415000,-0.182611
1683.416000,-0.107781
1683.417000,-0.193771
1683.418000,-0.173553
1683.419000,-0.199417
1683.420000,-0.181229
1683.421000,-0.318258
1683.422000,-0.402289
1683.423000,-0.605327
1683.424000,-0.593260
1683.425000,-0.517424
1683.426000,-0.494412
1683.427000,-0.329966
1683.428000,-0.204467
1683.429000,-0.136067
1683.430000,-0.141064
1683.431000,-0.355337
1683.432000,-0.458656
1683.433000,-0.451909
1683.434000,-0.556654
1683.435000,-0.561102
1683.436000,-0.384253
1683.437000,-0.314163
1683.438000,-0.315424
1683.439000,-0.472379
1683.440000,-0.561230
1683.441000,-0.495709
1683.442000,-0.394815
1683.443000,-0.342180
1683.444000,-0.388651
1683.445000,-0.274856
1683.446000,-0.082653
1683.447000,-0.310520
1683.448000,-0.368956
1683.449000,-0.351251
1683.450000,-0.644503
1683.451000,-0.571888
1683.452000,-0.491135
1683.453000,-0.348800
1683.454000,-0.261851
1683.455000,-0.290515
1683.456000,-0.309057
1683.457000,-0.291613
1683.458000,-0.319651
1683.459000,-0.341913
1683.460000,-0.373570
1683.461000,-0.461880
1683.462000,-0.473521
1683.463000,-0.308674
1683.464000,-0.158115
1683.465000,-0.151888
1683.466000,-0.197935
1683.467000,-0.202410
1683.468000,-0.343540
1683.469000,-0.211181
1683.470000,-0.389523
1683.471000,-0.493700
1683.472000,-0.465609
1683.473000,-0.601809
1683.474000,-0.737580
1683.475000,-0.650561
1683.476000,-0.524297
1683.477000,-0.470913
1683.478000,-0.458731
1683.479000,-0.466405
1683.480000,-0.377870
1683.481000,-0.270398
1683.482000,-0.189721
1683.483000,-0.018534
1683.484000,0.017526
1683.485000,0.018974
1683.486000,-0.057392
1683.487000,0.016572
1683.488000,0.128385
1683.489000,0.206733
1683.490000,0.287761
1683.491000,0.450743
1683.492000,0.344844
1683.493000,0.250839
1683.494000,0.342439
1683.495000,0.368844
1683.496000,0.366371
1683.497000,0.451566
1683.498000,0.179219
1683.499000,0.291204
1683.500000,0.174068
1683.501000,0.194804
1683.502000,0.315306
1683.503000,0.185256
1683.504000,0.179046
1683.505000,-0.000466
1683.506000,-0.204833
1683.507000,-0.308789
1683.508000,-0.271480
1683.509000,-0.135316
1683.510000,-0.075567
1683.511000,-0.044913
1683.512000,-0.224492
1683.513000,-0.132115
1683.514000,-0.084173
1683.515000,-0.195488
1683.516000,-0.269865
1683.517000,-0.173003
1683.518000,-0.258195
1683.519000,-0.125821
1683.520000,-0.215585
1683.521000,-0.089757
1683.522000,-0.074360
1683.523000,-0.096747
1683.524000,-0.233937
1683.525000,-0.199049
1683.526000,-0.129428
1683.527000,-0.209872
1683.528000,-0.123453
1683.529000,-0.195658
1683.530000,-0.136010
1683.531000,-0.085469
1683.532000,-0.055872
1683.533000,-0.083863
1683.534000,0.014472
1683.535000,0.222494
1683.536000,0.275230
1683.537000,0.288698
1683.538000,0.345364
1683.539000,0.441079
1683.540000,0.649235
1683.541000,0.564917
1683.542000,0.561185
1683.543000,0.767333
1683.544000,0.694081
1683.545000,0.767741
1683.546000,0.701677
1683.547000,0.454374
1683.548000,0.429795
1683.549000,0.341375
1683.550000,0.376193
1683.551000,0.279775
1683.552000,0.325408
1683.553000,0.416102
1683.554000,0.469948
1683.555000,0.438338
1683.556000,0.563371
1683.557000,0.514480
1683.558000,0.511018
1683.559000,0.561730
1683.560000,0.545947
1683.561000,0.611430
1683.562000,0.559336
1683.563000,0.580476
1683.564000,0.641943
1683.565000,0.762350
1683.566000,0.855062
1683.567000,0.958328
1683.568000,1.076579
1683.569000,1.145280
1683.570000,1.063279
1683.571000,1.155569
1683.572000,1.229709
1683.573000,0.984859
1683.574000,0.997579
1683.575000,1.074803
1683.576000,1.162409
1683.577000,1.142735
1683.578000,1.209937
1683.579000,1.264726
1683.580000,1.256121
1683.581000,1.201826
1683.582000,1.156916
1683.583000,1.082716
1683.584000,1.060394
1683.585000,1.061520
1683.586000,1.108415
1683.587000,1.010854
1683.588000,1.132956
1683.589000,1.003162
1683.590000,0.971134
1683.591000,0.837728
1683.592000,0.920415
1683.593000,0.849887
1683.594000,0.732645
1683.595000,0.532469
1683.596000,0.776299
1683.597000,0.702049
1683.598000,0.715465
1683.599000,0.589778
1683.600000,0.550738
1683.601000,0.588345
1683.602000,0.594262
1683.603000,0.601208
1683.604000,0.669295
1683.605000,0.563299
1683.606000,0.531513
1683.607000,0.611157
1683.608000,0.666586
1683.609000,0.748959
1683.610000,0.751057
1683.611000,0.573650
1683.612000,0.450511
1683.613000,0.423896
1683.614000,0.547656
1683.615000,0.588010
1683.616000,0.702863
1683.617000,0.783902
1683.618000,0.708421
1683.619000,0.648526
1683.620000,0.520493
1683.621000,0.578807
1683.622000,0.626654
1683.623000,0.610550
1683.624000,0.644916
1683.625000,0.601355
1683.626000,0.670804
1683.627000,0.651625
1683.628000,0.598309
1683.629000,0.421964
1683.630000,0.306458
1683.631000,0.321440
1683.632000,0.297268
1683.633000,0.396931
1683.634000,0.225069
1683.635000,0.202944
1683.636000,0.290787
1683.637000,0.430798
1683.638000,0.208840
1683.639000,0.078427
1683.640000,0.136815
1683.641000,0.012369
1683.642000,-0.063509
1683.643000,-0.140356
1683.644000,-0.166163
1683.645000,-0.187959
1683.646000,-0.205747
1683.647000,-0.227725
1683.648000,-0.197373
1683.649000,-0.358574
1683.650000,-0.321443
1683.651000,-0.151096
1683.652000,-0.145165
1683.653000,-0.151213
1683.654000,-0.139919
1683.655000,-0.418325
1683.656000,-0.498631
1683.657000,-0.537043
1683.658000,-0.494266
1683.659000,-0.550082
1683.660000,-0.640998
1683.661000,-0.846657
1683.662000,-0.957255
1683.663000,-0.931860
1683.664000,-0.804107
1683.665000,-0.954691
1683.666000,-1.136210
1683.667000,-1.093333
1683.668000,-1.239882
1683.669000,-1.314918
1683.670000,-1.296131
1683.671000,-1.519610
1683.672000,-1.479334
1683.673000,-1.352900
1683.674000,-1.314686
1683.675000,-1.412461
1683.676000,-1.453301
1683.677000,-1.271053
1683.678000,-1.286140
1683.679000,-1.162603
1683.680000,-1.155564
1683.681000,-1.146834
1683.682000,-1.185658
1683.683000,-1.210531
1683.684000,-1.455235
1683.685000,-1.445784
1683.686000,-1.309727
1683.687000,-1.356317
1683.688000,-1.169903
1683.689000,-1.196189
1683.690000,-0.941293
1683.691000,-0.806328
1683.692000,-0.808522
1683.693000,-0.803156
1683.694000,-0.781464
1683.695000,-0.725547
1683.696000,-0.659498
1683.697000,-0.454982
1683.698000,-0.599268
1683.699000,-0.560992
1683.700000,-0.821459
1683.701000,-0.851561
1683.702000,-0.946486
1683.703000,-0.963072
1683.704000,-0.826458
1683.705000,-0.837874
1683.706000,-0.678287
1683.707000,-0.617329
1683.708000,-0.596925
1683.709000,-0.577416
1683.710000,-0.569655
1683.711000,-0.568459
1683.712000,-0.725219
1683.713000,-0.731700
1683.714000,-0.841612
1683.715000,-0.950004
1683.716000,-0.926361
1683.717000,-0.847407
1683.718000,-0.833852
1683.719000,-0.550906
1683.720000,-0.364615
1683.721000,-0.282665
1683.722000,-0.190710
1683.723000,-0.059883
1683.724000,-0.006035
1683.725000,-0.090811
1683.726000,-0.342110
1683.727000,-0.369884
1683.728000,-0.535131
1683.729000,-0.554632
1683.730000,-0.599038
1683.731000,-0.692467
1683.732000,-0.555603
1683.733000,-0.662596
1683.734000,-0.571159
1683.735000,-0.562393
1683.736000,-0.591956
1683.737000,-0.695553
1683.738000,-0.572745
1683.739000,-0.660897
1683.740000,-0.736768
1683.741000,-0.806754
1683.742000,-0.453096
1683.743000,-0.274790
1683.744000,-0.328297
1683.745000,-0.316803
1683.746000,-0.282213
1683.747000,-0.352642
1683.748000,-0.324132
1683.749000,-0.290863
1683.750000,-0.420025
1683.751000,-0.362913
1683.752000,-0.241553
1683.753000,-0.122635
1683.754000,-0.086079
1683.755000,-0.048448
1683.756000,0.015288
1683.757000,0.017941
1683.758000,-0.005820
1683.759000,-0.048052
1683.760000,-0.236606
1683.761000,-0.244992
1683.762000,-0.263685
1683.763000,-0.293563
1683.764000,-0.164160
1683.765000,-0.022364
1683.766000,0.049559
1683.767000,0.033098
1683.768000,-0.038086
1683.769000,-0.107770
1683.770000,-0.138437
1683.771000,-0.063618
1683.772000,-0.055879
1683.773000,-0.027990
1683.774000,0.121207
1683.775000,0.100248
1683.776000,0.016026
1683.777000,0.073994
1683.778000,-0.114452
1683.779000,-0.140775
1683.780000,-0.086162
1683.781000,-0.009712
1683.782000,-0.020936
1683.783000,-0.050847
1683.784000,-0.147238
1683.785000,-0.127934
1683.786000,-0.072402
1683.787000,-0.274071
1683.788000,-0.229503
1683.789000,-0.135259
1683.790000,-0.169604
1683.791000,-0.079034
1683.792000,-0.326414
1683.793000,-0.311233
1683.794000,-0.443106
1683.795000,-0.510046
1683.796000,-0.451214
1683.797000,-0.523500
1683.798000,-0.389712
1683.799000,-0.341653
1683.800000,-0.451240
1683.801000,-0.546513
1683.802000,-0.640609
1683.803000,-0.467782
1683.804000,-0.481988
1683.805000,-0.371126
1683.806000,-0.165751
1683.807000,-0.136330
1683.808000,-0.039497
1683.809000,0.034986
1683.810000,-0.003245
1683.811000,0.005594
1683.812000,0.002155
1683.813000,-0.121943
1683.814000,0.077699
1683.815000,0.123185
1683.816000,0.147430
1683.817000,0.017390
1683.818000,-0.014745
1683.819000,0.043263
1683.820000,0.094086
1683.821000,0.025390
1683.822000,0.188859
1683.823000,0.140541
1683.824000,0.162762
1683.825000,0.126902
1683.826000,0.157078
1683.827000,0.429140
1683.828000,0.280481
1683.829000,0.271250
1683.830000,0.225583
1683.831000,0.091450
1683.832000,0.120503
1683.833000,0.112212
1683.834000,0.078168
1683.835000,0.074576
1683.836000,0.166160
1683.837000,0.189126
1683.838000,0.210956
1683.839000,0.097472
1683.840000,0.093867
1683.841000,0.010319
1683.842000,0.112199
1683.843000,0.188136
1683.844000,0.404300
1683.845000,0.356004
1683.846000,0.175728
1683.847000,0.175335
1683.848000,0.127371
1683.849000,0.224218
1683.850000,0.263789
1683.851000,0.153373
1683.852000,0.125348
1683.853000,0.225631
1683.854000,0.395563
1683.855000,0.410613
1683.856000,0.431825
1683.857000,0.346513
1683.858000,0.319441
1683.859000,0.418197
1683.860000,0.524915
1683.861000,0.533661
1683.862000,0.544906
1683.863000,0.521348
1683.864000,0.610071
1683.865000,0.372968
1683.866000,0.506262
1683.867000,0.504942
1683.868000,0.493340
1683.869000,0.369811
1683.870000,0.237725
1683.871000,0.284913
1683.872000,0.119575
1683.873000,0.149080
1683.874000,-0.010297
1683.875000,-0.029150
1683.876000,-0.105197
1683.877000,0.025595
1683.878000,-0.029675
1683.879000,-0.084817
1683.880000,-0.125862
1683.881000,0.073417
1683.882000,-0.103750
1683.883000,-0.155502
1683.884000,-0.199655
1683.885000,-0.316938
1683.886000,-0.220403
1683.887000,-0.124570
1683.888000,-0.119258
1683.889000,-0.383801
1683.890000,-0.296421
1683.891000,-0.262864
1683.892000,-0.102398
1683.893000,-0.087941
1683.894000,-0.099609
1683.895000,0.049430
1683.896000,-0.085347
1683.897000,-0.138381
1683.898000,-0.006886
1683.899000,0.058691
1683.900000,0.000707
1683.901000,0.070752
1683.902000,-0.011300
1683.903000,-0.118872
1683.904000,-0.103562
1683.905000,-0.210915
1683.906000,-0.164462
1683.907000,-0.295100
1683.908000,-0.438898
1683.909000,-0.562220
1683.910000,-0.467932
1683.911000,-0.644301
1683.912000,-0.526491
1683.913000,-0.645709
1683.914000,-0.490020
1683.915000,-0.394059
1683.916000,-0.341755
1683.917000,-0.394986
1683.918000,-0.372828
1683.919000,-0.343596
1683.920000,-0.340977
1683.921000,-0.312462
1683.922000,-0.199124
1683.923000,-0.202830
1683.924000,-0.202999
1683.925000,-0.239615
1683.926000,-0.371760
1683.927000,-0.156331
1683.928000,-0.227060
1683.929000,-0.193058
1683.930000,-0.270993
1683.931000,-0.140540
1683.932000,-0.103390
1683.933000,-0.089529
1683.934000,-0.045272
1683.935000,-0.034997
1683.936000,-0.156856
1683.937000,-0.179984
1683.938000,-0.103948
1683.939000,0.024295
1683.940000,0.047265
1683.941000,0.053237
1683.942000,0.129971
1683.943000,0.157693
1683.944000,0.279256
1683.945000,0.476065
1683.946000,0.325949
1683.947000,0.329863
1683.948000,0.271226
1683.949000,0.174774
1683.950000,0.196832
1683.951000,0.326484
1683.952000,0.468561
1683.953000,0.384799
1683.954000,0.364475
1683.955000,0.370679
1683.956000,0.303785
1683.957000,0.351689
1683.958000,0.409019
1683.959000,0.314074
1683.960000,0.356930
1683.961000,0.238447
1683.962000,0.184491
1683.963000,0.078658
1683.964000,-0.061925
1683.965000,0.097989
1683.966000,0.052000
1683.967000,-0.008652
1683.968000,-0.072247
1683.969000,-0.097677
1683.970000,-0.041497
1683.971000,0.114324
1683.972000,0.056571
1683.973000,0.025548
1683.974000,0.158049
1683.975000,0.118919
1683.976000,0.058446
1683.977000,0.008834
1683.978000,0.057040
1683.979000,0.094646
1683.980000,0.221523
1683.981000,0.206565
1683.982000,0.211952
1683.983000,0.282356
1683.984000,0.253965
1683.985000,0.424621
1683.986000,0.478257
1683.987000,0.365524
1683.988000,0.417770
1683.989000,0.598231
1683.990000,0.774755
1683.991000,0.793128
1683.992000,0.903858
1683.993000,0.699870
1683.994000,0.661668
1683.995000,0.578973
1683.996000,0.440190
1683.997000,0.344809
1683.998000,0.296547
1683.999000,0.230910
1684.000000,0.190697
1684.001000,0.134813
1684.002000,0.088136
1684.003000,0.037903
1684.004000,0.155338
1684.005000,0.170562
1684.006000,0.258783
1684.007000,0.048669
1684.008000,0.001135
1684.009000,-0.011891
1684.010000,-0.039649
1684.011000,-0.059240
1684.012000,-0.142466
1684.013000,-0.278178
1684.014000,-0.214186
1684.015000,-0.205115
1684.016000,-0.099554
1684.017000,-0.043910
1684.018000,-0.029725
1684.019000,-0.066941
1684.020000,0.088429
1684.021000,-0.016144
1684.022000,0.062845
1684.023000,0.168840
1684.024000,0.195959
1684.025000,0.216038
1684.026000,0.210941
1684.027000,0.176067
1684.028000,0.343701
1684.029000,0.246843
1684.030000,0.316422
1684.031000,0.268904
1684.032000,0.139071
1684.033000,0.057360
1684.034000,-0.124988
1684.035000,-0.167348
1684.036000,-0.238010
1684.037000,-0.188591
1684.038000,-0.127465
1684.039000,-0.206322
1684.040000,-0.152176
1684.041000,-0.028889
1684.042000,-0.169014
1684.043000,-0.168366
1684.044000,0.080402
1684.045000,0.141666
1684.046000,0.010373
1684.047000,0.009992
1684.048000,0.064595
1684.049000,-0.021034
1684.050000,0.011295
1684.051000,0.123692
1684.052000,0.125185
1684.053000,0.311822
1684.054000,0.587379
1684.055000,0.666621
1684.056000,0.785471
1684.057000,0.786571
1684.058000,0.800555
1684.059000,0.571341
1684.060000,0.775004
1684.061000,0.994490
1684.062000,1.112046
1684.063000,1.244482
1684.064000,1.301826
1684.065000,1.406445
1684.066000,1.303478
1684.067000,1.101634
1684.068000,1.081124
1684.069000,1.001075
1684.070000,1.095222
1684.071000,1.190410
1684.072000,1.136413
1684.073000,1.065874
1684.074000,1.134510
1684.075000,0.954485
1684.076000,1.082652
1684.077000,1.165326
1684.078000,1.211205
1684.079000,0.954191
1684.080000,1.003366
1684.081000,0.941184
1684.082000,0.869488
1684.083000,0.863191
1684.084000,0.900330
1684.085000,0.821369
1684.086000,0.793542
1684.087000,0.673506
1684.088000,0.499720
1684.089000,0.671006
1684.090000,0.684362
1684.091000,0.739342
1684.092000,0.793574
1684.093000,0.845669
1684.094000,0.802470
1684.095000,0.714410
1684.096000,0.754430
1684.097000,0.687777
1684.098000,0.599444
1684.099000,0.556746
1684.100000,0.563896
1684.101000,0.444036
1684.102000,0.431471
1684.103000,0.374978
1684.104000,0.408306
1684.105000,0.282360
1684.106000,0.185019
1684.107000,0.211685
1684.108000,0.124360
1684.109000,0.283646
1684.110000,0.171490
1684.111000,0.112964
1684.112000,-0.067911
1684.113000,-0.159336
1684.114000,-0.189569
1684.115000,-0.131167
1684.116000,0.006595
1684.117000,-0.022640
1684.118000,-0.117744
1684.119000,-0.148049
1684.120000,-0.351501
1684.121000,-0.399358
1684.122000,-0.347530
1684.123000,-0.262639
1684.124000,-0.274510
1684.125000,-0.337209
1684.126000,-0.269310
1684.127000,-0.349316
1684.128000,-0.286354
1684.129000,-0.266336
1684.130000,-0.292372
1684.131000,-0.218913
1684.132000,-0.202795
1684.133000,-0.371484
1684.134000,-0.555407
1684.135000,-0.548833
1684.136000,-0.418537
1684.137000,-0.381689
1684.138000,-0.217078
1684.139000,-0.155731
1684.140000,-0.059049
1684.141000,-0.088442
1684.142000,-0.096575
1684.143000,0.103443
1684.144000,0.046438
1684.145000,0.155598
1684.146000,0.224675
1684.147000,0.219416
1684.148000,0.089879
1684.149000,0.123503
1684.150000,0.209736
1684.151000,0.271974
1684.152000,0.209458
1684.153000,0.315876
1684.154000,0.082076
1684.155000,0.044112
1684.156000,0.041638
1684.157000,0.208560
1684.158000,0.329170
1684.159000,0.396820
1684.160000,0.236980
1684.161000,0.468323
1684.162000,0.552707
1684.163000,0.419081
1684.164000,0.414997
1684.165000,0.347483
1684.166000,0.330219
1684.167000,0.470904
1684.168000,0.529592
1684.169000,0.406545
1684.170000,0.271671
1684.171000,0.284389
1684.172000,0.322093
1684.173000,0.296203
1684.174000,0.340460
1684.175000,0.498783
1684.176000,0.523602
1684.177000,0.383611
1684.178000,0.267248
1684.179000,0.240641
1684.180000,0.142499
1684.181000,0.110448
1684.182000,0.118859
1684.183000,0.124857
1684.184000,0.153043
1684.185000,0.144783
1684.186000,0.320856
1684.187000,0.298037
1684.188000,0.392329
1684.189000,0.595651
1684.190000,0.439151
1684.191000,0.200583
1684.192000,0.076155
1684.193000,0.247937
1684.194000,0.194769
1684.195000,0.079451
1684.196000,-0.057272
1684.197000,-0.001086
1684.198000,0.081151
1684.199000,0.095108
1684.200000,0.115143
1684.201000,0.015492
1684.202000,-0.191103
1684.203000,-0.135992
1684.204000,-0.123505
1684.205000,-0.208769
1684.206000,-0.233207
1684.207000,-0.143277
1684.208000,-0.081162
1684.209000,-0.164299
1684.210000,-0.045839
1684.211000,-0.136341
1684.212000,-0.061410
1684.213000,0.153627
1684.214000,0.106911
1684.215000,0.104196
1684.216000,0.110173
1684.217000,0.096112
1684.218000,0.043761
1684.219000,-0.000065
1684.220000,0.017259
1684.221000,0.008548
1684.222000,-0.062689
1684.223000,0.146759
1684.224000,0.065698
1684.225000,0.021291
1684.226000,0.102241
1684.227000,0.016887
1684.228000,0.079983
1684.229000,0.213612
1684.230000,0.362292
1684.231000,0.338662
1684.232000,0.502491
1684.233000,0.267546
1684.234000,0.058889
1684.235000,0.007610
1684.236000,0.002756
1684.237000,-0.097962
1684.238000,-0.065537
1684.239000,-0.033653
1684.240000,-0.142571
1684.241000,-0.232895
1684.242000,-0.082380
1684.243000,-0.109391
1684.244000,-0.150026
1684.245000,-0.025421
1684.246000,-0.374376
1684.247000,-0.405468
1684.248000,-0.399823
1684.249000,-0.351530
1684.250000,-0.409487
1684.251000,-0.513651
1684.252000,-0.525669
1684.253000,-0.559491
1684.254000,-0.428831
1684.255000,-0.472980
1684.256000,-0.577243
1684.257000,-0.529069
1684.258000,-0.567260
1684.259000,-0.416568
1684.260000,-0.423800
1684.261000,-0.440706
1684.262000,-0.357524
1684.263000,-0.329688
1684.264000,-0.288250
1684.265000,-0.298843
1684.266000,-0.069169
1684.267000,-0.138115
1684.268000,-0.115407
1684.269000,-0.139155
1684.270000,-0.028486
1684.271000,0.045209
1684.272000,-0.094906
1684.273000,-0.172509
1684.274000,-0.238708
1684.275000,-0.326627
1684.276000,-0.166870
1684.277000,-0.173500
1684.278000,-0.097684
1684.279000,-0.028337
1684.280000,0.002809
1684.281000,0.179762
1684.282000,0.135125
1684.283000,0.281912
1684.284000,0.106861
1684.285000,-0.035445
1684.286000,-0.042479
1684.287000,0.124500
1684.288000,-0.056571
1684.289000,-0.182736
1684.290000,-0.314729
1684.291000,-0.275932
1684.292000,-0.297428
1684.293000,-0.314546
1684.294000,-0.390691
1684.295000,-0.299819
1684.296000,-0.081467
1684.297000,0.018874
1684.298000,-0.168335
1684.299000,-0.071278
1684.300000,0.017615
1684.301000,-0.094993
1684.302000,0.087620
1684.303000,0.027733
1684.304000,-0.159578
1684.305000,-0.022547
1684.306000,0.086389
1684.307000,-0.066366
1684.308000,-0.112535
1684.309000,-0.116643
1684.310000,-0.112429
1684.311000,-0.194899
1684.312000,-0.134184
1684.313000,-0.068108
1684.314000,-0.074899
1684.315000,-0.001255
1684.316000,-0.077358
1684.317000,-0.205008
1684.318000,-0.063243
1684.319000,-0.056288
1684.320000,-0.111461
1684.321000,-0.216041
1684.322000,-0.308939
1684.323000,-0.358441
1684.324000,-0.289788
1684.325000,-0.256793
1684.326000,-0.181814
1684.327000,-0.234381
1684.328000,-0.294020
1684.329000,-0.397829
1684.330000,-0.408674
1684.331000,-0.476857
1684.332000,-0.509308
1684.333000,-0.574723
1684.334000,-0.741318
1684.335000,-0.720207
1684.336000,-0.725984
1684.337000,-0.731079
1684.338000,-0.893293
1684.339000,-0.891341
1684.340000,-0.864320
1684.341000,-0.712977
1684.342000,-0.632157
1684.343000,-0.709314
1684.344000,-0.776046
1684.345000,-0.654419
1684.346000,-0.638361
1684.347000,-0.673394
1684.348000,-0.719023
1684.349000,-0.833525
1684.350000,-0.576438
1684.351000,-0.621112
1684.352000,-0.718133
1684.353000,-0.553419
1684.354000,-0.509160
1684.355000,-0.699745
1684.356000,-0.664795
1684.357000,-0.653335
1684.358000,-0.449432
1684.359000,-0.320894
1684.360000,-0.278071
1684.361000,-0.155222
1684.362000,-0.275908
1684.363000,-0.144973
1684.364000,-0.248325
1684.365000,-0.353201
1684.366000,-0.475620
1684.367000,-0.463545
1684.368000,-0.517345
1684.369000,-0.798409
1684.370000,-0.732014
1684.371000,-0.762771
1684.372000,-0.860017
1684.373000,-0.906093
1684.374000,-0.813514
1684.375000,-0.734194
1684.376000,-0.664789
1684.377000,-0.557994
1684.378000,-0.423565
1684.379000,-0.342171
1684.380000,-0.371632
1684.381000,-0.382847
1684.382000,-0.115296
1684.383000,-0.206200
1684.384000,-0.219314
1684.385000,-0.086397
1684.386000,-0.271935
1684.387000,-0.238775
1684.388000,-0.378525
1684.389000,-0.329978
1684.390000,-0.327551
1684.391000,-0.225565
1684.392000,-0.162319
1684.393000,-0.055108
1684.394000,0.026225
1684.395000,0.039125
1684.396000,0.136663
1684.397000,0.111036
1684.398000,0.094415
1684.399000,-0.044830
1684.400000,0.005973
1684.401000,-0.124241
1684.402000,-0.106233
1684.403000,-0.103063
1684.404000,-0.082745
1684.405000,0.043703
1684.406000,-0.086716
1684.407000,-0.081464
1684.408000,-0.026994
1684.409000,0.007616
1684.410000,0.032407
1684.411000,0.005407
1684.412000,-0.020682
1684.413000,-0.066234
1684.414000,-0.204169
1684.415000,-0.262616
1684.416000,-0.317418
1684.417000,-0.193764
1684.418000,-0.115211
1684.419000,-0.141784
1684.420000,-0.092899
1684.421000,-0.008716
1684.422000,-0.033152
1684.423000,0.179489
1684.424000,0.199424
1684.425000,0.256107
1684.426000,0.341193
1684.427000,0.393627
1684.428000,0.154566
1684.429000,0.263748
1684.430000,0.216577
1684.431000,0.323724
1684.432000,0.482319
1684.433000,0.456908
1684.434000,0.325816
1684.435000,0.217401
1684.436000,0.267014
1684.437000,0.244479
1684.438000,0.295140
1684.439000,0.386375
1684.440000,0.334424
1684.441000,0.389760
1684.442000,0.639355
1684.443000,0.595216
1684.444000,0.612478
1684.445000,0.583622
1684.446000,0.726026
1684.447000,0.676200
1684.448000,0.627119
1684.449000,0.588411
1684.450000,0.609528
1684.451000,0.432307
1684.452000,0.517545
1684.453000,0.443460
1684.454000,0.341653
1684.455000,0.314144
1684.456000,0.332464
1684.457000,0.455252
1684.458000,0.327365
1684.459000,0.179813
1684.460000,0.134419
1684.461000,0.182422
1684.462000,0.001483
1684.463000,0.005764
1684.464000,0.260019
1684.465000,0.033723
1684.466000,0.030082
1684.467000,-0.137880
1684.468000,-0.189389
1684.469000,-0.293404
1684.470000,-0.113466
1684.471000,-0.009388
1684.472000,-0.127171
1684.473000,-0.126969
1684.474000,-0.195326
1684.475000,-0.298801
1684.476000,-0.302422
1684.477000,-0.361506
1684.478000,-0.349445
1684.479000,-0.515615
1684.480000,-0.510256
1684.481000,-0.482625
1684.482000,-0.633051
1684.483000,-0.487885
1684.484000,-0.385074
1684.485000,-0.251718
1684.486000,-0.140174
1684.487000,-0.295257
1684.488000,-0.388403
1684.489000,-0.326386
1684.490000,-0.221503
1684.491000,-0.237465
1684.492000,-0.308618
1684.493000,-0.320077
1684.494000,-0.329131
1684.495000,-0.338196
1684.496000,-0.143594
1684.497000,-0.082846
1684.498000,-0.223721
1684.499000,-0.235023
1684.500000,-0.214643
1684.501000,-0.354730
1684.502000,-0.367907
1684.503000,-0.408151
1684.504000,-0.352747
1684.505000,-0.256667
1684.506000,-0.194356
1684.507000,-0.201256
1684.508000,-0.160078
1684.509000,-0.043995
1684.510000,-0.148764
1684.511000,-0.041012
1684.512000,0.089278
1684.513000,0.175520
1684.514000,0.098292
1684.515000,0.207349
1684.516000,0.160185
1684.517000,0.040721
1684.518000,0.008837
1684.519000,0.299457
1684.520000,0.285089
1684.521000,0.253300
1684.522000,0.313044
1684.523000,0.261947
1684.524000,0.141456
1684.525000,0.139187
1684.526000,0.005794
1684.527000,0.098261
1684.528000,0.065866
1684.529000,0.174066
1684.530000,0.068420
1684.531000,-0.172018
1684.532000,-0.104450
1684.533000,-0.082538
1684.534000,-0.249747
1684.535000,-0.398973
1684.536000,-0.505328
1684.537000,-0.628647
1684.538000,-0.785404
1684.539000,-0.653076
1684.540000,-0.592603
1684.541000,-0.569896
1684.542000,-0.476303
1684.543000,-0.432040
1684.544000,-0.230986
1684.545000,-0.314079
1684.546000,-0.243454
1684.547000,-0.161203
1684.548000,-0.159443
1684.549000,-0.047419
1684.550000,-0.095035
1684.551000,-0.180709
1684.552000,-0.308252
1684.553000,-0.457568
1684.554000,-0.454407
1684.555000,-0.553306
1684.556000,-0.517526
1684.557000,-0.547562
1684.558000,-0.503946
1684.559000,-0.393847
1684.560000,-0.393704
1684.561000,-0.272481
1684.562000,-0.189225
1684.563000,-0.119942
1684.564000,-0.129399
1684.565000,-0.173169
1684.566000,-0.204389
1684.567000,-0.032007
1684.568000,0.064075
1684.569000,0.069375
1684.570000,-0.027121
1684.571000,-0.082035
1684.572000,-0.148664
1684.573000,-0.119429
1684.574000,-0.131200
1684.575000,-0.194399
1684.576000,-0.307590
1684.577000,-0.233868
1684.578000,-0.361156
1684.579000,-0.412971
1684.580000,-0.254857
1684.581000,-0.280166
1684.582000,-0.182740
1684.583000,-0.063179
1684.584000,-0.011951
1684.585000,-0.041159
1684.586000,0.019036
1684.587000,0.125472
1684.588000,0.102950
1684.589000,0.303821
1684.590000,0.328096
1684.591000,0.406132
1684.592000,0.416226
1684.593000,0.416356
1684.594000,0.425556
1684.595000,0.568339
1684.596000,0.786823
1684.597000,0.744878
1684.598000,0.689658
1684.599000,0.705703
1684.600000,0.723866
1684.601000,0.566538
1684.602000,0.611486
1684.603000,0.511016
1684.604000,0.548373
1684.605000,0.563246
1684.606000,0.639447
1684.607000,0.585664
1684.608000,0.558779
1684.609000,0.607211
1684.610000,0.647767
1684.611000,0.622368
1684.612000,0.651506
1684.613000,0.379912
1684.614000,0.527810
1684.615000,0.420050
1684.616000,0.537990
1684.617000,0.335695
1684.618000,0.369453
1684.619000,0.344746
1684.620000,0.523528
1684.621000,0.359729
1684.622000,0.385165
1684.623000,0.224589
1684.624000,0.178197
1684.625000,0.060725
1684.626000,-0.090640
1684.627000,-0.124810
1684.628000,-0.161342
1684.629000,-0.059647
1684.630000,-0.203935
1684.631000,-0.336505
1684.632000,-0.296371
1684.633000,-0.391435
1684.634000,-0.459640
1684.635000,-0.402281
1684.636000,-0.233795
1684.637000,-0.206847
1684.638000,-0.068919
1684.639000,0.059005
1684.640000,-0.040188
1684.641000,0.175953
1684.642000,0.161292
1684.643000,0.126349
1684.644000,0.063847
1684.645000,0.067030
1684.646000,0.086158
1684.647000,0.207717
1684.648000,0.099003
1684.649000,-0.091061
1684.650000,0.020351
1684.651000,-0.022711
1684.652000,0.153780
1684.653000,0.074030
1684.654000,0.066240
1684.655000,0.083320
1684.656000,0.021680
1684.657000,-0.073007
1684.658000,0.030291
1684.659000,0.094680
1684.660000,0.209444
1684.661000,0.317624
1684.662000,0.246034
1684.663000,0.050713
1684.664000,0.003533
1684.665000,-0.110656
1684.666000,0.237230
1684.667000,0.202663
1684.668000,0.389249
1684.669000,0.155237
1684.670000,0.270825
1684.671000,0.284406
1684.672000,0.378339
1684.673000,0.312532
1684.674000,0.250698
1684.675000,0.246176
1684.676000,0.164604
1684.677000,0.238950
1684.678000,0.222787
1684.679000,0.089654
1684.680000,0.149581
1684.681000,0.236334
1684.682000,0.251550
1684.683000,0.172087
1684.684000,0.244649
1684.685000,0.235494
1684.686000,0.365462
1684.687000,0.372944
1684.688000,0.397708
1684.689000,0.473620
1684.690000,0.335669
1684.691000,0.328541
1684.692000,0.414449
1684.693000,0.225772
1684.694000,0.369852
1684.695000,0.229435
1684.696000,0.295338
1684.697000,0.503803
1684.698000,0.491887
1684.699000,0.379085
1684.700000,0.263858
1684.701000,0.329789
1684.702000,0.363157
1684.703000,0.660289
1684.704000,0.523875
1684.705000,0.491131
1684.706000,0.536247
1684.707000,0.606865
1684.708000,0.769602
1684.709000,0.924231
1684.710000,0.873217
1684.711000,0.793260
1684.712000,0.765734
1684.713000,0.580806
1684.714000,0.762757
1684.715000,0.725109
1684.716000,0.692573
1684.717000,0.801320
1684.718000,0.678229
1684.719000,0.725233
1684.720000,0.854416
1684.721000,0.926611
1684.722000,0.932466
1684.723000,0.782004
1684.724000,0.663933
1684.725000,0.568684
1684.726000,0.378352
1684.727000,0.252734
1684.728000,0.275712
1684.729000,0.133613
1684.730000,0.349519
1684.731000,0.424270
1684.732000,0.435014
1684.733000,0.402209
1684.734000,0.508445
1684.735000,0.503788
1684.736000,0.533379
1684.737000,0.810804
1684.738000,0.525162
1684.739000,0.428168
1684.740000,0.582914
1684.741000,0.542166
1684.742000,0.383674
1684.743000,0.361755
1684.744000,0.348964
1684.745000,0.411545
1684.746000,0.275715
1684.747000,0.190047
1684.748000,0.197889
1684.749000,0.116130
1684.750000,0.022124
1684.751000,-0.092313
1684.752000,0.013459
1684.753000,0.001270
1684.754000,0.008033
1684.755000,-0.008146
1684.756000,-0.054558
1684.757000,-0.246115
1684.758000,-0.233643
1684.759000,-0.353946
1684.760000,-0.395181
1684.761000,-0.587423
1684.762000,-0.600583
1684.763000,-0.731648
1684.764000,-0.844392
1684.765000,-0.880657
1684.766000,-0.992476
1684.767000,-1.061914
1684.768000,-1.055031
1684.769000,-0.899415
1684.770000,-0.874633
1684.771000,-0.915536
1684.772000,-0.865226
1684.773000,-0.751404
1684.774000,-0.768005
1684.775000,-0.657029
1684.776000,-0.618195
1684.777000,-0.576158
1684.778000,-0.495305
1684.779000,-0.488214
1684.780000,-0.476169
1684.781000,-0.506456
1684.782000,-0.604664
1684.783000,-0.534705
1684.784000,-0.465671
1684.785000,-0.496357
1684.786000,-0.621884
1684.787000,-0.600147
1684.788000,-0.737830
1684.789000,-0.783856
1684.790000,-0.656664
1684.791000,-0.758017
1684.792000,-0.726700
1684.793000,-0.744520
1684.794000,-0.687332
1684.795000,-0.570663
1684.796000,-0.514856
1684.797000,-0.409771
1684.798000,-0.431650
1684.799000,-0.453905
1684.800000,-0.396201
1684.801000,-0.392734
1684.802000,-0.274257
1684.803000,-0.103809
1684.804000,-0.159397
1684.805000,-0.253608
1684.806000,-0.413268
1684.807000,-0.404176
1684.808000,-0.575271
1684.809000,-0.485764
1684.810000,-0.375956
1684.811000,-0.218700
1684.812000,-0.195381
1684.813000,-0.111152
1684.814000,-0.120719
1684.815000,-0.018878
1684.816000,0.004753
1684.817000,0.079720
1684.818000,0.022686
1684.819000,0.088469
1684.820000,0.135750
1684.821000,0.140617
1684.822000,0.225407
1684.823000,0.006406
1684.824000,0.078908
1684.825000,0.157491
1684.826000,0.232598
1684.827000,0.195216
1684.828000,0.276195
1684.829000,0.335653
1684.830000,0.456966
1684.831000,0.520497
1684.832000,0.497679
1684.833000,0.427349
1684.834000,0.418665
1684.835000,0.613058
1684.836000,0.404581
1684.837000,0.504398
1684.838000,0.346599
1684.839000,0.256186
1684.840000,0.103606
1684.841000,0.147082
1684.842000,0.174221
1684.843000,0.277917
1684.844000,0.137641
1684.845000,0.098466
1684.846000,0.088659
1684.847000,0.148900
1684.848000,0.108873
1684.849000,-0.127987
1684.850000,-0.050802
1684.851000,0.021655
1684.852000,-0.069867
1684.853000,-0.073258
1684.854000,0.034485
1684.855000,0.066490
1684.856000,0.098792
1684.857000,0.052569
1684.858000,-0.029198
1684.859000,-0.061594
1684.860000,-0.002147
1684.861000,0.054847
1684.862000,0.063662
1684.863000,0.046014
1684.864000,0.042363
1684.865000,0.130201
1684.866000,0.171074
1684.867000,0.090408
1684.868000,0.110813
1684.869000,0.072986
1684.870000,0.095375
1684.871000,0.028393
1684.872000,0.143178
1684.873000,0.212875
1684.874000,0.218278
1684.875000,0.193862
1684.876000,0.018456
1684.877000,-0.013864
1684.878000,0.038112
1684.879000,-0.134500
1684.880000,-0.342571
1684.881000,-0.296040
1684.882000,-0.271333
1684.883000,-0.130453
1684.884000,-0.173372
1684.885000,-0.088227
1684.886000,-0.181602
1684.887000,-0.265477
1684.888000,-0.057243
1684.889000,-0.005928
1684.890000,-0.048633
1684.891000,-0.253345
1684.892000,-0.166758
1684.893000,-0.129433
1684.894000,-0.160027
1684.895000,-0.024394
1684.896000,-0.089384
1684.897000,-0.080468
1684.898000,-0.087759
1684.899000,-0.058476
1684.900000,-0.065492
1684.901000,-0.192522
1684.902000,-0.030089
1684.903000,-0.103692
1684.904000,-0.086160
1684.905000,-0.106194
1684.906000,-0.117637
1684.907000,-0.299782
1684.908000,-0.257571
1684.909000,-0.280609
1684.910000,-0.255408
1684.911000,-0.322105
1684.912000,-0.496019
1684.913000,-0.408218
1684.914000,-0.377749
1684.915000,-0.527570
1684.916000,-0.453028
1684.917000,-0.388190
1684.918000,-0.441133
1684.919000,-0.402290
1684.920000,-0.421630
1684.921000,-0.462462
1684.922000,-0.389435
1684.923000,-0.456974
1684.924000,-0.430047
1684.925000,-0.189428
1684.926000,-0.406541
1684.927000,-0.331406
1684.928000,-0.161264
1684.929000,-0.026542
1684.930000,0.137223
1684.931000,0.193511
1684.932000,0.108712
1684.933000,0.007153
1684.934000,-0.065124
1684.935000,0.102999
1684.936000,-0.072064
1684.937000,-0.013870
1684.938000,-0.078733
1684.939000,-0.173152
1684.940000,-0.223689
1684.941000,-0.294722
1684.942000,-0.251195
1684.943000,-0.138753
1684.944000,-0.180503
1684.945000,-0.295525
1684.946000,-0.182118
1684.947000,-0.014676
1684.948000,-0.111803
1684.949000,-0.058524
1684.950000,0.027439
1684.951000,-0.052578
1684.952000,-0.086687
1684.953000,-0.301318
1684.954000,-0.353692
1684.955000,-0.342025
1684.956000,-0.357521
1684.957000,-0.450158
1684.958000,-0.370797
1684.959000,-0.429852
1684.960000,-0.473523
1684.961000,-0.596487
1684.962000,-0.536705
1684.963000,-0.419839
1684.964000,-0.373430
1684.965000,-0.326529
1684.966000,-0.428829
1684.967000,-0.444673
1684.968000,-0.485922
1684.969000,-0.397047
1684.970000,-0.248921
1684.971000,-0.280713
1684.972000,-0.267227
1684.973000,-0.247984
1684.974000,-0.235085
1684.975000,-0.373791
1684.976000,-0.368922
1684.977000,-0.430543
1684.978000,-0.253352
1684.979000,-0.454434
1684.980000,-0.581026
1684.981000,-0.491779
1684.982000,-0.511454
1684.983000,-0.505077
1684.984000,-0.630391
1684.985000,-0.672651
1684.986000,-0.640397
1684.987000,-0.736893
1684.988000,-0.842252
1684.989000,-0.866455
1684.990000,-0.789444
1684.991000,-0.833986
1684.992000,-0.811820
1684.993000,-0.812297
1684.994000,-0.661349
1684.995000,-0.491549
1684.996000,-0.366508
1684.997000,-0.446985
1684.998000,-0.354775
1684.999000,-0.446682
1685.000000,-0.438049
1685.001000,-0.566025
1685.002000,-0.448121
1685.003000,-0.292537
1685.004000,-0.251013
1685.005000,-0.559009
1685.006000,-0.563651
1685.007000,-0.584312
1685.008000,-0.674715
1685.009000,-0.609614
1685.010000,-0.549238
1685.011000,-0.598479
1685.012000,-0.541971
1685.013000,-0.718809
1685.014000,-0.742276
1685.015000,-0.744478
1685.016000,-0.860902
1685.017000,-0.980185
1685.018000,-0.923973
1685.019000,-1.092480
1685.020000,-1.268469
1685.021000,-1.181561
1685.022000,-1.231834
1685.023000,-1.145967
1685.024000,-1.043271
1685.025000,-1.079634
1685.026000,-1.259198
1685.027000,-1.054216
1685.028000,-1.077210
1685.029000,-1.010891
1685.030000,-1.211586
1685.031000,-1.143552
1685.032000,-1.092918
1685.033000,-1.147622
1685.034000,-0.978118
1685.035000,-0.960079
1685.036000,-1.165614
1685.037000,-1.109456
1685.038000,-1.184738
1685.039000,-1.114128
1685.040000,-1.200226
1685.041000,-1.252131
1685.042000,-1.177142
1685.043000,-1.171112
1685.044000,-1.088785
1685.045000,-0.969693
1685.046000,-0.884869
1685.047000,-0.687484
1685.048000,-0.779615
1685.049000,-0.819385
1685.050000,-0.935169
1685.051000,-0.977971
1685.052000,-0.664707
1685.053000,-0.657215
1685.054000,-0.801536
1685.055000,-0.702341
1685.056000,-0.730151
1685.057000,-0.491067
1685.058000,-0.492559
1685.059000,-0.411462
1685.060000,-0.193328
1685.061000,-0.057965
1685.062000,-0.169614
1685.063000,-0.001856
1685.064000,-0.050657
1685.065000,0.111018
1685.066000,0.066029
1685.067000,0.270791
1685.068000,0.280255
1685.069000,0.275491
1685.070000,0.228457
1685.071000,0.391387
1685.072000,0.598275
1685.073000,0.675254
1685.074000,0.738566
1685.075000,0.703377
1685.076000,0.667876
1685.077000,0.827633
1685.078000,0.866171
1685.079000,0.920315
1685.080000,0.890940
1685.081000,0.640491
1685.082000,0.546832
1685.083000,0.457538
1685.084000,0.326424
1685.085000,0.511268
1685.086000,0.706677
1685.087000,0.751876
1685.088000,0.766530
1685.089000,0.806458
1685.090000,0.786613
1685.091000,0.734090
1685.092000,0.623605
1685.093000,0.706468
1685.094000,0.700753
1685.095000,0.678450
1685.096000,0.698498
1685.097000,0.859867
1685.098000,0.874136
1685.099000,0.954039
1685.100000,0.991616
1685.101000,0.969071
1685.102000,0.951954
1685.103000,0.823677
1685.104000,0.849940
1685.105000,0.897699
1685.106000,0.738795
1685.107000,0.812390
1685.108000,0.749771
1685.109000,0.548712
1685.110000,0.565159
1685.111000,0.476733
1685.112000,0.495925
1685.113000,0.600281
1685.114000,0.454522
1685.115000,0.405590
1685.116000,0.311815
1685.117000,0.291240
1685.118000,0.194557
1685.119000,0.359728
1685.120000,0.421475
1685.121000,0.449866
1685.122000,0.451270
1685.123000,0.586890
1685.124000,0.459125
1685.125000,0.572144
1685.126000,0.395827
1685.127000,0.424647
1685.128000,0.538016
1685.129000,0.395453
1685.130000,0.543583
1685.131000,0.587048
1685.132000,0.616511
1685.133000,0.580269
1685.134000,0.561848
1685.135000,0.618473
1685.136000,0.495683
1685.137000,0.651929
1685.138000,0.684127
1685.139000,0.753819
1685.140000,0.750437
1685.141000,0.760762
1685.142000,0.688360
1685.143000,0.556405
1685.144000,0.532833
1685.145000,0.544054
1685.146000,0.535166
1685.147000,0.533396
1685.148000,0.511925
1685.149000,0.526382
1685.150000,0.694783
1685.151000,0.791199
1685.152000,0.896868
1685.153000,0.932297
1685.154000,0.895589
1685.155000,1.041136
1685.156000,1.139178
1685.157000,1.188894
1685.158000,1.005790
1685.159000,0.928363
1685.160000,0.912309
1685.161000,0.919502
1685.162000,0.826339
1685.163000,0.894790
1685.164000,0.658131
1685.165000,0.757536
1685.166000,0.736418
1685.167000,0.589071
1685.168000,0.544805
1685.169000,0.631060
1685.170000,0.662784
1685.171000,0.554639
1685.172000,0.703289
1685.173000,0.653689
1685.174000,0.610149
1685.175000,0.594882
1685.176000,0.601130
1685.177000,0.555291
1685.178000,0.596564
1685.179000,0.453463
1685.180000,0.500138
1685.181000,0.534331
1685.182000,0.563245
1685.183000,0.724395
1685.184000,0.704183
1685.185000,0.682278
1685.186000,0.625657
1685.187000,0.584665
1685.188000,0.531332
1685.189000,0.573052
1685.190000,0.652604
1685.191000,0.705596
1685.192000,0.784318
1685.193000,0.642423
1685.194000,0.622494
1685.195000,0.569305
1685.196000,0.575213
1685.197000,0.650050
1685.198000,0.474871
1685.199000,0.564769
1685.200000,0.613111
1685.201000,0.675628
1685.202000,0.662914
1685.203000,0.623586
1685.204000,0.628552
1685.205000,0.441129
1685.206000,0.512030
1685.207000,0.396204
1685.208000,0.413494
1685.209000,0.301603
1685.210000,0.342859
1685.211000,0.393350
1685.212000,0.367728
1685.213000,0.338969
1685.214000,0.460277
1685.215000,0.401593
1685.216000,0.396126
1685.217000,0.379669
1685.218000,0.488645
1685.219000,0.490011
1685.220000,0.657323
1685.221000,0.560643
1685.222000,0.592033
1685.223000,0.464366
1685.224000,0.467726
1685.225000,0.354081
1685.226000,0.217383
1685.227000,0.216268
1685.228000,0.155556
1685.229000,0.101167
1685.230000,-0.055720
1685.231000,0.107149
1685.232000,-0.027174
1685.233000,-0.082008
1685.234000,-0.320402
1685.235000,-0.436493
1685.236000,-0.492745
1685.237000,-0.153557
1685.238000,-0.310654
1685.239000,-0.176063
1685.240000,0.002745
1685.241000,0.246488
1685.242000,0.378771
1685.243000,0.457487
1685.244000,0.424209
1685.245000,0.303786
1685.246000,0.243880
1685.247000,0.097630
1685.248000,-0.085925
1685.249000,-0.211321
1685.250000,-0.219809
1685.251000,-0.083030
1685.252000,-0.076800
1685.253000,0.021236
1685.254000,0.129225
1685.255000,0.154344
1685.256000,0.257150
1685.257000,0.220230
1685.258000,0.211415
1685.259000,0.292217
1685.260000,0.237724
1685.261000,0.218195
1685.262000,-0.074404
1685.263000,-0.088217
1685.264000,-0.165414
1685.265000,-0.188411
1685.266000,-0.311027
1685.267000,-0.366984
1685.268000,-0.156307
1685.269000,-0.005665
1685.270000,-0.133232
1685.271000,0.155429
1685.272000,0.101157
1685.273000,0.102857
1685.274000,0.153449
1685.275000,0.131258
1685.276000,0.026239
1685.277000,0.095818
1685.278000,0.057133
1685.279000,0.037675
1685.280000,0.008019
1685.281000,-0.169166
1685.282000,-0.321118
1685.283000,-0.152818
1685.284000,-0.042716
1685.285000,-0.090666
1685.286000,0.017778
1685.287000,0.031220
1685.288000,-0.071062
1685.289000,-0.223450
1685.290000,-0.230468
1685.291000,-0.253724
1685.292000,-0.406361
1685.293000,-0.334889
1685.294000,-0.290222
1685.295000,-0.311101
1685.296000,-0.385985
1685.297000,-0.706476
1685.298000,-0.749514
1685.299000,-0.772797
1685.300000,-0.892395
1685.301000,-0.932273
1685.302000,-0.919940
1685.303000,-0.809297
1685.304000,-0.727646
1685.305000,-0.597877
1685.306000,-0.676701
1685.307000,-0.709101
1685.308000,-0.778755
1685.309000,-0.738843
1685.310000,-0.882152
1685.311000,-0.686308
1685.312000,-0.697270
1685.313000,-0.513461
1685.314000,-0.375852
1685.315000,-0.540269
1685.316000,-0.677440
1685.317000,-0.719446
1685.318000,-0.874373
1685.319000,-0.718788
1685.320000,-0.688541
1685.321000,-0.432498
1685.322000,-0.197916
1685.323000,-0.227913
1685.324000,-0.321989
1685.325000,-0.325340
1685.326000,-0.194959
1685.327000,-0.144604
1685.328000,-0.131320
1685.329000,-0.023236
1685.330000,-0.047166
1685.331000,-0.125087
1685.332000,-0.095013
1685.333000,-0.052559
1685.334000,-0.028355
1685.335000,-0.095898
1685.336000,-0.406603
1685.337000,-0.388466
1685.338000,-0.477317
1685.339000,-0.408378
1685.340000,-0.443632
1685.341000,-0.602660
1685.342000,-0.514517
1685.343000,-0.515305
1685.344000,-0.669522
1685.345000,-0.714000
1685.346000,-0.533208
1685.347000,-0.410943
1685.348000,-0.779329
1685.349000,-0.854081
1685.350000,-0.796119
1685.351000,-0.671367
1685.352000,-0.846011
1685.353000,-0.805310
1685.354000,-0.664408
1685.355000,-0.815190
1685.356000,-0.865939
1685.357000,-1.029197
1685.358000,-0.889591
1685.359000,-0.945404
1685.360000,-1.014999
1685.361000,-1.102570
1685.362000,-1.204567
1685.363000,-1.292091
1685.364000,-1.316901
1685.365000,-1.070300
1685.366000,-1.077445
1685.367000,-1.200519
1685.368000,-1.118658
1685.369000,-1.017988
1685.370000,-0.890770
1685.371000,-0.803105
1685.372000,-0.843730
1685.373000,-0.838081
1685.374000,-0.833943
1685.375000,-0.965481
1685.376000,-0.902911
1685.377000,-0.843588
1685.378000,-0.739222
1685.379000,-0.845243
1685.380000,-0.806303
1685.381000,-0.904976
1685.382000,-0.940574
1685.383000,-0.926869
1685.384000,-0.986599
1685.385000,-1.125736
1685.386000,-1.238718
1685.387000,-1.167894
1685.388000,-1.099847
1685.389000,-0.891013
1685.390000,-0.712705
1685.391000,-0.607720
1685.392000,-0.468116
1685.393000,-0.514936
1685.394000,-0.710266
1685.395000,-0.749165
1685.396000,-0.802864
1685.397000,-0.724332
1685.398000,-0.872203
1685.399000,-0.782198
1685.400000,-0.861757
1685.401000,-0.790790
1685.402000,-0.831390
1685.403000,-0.652726
1685.404000,-0.435934
1685.405000,-0.256650
1685.406000,-0.402476
1685.407000,-0.391959
1685.408000,-0.228259
1685.409000,-0.211523
1685.410000,-0.042480
1685.411000,0.142915
1685.412000,0.127745
1685.413000,0.273436
1685.414000,0.189300
1685.415000,0.216699
1685.416000,0.159638
1685.417000,0.109747
1685.418000,0.242404
1685.419000,0.196640
1685.420000,0.207624
1685.421000,0.440841
1685.422000,0.395916
1685.423000,0.581878
1685.424000,0.591928
1685.425000,0.497257
1685.426000,0.724969
1685.427000,0.684776
1685.428000,0.698749
1685.429000,0.524614
1685.430000,0.438277
1685.431000,0.529340
1685.432000,0.533865
1685.433000,0.557162
1685.434000,0.465982
1685.435000,0.503518
1685.436000,0.643198
1685.437000,0.778566
1685.438000,0.722967
1685.439000,0.718918
1685.440000,0.672069
1685.441000,0.580740
1685.442000,0.751666
1685.443000,0.783246
1685.444000,0.765223
1685.445000,0.751862
1685.446000,0.659733
1685.447000,0.733660
1685.448000,0.777740
1685.449000,0.957305
1685.450000,1.062241
1685.451000,1.273997
1685.452000,1.387976
1685.453000,1.172086
1685.454000,1.114224
1685.455000,1.168361
1685.456000,1.178282
1685.457000,1.117558
1685.458000,1.142642
1685.459000,1.049736
1685.460000,1.017576
1685.461000,1.032767
1685.462000,1.186848
1685.463000,1.244705
1685.464000,1.320672
1685.465000,1.326482
1685.466000,1.188631
1685.467000,1.032318
1685.468000,1.075138
1685.469000,1.076970
1685.470000,1.149309
1685.471000,1.331522
1685.472000,1.326534
1685.473000,1.347364
1685.474000,1.332887
1685.475000,1.238864
1685.476000,1.289103
1685.477000,1.301242
1685.478000,1.272973
1685.479000,1.129078
1685.480000,0.870821
1685.481000,0.788575
1685.482000,0.821811
1685.483000,0.800909
1685.484000,0.763012
1685.485000,0.781674
1685.486000,0.714545
1685.487000,0.714764
1685.488000,0.697127
1685.489000,0.686972
1685.490000,0.579036
1685.491000,0.500854
1685.492000,0.538236
1685.493000,0.515261
1685.494000,0.554086
1685.495000,0.669531
1685.496000,0.563185
1685.497000,0.697297
1685.498000,0.846891
1685.499000,0.800907
1685.500000,0.760413
1685.501000,0.940257
1685.502000,1.121227
1685.503000,1.037729
1685.504000,0.987118
1685.505000,0.895949
1685.506000,0.917013
1685.507000,0.847636
1685.508000,0.580954
1685.509000,0.508868
1685.510000,0.433752
1685.511000,0.419212
1685.512000,0.496991
1685.513000,0.591811
1685.514000,0.711197
1685.515000,0.728942
1685.516000,0.660517
1685.517000,0.748677
1685.518000,0.813873
1685.519000,0.925108
1685.520000,0.894162
1685.521000,0.887165
1685.522000,0.785588
1685.523000,1.017774
1685.524000,0.950765
1685.525000,0.997664
1685.526000,0.994568
1685.527000,0.966398
1685.528000,1.053916
1685.529000,1.093300
1685.530000,1.233263
1685.531000,1.225905
1685.532000,1.195128
1685.533000,1.187635
1685.534000,1.036725
1685.535000,0.924051
1685.536000,0.840860
1685.537000,0.908844
1685.538000,0.826669
1685.539000,0.652308
1685.540000,0.555319
1685.541000,0.576769
1685.542000,0.411877
1685.543000,0.319797
1685.544000,0.283786
1685.545000,0.169519
1685.546000,-0.125964
1685.547000,-0.163167
1685.548000,-0.103694
1685.549000,-0.189296
1685.550000,-0.095628
1685.551000,0.098524
1685.552000,-0.017914
1685.553000,-0.110129
1685.554000,0.013685
1685.555000,-0.071765
1685.556000,-0.199757
1685.557000,-0.264345
1685.558000,-0.204545
1685.559000,-0.373605
1685.560000,-0.423992
1685.561000,-0.587720
1685.562000,-0.624120
1685.563000,-0.674390
1685.564000,-0.866859
1685.565000,-0.817976
1685.566000,-0.556104
1685.567000,-0.564657
1685.568000,-0.554933
1685.569000,-0.658422
1685.570000,-0.465043
1685.571000,-0.551930
1685.572000,-0.568712
1685.573000,-0.576877
1685.574000,-0.398763
1685.575000,-0.429739
1685.576000,-0.395229
1685.577000,-0.380470
1685.578000,-0.307352
1685.579000,-0.132441
1685.580000,-0.161221
1685.581000,-0.181268
1685.582000,-0.228709
1685.583000,-0.175117
1685.584000,-0.277209
1685.585000,-0.280852
1685.586000,-0.372918
1685.587000,-0.323726
1685.588000,-0.330135
1685.589000,-0.209133
1685.590000,-0.288056
1685.591000,-0.170975
1685.592000,0.019246
1685.593000,0.031710
1685.594000,0.155646
1685.595000,0.308832
1685.596000,0.362586
1685.597000,0.280415
1685.598000,0.383524
1685.599000,0.572283
1685.600000,0.655501
1685.601000,0.717351
1685.602000,0.711542
1685.603000,0.523627
1685.604000,0.511564
1685.605000,0.543781
1685.606000,0.576649
1685.607000,0.440454
1685.608000,0.346055
1685.609000,0.354252
1685.610000,0.326026
1685.611000,0.439933
1685.612000,0.585357
1685.613000,0.589257
1685.614000,0.864813
1685.615000,0.745758
1685.616000,0.655888
1685.617000,0.406407
1685.618000,0.598400
1685.619000,0.516155
1685.620000,0.458232
1685.621000,0.435168
1685.622000,0.365147
1685.623000,0.380268
1685.624000,0.059053
1685.625000,-0.110616
1685.626000,-0.204610
1685.627000,-0.309365
1685.628000,-0.575596
1685.629000,-0.688395
1685.630000,-0.651480
1685.631000,-0.648141
1685.632000,-0.697672
1685.633000,-0.696284
1685.634000,-0.692634
1685.635000,-0.688526
1685.636000,-0.628190
1685.637000,-0.579328
1685.638000,-0.491932
1685.639000,-0.669457
1685.640000,-0.740261
1685.641000,-0.889976
1685.642000,-0.842107
1685.643000,-0.761071
1685.644000,-0.924934
1685.645000,-1.061468
1685.646000,-1.109407
1685.647000,-1.181964
1685.648000,-1.419740
1685.649000,-1.413388
1685.650000,-1.353695
1685.651000,-1.172961
1685.652000,-1.152539
1685.653000,-1.223925
1685.654000,-1.281816
1685.655000,-1.327750
1685.656000,-1.260840
1685.657000,-1.206004
1685.658000,-1.172337
1685.659000,-1.140146
1685.660000,-1.259528
1685.661000,-1.332312
1685.662000,-1.383068
1685.663000,-1.523929
1685.664000,-1.548909
1685.665000,-1.579394
1685.666000,-1.593946
1685.667000,-1.325923
1685.668000,-1.251700
1685.669000,-1.069381
1685.670000,-0.997956
1685.671000,-0.944959
1685.672000,-0.903231
1685.673000,-0.866776
1685.674000,-0.911209
1685.675000,-0.675180
1685.676000,-0.718134
1685.677000,-0.733377
1685.678000,-0.739910
1685.679000,-0.789493
1685.680000,-0.752001
1685.681000,-0.647325
1685.682000,-0.592424
1685.683000,-0.701140
1685.684000,-0.638418
1685.685000,-0.831607
1685.686000,-0.896225
1685.687000,-0.797077
1685.688000,-0.802635
1685.689000,-0.559491
1685.690000,-0.587017
1685.691000,-0.469029
1685.692000,-0.655182
1685.693000,-0.720853
1685.694000,-0.697813
1685.695000,-0.530758
1685.696000,-0.538461
1685.697000,-0.438214
1685.698000,-0.280958
1685.699000,-0.261510
1685.700000,-0.330753
1685.701000,-0.134139
1685.702000,-0.011132
1685.703000,0.014110
1685.704000,-0.002638
1685.705000,0.029736
1685.706000,0.165105
1685.707000,0.200201
1685.708000,0.269345
1685.709000,0.247892
1685.710000,0.287520
1685.711000,0.212011
1685.712000,0.412566
1685.713000,0.342270
1685.714000,0.201046
1685.715000,0.315613
1685.716000,0.202136
1685.717000,0.024804
1685.718000,0.024551
1685.719000,0.126767
1685.720000,0.243042
1685.721000,0.130439
1685.722000,0.064927
1685.723000,0.155439
1685.724000,0.269589
1685.725000,0.326494
1685.726000,0.539219
1685.727000,0.571280
1685.728000,0.545044
1685.729000,0.407188
1685.730000,0.469039
1685.731000,0.638903
1685.732000,0.422577
1685.733000,0.337855
1685.734000,0.343302
1685.735000,0.264359
1685.736000,0.062717
1685.737000,0.095011
1685.738000,0.096710
1685.739000,0.225660
1685.740000,0.223744
1685.741000,0.163462
1685.742000,0.182427
1685.743000,0.160089
1685.744000,0.171263
1685.745000,0.184226
1685.746000,0.276281
1685.747000,0.167134
1685.748000,0.298870
1685.749000,0.225654
1685.750000,0.146472
1685.751000,0.103154
1685.752000,0.049222
1685.753000,0.012893
1685.754000,0.176244
1685.755000,0.156814
1685.756000,0.325393
1685.757000,0.263941
1685.758000,0.211731
1685.759000,0.225361
1685.760000,0.095207
1685.761000,-0.058554
1685.762000,0.185082
1685.763000,0.278015
1685.764000,0.113779
1685.765000,0.109206
1685.766000,0.048318
1685.767000,0.087705
1685.768000,0.127966
1685.769000,0.190311
1685.770000,0.225746
1685.771000,0.289451
1685.772000,0.309351
1685.773000,0.420503
1685.774000,0.277003
1685.775000,0.208448
1685.776000,0.311515
1685.777000,0.238015
1685.778000,0.252693
1685.779000,0.159048
1685.780000,0.025337
1685.781000,-0.118436
1685.782000,-0.197520
1685.783000,-0.291153
1685.784000,-0.286935
1685.785000,-0.207973
1685.786000,-0.229459
1685.787000,-0.144533
1685.788000,-0.182920
1685.789000,-0.106706
1685.790000,-0.087937
1685.791000,-0.046591
1685.792000,-0.172391
1685.793000,-0.131105
1685.794000,-0.088992
1685.795000,-0.156957
1685.796000,-0.070195
1685.797000,-0.065986
1685.798000,0.053727
1685.799000,0.085568
1685.800000,0.169175
1685.801000,0.252064
1685.802000,0.140663
1685.803000,0.180528
1685.804000,0.196368
1685.805000,0.233807
1685.806000,0.146580
1685.807000,0.186121
1685.808000,0.170026
1685.809000,0.338092
1685.810000,0.171686
1685.811000,0.349947
1685.812000,0.382602
1685.813000,0.354471
1685.814000,0.479288
1685.815000,0.562717
1685.816000,0.719720
1685.817000,0.704793
1685.818000,0.804420
1685.819000,0.918860
1685.820000,0.876369
1685.821000,0.942575
1685.822000,0.873089
1685.823000,0.698645
1685.824000,0.572435
1685.825000,0.583202
1685.826000,0.493766
1685.827000,0.400638
1685.828000,0.202242
1685.829000,-0.008782
1685.830000,-0.094504
1685.831000,-0.049224
1685.832000,0.001020
1685.833000,0.025798
1685.834000,0.162457
1685.835000,0.170696
1685.836000,0.358299
1685.837000,0.269123
1685.838000,0.139472
1685.839000,0.160785
1685.840000,-0.005877
1685.841000,-0.071311
1685.842000,-0.102413
1685.843000,-0.067156
1685.844000,-0.090067
1685.845000,-0.038271
1685.846000,0.053671
1685.847000,0.125913
1685.848000,0.026440
1685.849000,0.093759
1685.850000,0.120379
1685.851000,0.162187
1685.852000,0.131241
1685.853000,0.134182
1685.854000,-0.014963
1685.855000,0.117007
1685.856000,0.043150
1685.857000,-0.105444
1685.858000,-0.174992
1685.859000,-0.214367
1685.860000,-0.188642
1685.861000,-0.114475
1685.862000,0.006500
1685.863000,0.086648
1685.864000,-0.007536
1685.865000,0.043675
1685.866000,0.096765
1685.867000,0.023488
1685.868000,-0.090411
1685.869000,-0.009778
1685.870000,-0.142044
1685.871000,-0.173091
1685.872000,-0.121557
1685.873000,0.260317
1685.874000,0.269159
1685.875000,0.351589
1685.876000,0.184204
1685.877000,0.214943
1685.878000,0.115754
1685.879000,0.023983
1685.880000,-0.042735
1685.881000,-0.155224
1685.882000,-0.042232
1685.883000,-0.141774
1685.884000,-0.160882
1685.885000,-0.293246
1685.886000,-0.128022
1685.887000,-0.213774
1685.888000,0.058429
1685.889000,-0.141418
1685.890000,-0.167046
1685.891000,-0.220946
1685.892000,-0.070748
1685.893000,-0.165403
1685.894000,-0.151997
1685.895000,-0.092744
1685.896000,-0.165971
1685.897000,-0.198703
1685.898000,-0.257698
1685.899000,-0.224155
1685.900000,-0.165756
1685.901000,-0.216867
1685.902000,-0.308439
1685.903000,-0.190078
1685.904000,-0.355201
1685.905000,-0.317485
1685.906000,-0.205334
1685.907000,-0.199296
1685.908000,-0.251721
1685.909000,-0.156637
1685.910000,-0.121201
1685.911000,-0.166431
1685.912000,-0.259983
1685.913000,-0.316141
1685.914000,-0.082257
1685.915000,-0.243829
1685.916000,-0.201482
1685.917000,-0.220059
1685.918000,-0.283650
1685.919000,-0.184513
1685.920000,-0.266391
1685.921000,-0.106508
1685.922000,-0.115797
1685.923000,-0.225499
1685.924000,-0.430799
1685.925000,-0.316265
1685.926000,-0.256958
1685.927000,-0.271437
1685.928000,-0.156779
1685.929000,-0.190378
1685.930000,-0.163726
1685.931000,-0.093757
1685.932000,-0.089246
1685.933000,-0.058329
1685.934000,-0.020068
1685.935000,0.118397
1685.936000,-0.065502
1685.937000,-0.142947
1685.938000,-0.219587
1685.939000,-0.162141
1685.940000,-0.194949
1685.941000,-0.301424
1685.942000,-0.271530
1685.943000,-0.224290
1685.944000,-0.366884
1685.945000,-0.303635
1685.946000,-0.412440
1685.947000,-0.213244
1685.948000,-0.162802
1685.949000,-0.079412
1685.950000,0.000375
1685.951000,-0.112532
1685.952000,-0.199993
1685.953000,-0.295690
1685.954000,-0.169074
1685.955000,-0.215115
1685.956000,-0.318839
1685.957000,-0.256102
1685.958000,-0.115612
1685.959000,-0.025876
1685.960000,-0.012649
1685.961000,0.102453
1685.962000,0.033372
1685.963000,-0.146905
1685.964000,-0.039979
1685.965000,-0.056796
1685.966000,-0.140608
1685.967000,-0.190412
1685.968000,-0.212380
1685.969000,-0.157407
1685.970000,-0.147110
1685.971000,-0.243647
1685.972000,-0.191824
1685.973000,-0.209057
1685.974000,-0.208177
1685.975000,-0.340137
1685.976000,-0.372864
1685.977000,-0.291731
1685.978000,-0.192378
1685.979000,-0.181745
1685.980000,-0.303733
1685.981000,-0.234976
1685.982000,-0.392483
1685.983000,-0.258987
1685.984000,-0.315783
1685.985000,-0.320218
1685.986000,-0.400640
1685.987000,-0.438846
1685.988000,-0.427310
1685.989000,-0.251276
1685.990000,-0.332634
1685.991000,-0.397555
1685.992000,-0.272205
1685.993000,-0.224646
1685.994000,-0.038524
1685.995000,0.054516
1685.996000,0.015646
1685.997000,0.131809
1685.998000,-0.009270
1685.999000,-0.074821
1686.000000,0.094101
1686.001000,0.112675
1686.002000,0.066986
1686.003000,0.084751
1686.004000,0.045542
1686.005000,-0.126403
1686.006000,-0.060579
1686.007000,-0.191455
1686.008000,-0.052584
1686.009000,-0.100535
1686.010000,-0.095580
1686.011000,-0.211907
1686.012000,-0.325466
1686.013000,-0.542828
1686.014000,-0.455680
1686.015000,-0.342549
1686.016000,-0.317768
1686.017000,-0.289008
1686.018000,-0.190334
1686.019000,-0.047478
1686.020000,-0.076812
1686.021000,-0.130990
1686.022000,-0.302707
1686.023000,-0.383742
1686.024000,-0.243538
1686.025000,-0.254761
1686.026000,-0.465731
1686.027000,-0.380904
1686.028000,-0.252028
1686.029000,-0.180543
1686.030000,-0.076905
1686.031000,-0.194486
1686.032000,-0.308615
1686.033000,-0.399856
1686.034000,-0.533155
1686.035000,-0.466969
1686.036000,-0.380700
1686.037000,-0.448494
1686.038000,-0.305428
1686.039000,-0.197602
1686.040000,-0.155122
1686.041000,-0.206027
1686.042000,-0.166207
1686.043000,-0.141762
1686.044000,-0.226794
1686.045000,-0.147885
1686.046000,-0.138355
1686.047000,-0.064102
1686.048000,-0.126648
1686.049000,-0.058692
1686.050000,0.008378
1686.051000,-0.051855
1686.052000,-0.154846
1686.053000,-0.179947
1686.054000,-0.068417
1686.055000,-0.116251
1686.056000,-0.066425
1686.057000,-0.065360
1686.058000,-0.043183
1686.059000,-0.191708
1686.060000,-0.128414
1686.061000,-0.228264
1686.062000,-0.273047
1686.063000,-0.262581
1686.064000,-0.219565
1686.065000,-0.101652
1686.066000,-0.373622
1686.067000,-0.347779
1686.068000,-0.309360
1686.069000,-0.428597
1686.070000,-0.385576
1686.071000,-0.309908
1686.072000,-0.250168
1686.073000,-0.218890
1686.074000,-0.027244
1686.075000,-0.194166
1686.076000,-0.053499
1686.077000,-0.258888
1686.078000,-0.284282
1686.079000,-0.308339
1686.080000,-0.189200
1686.081000,-0.143726
1686.082000,-0.072477
1686.083000,-0.368556
1686.084000,-0.354352
1686.085000,-0.272569
1686.086000,-0.226595
1686.087000,-0.180271
1686.088000,-0.228482
1686.089000,-0.064378
1686.090000,-0.188304
1686.091000,-0.124300
1686.092000,-0.157473
1686.093000,-0.205895
1686.094000,-0.244986
1686.095000,-0.117015
1686.096000,-0.092558
1686.097000,-0.136306
1686.098000,-0.035659
1686.099000,-0.006814
1686.100000,0.074290
1686.101000,0.019225
1686.102000,-0.030659
1686.103000,-0.039538
1686.104000,-0.096385
1686.105000,-0.174163
1686.106000,0.011105
1686.107000,0.042013
1686.108000,-0.079913
1686.109000,-0.135211
1686.110000,-0.191850
1686.111000,-0.175901
1686.112000,-0.205909
1686.113000,-0.195963
1686.114000,-0.247899
1686.115000,-0.430571
1686.116000,-0.070721
1686.117000,-0.061529
1686.118000,0.026018
1686.119000,0.218254
1686.120000,0.206789
1686.121000,0.098885
1686.122000,0.036102
1686.123000,0.117269
1686.124000,0.052714
1686.125000,0.074364
1686.126000,0.139574
1686.127000,-0.066811
1686.128000,0.021176
1686.129000,-0.051290
1686.130000,-0.003031
1686.131000,0.059807
1686.132000,0.209797
1686.133000,0.281762
1686.134000,0.178158
1686.135000,0.086773
1686.136000,0.088683
1686.137000,0.080121
1686.138000,0.229968
1686.139000,0.126251
1686.140000,0.148428
1686.141000,0.187392
1686.142000,0.070100
1686.143000,0.137290
1686.144000,0.143855
1686.145000,0.368388
1686.146000,0.426974
1686.147000,0.539370
1686.148000,0.387955
1686.149000,0.460109
1686.150000,0.425963
1686.151000,0.603135
1686.152000,0.540298
1686.153000,0.806545
1686.154000,0.893464
1686.155000,0.843568
1686.156000,0.872136
1686.157000,0.980505
1686.158000,0.775283
1686.159000,0.813286
1686.160000,0.748671
1686.161000,0.856348
1686.162000,0.854260
1686.163000,0.660499
1686.164000,0.638519
1686.165000,0.632351
1686.166000,0.652785
1686.167000,0.613706
1686.168000,0.524711
1686.169000,0.472443
1686.170000,0.589768
1686.171000,0.442397
1686.172000,0.505100
1686.173000,0.372526
1686.174000,0.437002
1686.175000,0.310336
1686.176000,0.481453
1686.177000,0.549096
1686.178000,0.354951
1686.179000,0.313063
1686.180000,0.412912
1686.181000,0.366545
1686.182000,0.349739
1686.183000,0.153100
1686.184000,0.064289
1686.185000,0.046880
1686.186000,0.174353
1686.187000,0.147857
1686.188000,0.245148
1686.189000,0.087768
1686.190000,0.151097
1686.191000,0.188133
1686.192000,0.195213
1686.193000,0.344980
1686.194000,0.212601
1686.195000,0.165911
1686.196000,0.177042
1686.197000,0.141618
1686.198000,0.079906
1686.199000,0.185522
1686.200000,0.249342
1686.201000,0.303069
1686.202000,0.287619
1686.203000,0.195662
1686.204000,0.123892
1686.205000,0.273549
1686.206000,0.293555
1686.207000,0.156792
1686.208000,0.256789
1686.209000,0.062719
1686.210000,0.085700
1686.211000,0.184150
1686.212000,0.145370
1686.213000,-0.056150
1686.214000,-0.022655
1686.215000,-0.001995
1686.216000,0.176298
1686.217000,0.202411
1686.218000,0.095534
1686.219000,-0.000074
1686.220000,0.033292
1686.221000,-0.111667
1686.222000,-0.008515
1686.223000,-0.038588
1686.224000,-0.134214
1686.225000,-0.160371
1686.226000,-0.107420
1686.227000,-0.142583
1686.228000,-0.250363
1686.229000,-0.202726
1686.230000,-0.243602
1686.231000,-0.117921
1686.232000,-0.102825
1686.233000,-0.097955
1686.234000,-0.302520
1686.235000,-0.420877
1686.236000,-0.178219
1686.237000,-0.256429
1686.238000,-0.241787
1686.239000,-0.140414
1686.240000,-0.050204
1686.241000,-0.112648
1686.242000,-0.069303
1686.243000,-0.100689
1686.244000,-0.134449
1686.245000,-0.186066
1686.246000,-0.142007
1686.247000,-0.086028
1686.248000,-0.157715
1686.249000,-0.100015
1686.250000,-0.051343
1686.251000,-0.069285
1686.252000,-0.008639
1686.253000,0.007838
1686.254000,-0.205752
1686.255000,-0.125486
1686.256000,-0.037654
1686.257000,-0.049674
1686.258000,-0.345732
1686.259000,-0.347106
1686.260000,-0.490344
1686.261000,-0.579818
1686.262000,-0.520693
1686.263000,-0.483112
1686.264000,-0.459593
1686.265000,-0.418503
1686.266000,-0.361149
1686.267000,-0.350847
1686.268000,-0.174409
1686.269000,-0.079137
1686.270000,-0.151052
1686.271000,-0.246523
1686.272000,-0.107554
1686.273000,-0.227524
1686.274000,-0.221180
1686.275000,-0.054452
1686.276000,0.076499
1686.277000,0.023973
1686.278000,-0.079144
1686.279000,-0.307131
1686.280000,-0.391693
1686.281000,-0.248488
1686.282000,-0.171590
1686.283000,-0.206216
1686.284000,-0.279681
1686.285000,-0.412078
1686.286000,-0.350966
1686.287000,-0.240161
1686.288000,-0.243132
1686.289000,-0.275516
1686.290000,-0.433633
1686.291000,-0.394103
1686.292000,-0.238901
1686.293000,-0.059277
1686.294000,-0.048114
1686.295000,-0.084919
1686.296000,-0.250734
1686.297000,-0.209101
1686.298000,-0.234550
1686.299000,-0.188680
1686.300000,-0.218112
1686.301000,-0.281898
1686.302000,0.036188
1686.303000,-0.110554
1686.304000,-0.098938
1686.305000,-0.165030
1686.306000,-0.093495
1686.307000,-0.048131
1686.308000,0.134493
1686.309000,0.085996
1686.310000,-0.156076
1686.311000,-0.070350
1686.312000,-0.104509
1686.313000,-0.119109
1686.314000,0.028839
1686.315000,-0.068763
1686.316000,-0.100064
1686.317000,-0.041221
1686.318000,-0.128374
1686.319000,-0.063248
1686.320000,-0.041019
1686.321000,0.067122
1686.322000,-0.038706
1686.323000,0.009641
1686.324000,-0.056847
1686.325000,-0.228694
1686.326000,-0.234658
1686.327000,-0.167237
1686.328000,-0.103684
1686.329000,-0.039314
1686.330000,0.026917
1686.331000,-0.126648
1686.332000,-0.041253
1686.333000,0.244627
1686.334000,0.294044
1686.335000,0.265365
1686.336000,0.315542
1686.337000,0.238446
1686.338000,0.433042
1686.339000,0.299333
1686.340000,0.246424
1686.341000,0.396755
1686.342000,0.349366
1686.343000,0.435069
1686.344000,0.348023
1686.345000,0.452671
1686.346000,0.430335
1686.347000,0.436961
1686.348000,0.569993
1686.349000,0.401057
1686.350000,0.288925
1686.351000,0.521360
1686.352000,0.622197
1686.353000,0.625821
1686.354000,0.768433
1686.355000,0.900795
1686.356000,0.802917
1686.357000,0.986706
1686.358000,0.956347
1686.359000,1.082047
1686.360000,1.129973
1686.361000,1.219702
1686.362000,1.198226
1686.363000,1.169338
1686.364000,1.305511
1686.365000,1.276038
1686.366000,1.118250
1686.367000,1.013014
1686.368000,1.136606
1686.369000,1.219993
1686.370000,1.307355
1686.371000,1.310272
1686.372000,1.197219
1686.373000,1.171892
1686.374000,1.105739
1686.375000,1.078519
1686.376000,0.900310
1686.377000,0.877550
1686.378000,0.718060
1686.379000,0.685351
1686.380000,0.536222
1686.381000,0.535114
1686.382000,0.467467
1686.383000,0.522291
1686.384000,0.411395
1686.385000,0.234368
1686.386000,0.310211
1686.387000,0.428985
1686.388000,0.432180
1686.389000,0.358597
1686.390000,0.428713
1686.391000,0.412401
1686.392000,0.375594
1686.393000,0.259680
1686.394000,0.217434
1686.395000,0.176012
1686.396000,0.081576
1686.397000,-0.105058
1686.398000,0.059153
1686.399000,0.071527
1686.400000,0.255058
1686.401000,0.469408
1686.402000,0.416596
1686.403000,0.174634
1686.404000,0.137306
1686.405000,-0.023469
1686.406000,-0.038775
1686.407000,-0.096862
1686.408000,-0.035038
1686.409000,-0.064516
1686.410000,-0.386840
1686.411000,-0.454490
1686.412000,-0.319983
1686.413000,-0.266448
1686.414000,-0.030842
1686.415000,-0.232946
1686.416000,-0.132990
1686.417000,0.085564
1686.418000,-0.156015
1686.419000,-0.378438
1686.420000,-0.316057
1686.421000,-0.459176
1686.422000,-0.404632
1686.423000,-0.493352
1686.424000,-0.418946
1686.425000,-0.280727
1686.426000,-0.382282
1686.427000,-0.446765
1686.428000,-0.581644
1686.429000,-0.355005
1686.430000,-0.199028
1686.431000,-0.343805
1686.432000,-0.312736
1686.433000,-0.232719
1686.434000,-0.269008
1686.435000,-0.275207
1686.436000,-0.370252
1686.437000,-0.349083
1686.438000,-0.405530
1686.439000,-0.457400
1686.440000,-0.337985
1686.441000,-0.444322
1686.442000,-0.305550
1686.443000,-0.126198
1686.444000,-0.066176
1686.445000,-0.036943
1686.446000,0.002047
1686.447000,-0.001242
1686.448000,-0.054848
1686.449000,0.099832
1686.450000,0.132890
1686.451000,0.211638
1686.452000,0.303394
1686.453000,0.207979
1686.454000,0.043718
1686.455000,-0.003963
1686.456000,-0.089669
1686.457000,-0.157009
1686.458000,-0.151810
1686.459000,-0.247483
1686.460000,-0.183448
1686.461000,-0.283587
1686.462000,-0.139301
1686.463000,-0.162652
1686.464000,-0.117921
1686.465000,-0.011216
1686.466000,0.142832
1686.467000,0.222202
1686.468000,0.268735
1686.469000,0.281368
1686.470000,0.140407
1686.471000,0.270417
1686.472000,0.274624
1686.473000,0.318924
1686.474000,0.254053
1686.475000,0.419077
1686.476000,0.491677
1686.477000,0.454211
1686.478000,0.345543
1686.479000,0.374199
1686.480000,0.095815
1686.481000,0.093194
1686.482000,0.247126
1686.483000,0.072157
1686.484000,0.014915
1686.485000,0.079330
1686.486000,0.032408
1686.487000,0.010399
1686.488000,0.059123
1686.489000,0.049592
1686.490000,-0.123774
1686.491000,-0.223864
1686.492000,-0.138405
1686.493000,-0.055058
1686.494000,0.287295
1686.495000,0.128622
1686.496000,0.067238
1686.497000,0.123523
1686.498000,0.256553
1686.499000,0.259153
1686.500000,0.382302
1686.501000,0.375578
1686.502000,0.493549
1686.503000,0.368939
1686.504000,0.484331
1686.505000,0.291012
1686.506000,0.421126
1686.507000,0.352551
1686.508000,0.445425
1686.509000,0.244748
1686.510000,0.297266
1686.511000,0.255384
1686.512000,0.093843
1686.513000,0.122551
1686.514000,0.165558
1686.515000,0.337909
1686.516000,0.289652
1686.517000,0.099528
1686.518000,-0.057846
1686.519000,-0.021350
1686.520000,0.087370
1686.521000,0.150267
1686.522000,0.301470
1686.523000,0.202756
1686.524000,0.318231
1686.525000,0.226418
1686.526000,0.396362
1686.527000,0.487170
1686.528000,0.529964
1686.529000,0.625110
1686.530000,0.419726
1686.531000,0.315797
1686.532000,0.403630
1686.533000,0.398929
1686.534000,0.385314
1686.535000,0.629199
1686.536000,0.658935
1686.537000,0.696608
1686.538000,0.571215
1686.539000,0.556728
1686.540000,0.547014
1686.541000,0.662914
1686.542000,0.737603
1686.543000,0.736704
1686.544000,0.759927
1686.545000,0.798048
1686.546000,0.805566
1686.547000,0.879884
1686.548000,0.907005
1686.549000,0.824199
1686.550000,0.649452
1686.551000,0.742688
1686.552000,0.639154
1686.553000,0.464863
1686.554000,0.431524
1686.555000,0.418687
1686.556000,0.373132
1686.557000,0.395910
1686.558000,0.264748
1686.559000,0.307393
1686.560000,0.394853
1686.561000,0.379728
1686.562000,0.206457
1686.563000,0.252757
1686.564000,0.274382
1686.565000,0.223369
1686.566000,0.309397
1686.567000,0.512424
1686.568000,0.497670
1686.569000,0.464354
1686.570000,0.203767
1686.571000,0.284107
1686.572000,0.241990
1686.573000,0.238320
1686.574000,0.177484
1686.575000,0.144738
1686.576000,0.217184
1686.577000,0.210160
1686.578000,0.154698
1686.579000,0.209515
1686.580000,0.045671
1686.581000,-0.012765
1686.582000,0.058730
1686.583000,-0.003259
1686.584000,0.022031
1686.585000,-0.064913
1686.586000,-0.364874
1686.587000,-0.522739
1686.588000,-0.574940
1686.589000,-0.523991
1686.590000,-0.482863
1686.591000,-0.519078
1686.592000,-0.407068
1686.593000,-0.381452
1686.594000,-0.405757
1686.595000,-0.287453
1686.596000,-0.334825
1686.597000,-0.322412
1686.598000,-0.420864
1686.599000,-0.427981
1686.600000,-0.675451
1686.601000,-0.818869
1686.602000,-0.794226
1686.603000,-0.828742
1686.604000,-0.714532
1686.605000,-0.834478
1686.606000,-0.722275
1686.607000,-0.712938
1686.608000,-0.727498
1686.609000,-0.555001
1686.610000,-0.466059
1686.611000,-0.596364
1686.612000,-0.757311
1686.613000,-0.835073
1686.614000,-0.886612
1686.615000,-0.919354
1686.616000,-0.871918
1686.617000,-0.942088
1686.618000,-0.852197
1686.619000,-0.994382
1686.620000,-0.893251
1686.621000,-0.914706
1686.622000,-0.873602
1686.623000,-0.671709
1686.624000,-0.744745
1686.625000,-0.655189
1686.626000,-0.747902
1686.627000,-0.521231
1686.628000,-0.468946
1686.629000,-0.486458
1686.630000,-0.324069
1686.631000,-0.367214
1686.632000,-0.381920
1686.633000,-0.523951
1686.634000,-0.576741
1686.635000,-0.419338
1686.636000,-0.351687
1686.637000,-0.473097
1686.638000,-0.400032
1686.639000,-0.490196
1686.640000,-0.293174
1686.641000,-0.311791
1686.642000,-0.255951
1686.643000,-0.427916
1686.644000,-0.243467
1686.645000,-0.291728
1686.646000,-0.261782
1686.647000,-0.257293
1686.648000,-0.272402
1686.649000,-0.331126
1686.650000,-0.378123
1686.651000,-0.420557
1686.652000,-0.361609
1686.653000,-0.526728
1686.654000,-0.539129
1686.655000,-0.533094
1686.656000,-0.570069
1686.657000,-0.486331
1686.658000,-0.498148
1686.659000,-0.438894
1686.660000,-0.247257
1686.661000,-0.158600
1686.662000,-0.211588
1686.663000,-0.300161
1686.664000,-0.247164
1686.665000,-0.266192
1686.666000,-0.423266
1686.667000,-0.432910
1686.668000,-0.590628
1686.669000,-0.491184
1686.670000,-0.375865
1686.671000,-0.306343
1686.672000,-0.415425
1686.673000,-0.281553
1686.674000,-0.185856
1686.675000,-0.487025
1686.676000,-0.541911
1686.677000,-0.706228
1686.678000,-0.515613
1686.679000,-0.437103
1686.680000,-0.423499
1686.681000,-0.370801
1686.682000,-0.331031
1686.683000,-0.460975
1686.684000,-0.599241
1686.685000,-0.476913
1686.686000,-0.437069
1686.687000,-0.462606
1686.688000,-0.414119
1686.689000,-0.502642
1686.690000,-0.327123
1686.691000,-0.061117
1686.692000,-0.050727
1686.693000,-0.262785
1686.694000,-0.372478
1686.695000,-0.297027
1686.696000,-0.467526
1686.697000,-0.315563
1686.698000,-0.413775
1686.699000,-0.446838
1686.700000,-0.451307
1686.701000,-0.559440
1686.702000,-0.496293
1686.703000,-0.454923
1686.704000,-0.330527
1686.705000,-0.267674
1686.706000,-0.301909
1686.707000,-0.257388
1686.708000,-0.094390
1686.709000,-0.000500
1686.710000,-0.193063
1686.711000,-0.187474
1686.712000,-0.099525
1686.713000,-0.208500
1686.714000,-0.362589
1686.715000,-0.180594
1686.716000,-0.350664
1686.717000,-0.381571
1686.718000,-0.229064
1686.719000,-0.212380
1686.720000,-0.261081
1686.721000,-0.247568
1686.722000,-0.329878
1686.723000,-0.311809
1686.724000,-0.417403
1686.725000,-0.249571
1686.726000,-0.215931
1686.727000,-0.190664
1686.728000,-0.295321
1686.729000,-0.426955
1686.730000,-0.489487
1686.731000,-0.546089
1686.732000,-0.599203
1686.733000,-0.557111
1686.734000,-0.594794
1686.735000,-0.763408
1686.736000,-0.960594
1686.737000,-0.845087
1686.738000,-0.768062
1686.739000,-0.694994
1686.740000,-0.710831
1686.741000,-0.574711
1686.742000,-0.639806
1686.743000,-0.592158
1686.744000,-0.590979
1686.745000,-0.555461
1686.746000,-0.488791
1686.747000,-0.375977
1686.748000,-0.279616
1686.749000,-0.140995
1686.750000,-0.138061
1686.751000,-0.127849
1686.752000,-0.154290
1686.753000,-0.184295
1686.754000,-0.304124
1686.755000,-0.442047
1686.756000,-0.467016
1686.757000,-0.398211
1686.758000,-0.360283
1686.759000,-0.338674
1686.760000,-0.204790
1686.761000,-0.095217
1686.762000,-0.055607
1686.763000,0.117570
1686.764000,0.139797
1686.765000,0.164484
1686.766000,0.140778
1686.767000,0.033393
1686.768000,0.119014
1686.769000,0.261285
1686.770000,0.246296
1686.771000,0.179788
1686.772000,0.290474
1686.773000,0.359230
1686.774000,0.561548
1686.775000,0.562661
1686.776000,0.674016
1686.777000,0.650056
1686.778000,0.586483
1686.779000,0.712133
1686.780000,0.704064
1686.781000,0.662068
1686.782000,0.656907
1686.783000,0.614774
1686.784000,0.641157
1686.785000,0.716428
1686.786000,0.631007
1686.787000,0.590736
1686.788000,0.615017
1686.789000,0.621330
1686.790000,0.472843
1686.791000,0.555695
1686.792000,0.493440
1686.793000,0.532324
1686.794000,0.613469
1686.795000,0.626521
1686.796000,0.479981
1686.797000,0.682072
1686.798000,0.649965
1686.799000,0.576506
1686.800000,0.578921
1686.801000,0.562676
1686.802000,0.807523
1686.803000,0.745081
1686.804000,0.699590
1686.805000,0.818111
1686.806000,0.835107
1686.807000,0.836434
1686.808000,0.830198
1686.809000,0.779985
1686.810000,0.785349
1686.811000,0.754061
1686.812000,0.667530
1686.813000,0.670296
1686.814000,0.521052
1686.815000,0.328479
1686.816000,0.179113
1686.817000,0.162508
1686.818000,0.223969
1686.819000,0.190963
1686.820000,0.040388
1686.821000,0.153355
1686.822000,0.168084
1686.823000,0.016105
1686.824000,-0.086857
1686.825000,-0.014203
1686.826000,0.071525
1686.827000,0.218889
1686.828000,0.103702
1686.829000,0.125898
1686.830000,0.184668
1686.831000,0.323819
1686.832000,0.359155
1686.833000,0.380191
1686.834000,0.462011
1686.835000,0.408178
1686.836000,0.438799
1686.837000,0.338546
1686.838000,0.473458
1686.839000,0.335850
1686.840000,0.458747
1686.841000,0.442529
1686.842000,0.490809
1686.843000,0.444184
1686.844000,0.491321
1686.845000,0.351564
1686.846000,0.411789
1686.847000,0.341268
1686.848000,0.420386
1686.849000,0.428676
1686.850000,0.444667
1686.851000,0.182924
1686.852000,0.264786
1686.853000,0.193166
1686.854000,0.277129
1686.855000,0.265367
1686.856000,0.179726
1686.857000,0.017862
1686.858000,-0.008049
1686.859000,-0.194868
1686.860000,-0.260504
1686.861000,-0.338222
1686.862000,-0.441435
1686.863000,-0.349674
1686.864000,-0.363585
1686.865000,-0.349326
1686.866000,-0.140617
1686.867000,-0.196156
1686.868000,-0.268279
1686.869000,-0.449658
1686.870000,-0.438281
1686.871000,-0.223037
1686.872000,-0.259310
1686.873000,-0.220392
1686.874000,-0.202584
1686.875000,-0.021961
1686.876000,-0.123747
1686.877000,-0.117006
1686.878000,-0.179668
1686.879000,-0.096618
1686.880000,-0.361115
1686.881000,-0.275082
1686.882000,-0.418378
1686.883000,-0.386439
1686.884000,-0.321491
1686.885000,-0.359880
1686.886000,-0.384063
1686.887000,-0.465330
1686.888000,-0.519518
1686.889000,-0.491061
1686.890000,-0.575219
1686.891000,-0.706898
1686.892000,-0.705032
1686.893000,-0.764757
1686.894000,-0.934094
1686.895000,-0.903951
1686.896000,-0.970458
1686.897000,-0.815066
1686.898000,-0.983956
1686.899000,-1.032053
1686.900000,-1.037466
1686.901000,-0.838066
1686.902000,-0.835998
1686.903000,-0.875718
1686.904000,-0.797034
1686.905000,-0.843155
1686.906000,-0.689485
1686.907000,-0.479540
1686.908000,-0.548833
1686.909000,-0.574893
1686.910000,-0.646255
1686.911000,-0.628883
1686.912000,-0.673929
1686.913000,-0.653237
1686.914000,-0.364641
1686.915000,-0.619893
1686.916000,-0.869181
1686.917000,-1.052662
1686.918000,-0.894925
1686.919000,-0.762527
1686.920000,-0.655148
1686.921000,-0.614260
1686.922000,-0.592626
1686.923000,-0.698152
1686.924000,-0.677066
1686.925000,-0.577674
1686.926000,-0.644080
1686.927000,-0.622022
1686.928000,-0.498830
1686.929000,-0.373987
1686.930000,-0.394208
1686.931000,-0.383270
1686.932000,-0.498958
1686.933000,-0.407268
1686.934000,-0.399048
1686.935000,-0.538204
1686.936000,-0.542421
1686.937000,-0.290975
1686.938000,-0.381268
1686.939000,-0.126382
1686.940000,-0.217234
1686.941000,-0.265335
1686.942000,-0.429715
1686.943000,-0.512077
1686.944000,-0.660943
1686.945000,-0.654470
1686.946000,-0.670902
1686.947000,-0.613141
1686.948000,-0.684310
1686.949000,-0.542974
1686.950000,-0.609078
1686.951000,-0.754397
1686.952000,-0.852633
1686.953000,-0.933746
1686.954000,-0.862077
1686.955000,-1.154860
1686.956000,-1.177464
1686.957000,-1.284390
1686.958000,-1.401753
1686.959000,-1.509320
1686.960000,-1.547241
1686.961000,-1.462967
1686.962000,-1.594469
1686.963000,-1.701572
1686.964000,-1.645281
1686.965000,-1.586914
1686.966000,-1.648568
1686.967000,-1.394289
1686.968000,-1.526311
1686.969000,-1.210392
1686.970000,-1.302803
1686.971000,-1.392057
1686.972000,-1.426448
1686.973000,-1.535235
1686.974000,-1.575636
1686.975000,-1.466029
1686.976000,-1.223059
1686.977000,-1.246381
1686.978000,-1.413865
1686.979000,-1.413611
1686.980000,-1.454212
1686.981000,-1.236035
1686.982000,-1.202040
1686.983000,-1.162418
1686.984000,-1.129072
1686.985000,-1.135776
1686.986000,-1.234392
1686.987000,-1.184175
1686.988000,-0.968280
1686.989000,-0.899782
1686.990000,-0.834980
1686.991000,-0.843239
1686.992000,-0.537764
1686.993000,-0.683949
1686.994000,-0.825348
1686.995000,-0.772490
1686.996000,-0.757389
1686.997000,-0.656525
1686.998000,-0.575678
1686.999000,-0.611576
1687.000000,-0.436670
1687.001000,-0.414010
1687.002000,-0.392247
1687.003000,-0.490877
1687.004000,-0.550542
1687.005000,-0.517171
1687.006000,-0.367442
1687.007000,-0.152985
1687.008000,-0.088379
1687.009000,0.144908
1687.010000,0.179449
1687.011000,0.337551
1687.012000,0.247962
1687.013000,0.181217
1687.014000,0.428056
1687.015000,0.517076
1687.016000,0.558465
1687.017000,0.531239
1687.018000,0.460993
1687.019000,0.482149
1687.020000,0.585625
1687.021000,0.662644
1687.022000,0.703978
1687.023000,0.692260
1687.024000,0.446845
1687.025000,0.396883
1687.026000,0.484606
1687.027000,0.692122
1687.028000,0.497729
1687.029000,0.449960
1687.030000,0.427526
1687.031000,0.443571
1687.032000,0.552987
1687.033000,0.707026
1687.034000,1.020212
1687.035000,1.060716
1687.036000,1.024217
1687.037000,1.162361
1687.038000,1.151283
1687.039000,1.124407
1687.040000,0.981854
1687.041000,0.949797
1687.042000,1.019574
1687.043000,1.013719
1687.044000,0.949318
1687.045000,0.957981
1687.046000,1.145810
1687.047000,1.188084
1687.048000,1.329955
1687.049000,1.323783
1687.050000,1.508382
1687.051000,1.618642
1687.052000,1.770164
1687.053000,1.647621
1687.054000,1.602323
1687.055000,1.636710
1687.056000,1.751985
1687.057000,1.694964
1687.058000,1.776853
1687.059000,1.825272
1687.060000,1.844005
1687.061000,1.814079
1687.062000,1.785154
1687.063000,1.743276
1687.064000,1.614557
1687.065000,1.406204
1687.066000,1.457566
1687.067000,1.477037
1687.068000,1.317777
1687.069000,1.191984
1687.070000,1.229659
1687.071000,1.285544
1687.072000,1.285620
1687.073000,1.410691
1687.074000,1.272974
1687.075000,1.295484
1687.076000,1.273599
1687.077000,1.088212
1687.078000,1.054408
1687.079000,0.979034
1687.080000,1.057504
1687.081000,1.089063
1687.082000,0.977090
1687.083000,1.036752
1687.084000,1.160202
1687.085000,1.309028
1687.086000,1.447352
1687.087000,1.589408
1687.088000,1.552254
1687.089000,1.537885
1687.090000,1.643596
1687.091000,1.723055
1687.092000,1.676898
1687.093000,1.755255
1687.094000,1.651456
1687.095000,1.605763
1687.096000,1.480624
1687.097000,1.425365
1687.098000,1.369087
1687.099000,1.413665
1687.100000,1.195311
1687.101000,1.120125
1687.102000,1.107131
1687.103000,0.913910
1687.104000,0.837653
1687.105000,0.901277
1687.106000,0.787237
1687.107000,0.626045
1687.108000,0.601513
1687.109000,0.608285
1687.110000,0.681743
1687.111000,0.583496
1687.112000,0.431722
1687.113000,0.582727
1687.114000,0.709713
1687.115000,0.773032
1687.116000,0.733952
1687.117000,0.564204
1687.118000,0.565832
1687.119000,0.544138
1687.120000,0.452951
1687.121000,0.679908
1687.122000,0.592512
1687.123000,0.470493
1687.124000,0.357573
1687.125000,0.419222
1687.126000,0.338023
1687.127000,0.364338
1687.128000,0.302022
1687.129000,0.229611
1687.130000,0.333437
1687.131000,0.261438
1687.132000,0.208520
1687.133000,0.203858
1687.134000,0.133123
1687.135000,0.125940
1687.136000,0.223595
1687.137000,0.273624
1687.138000,0.300485
1687.139000,0.282281
1687.140000,0.183195
1687.141000,0.049352
1687.142000,0.065598
1687.143000,0.185666
1687.144000,0.166821
1687.145000,0.069239
1687.146000,0.071848
1687.147000,0.003922
1687.148000,-0.123644
1687.149000,-0.273219
1687.150000,-0.457669
1687.151000,-0.493319
1687.152000,-0.530762
1687.153000,-0.490205
1687.154000,-0.556699
1687.155000,-0.630296
1687.156000,-0.800311
1687.157000,-0.861735
1687.158000,-0.903332
1687.159000,-0.818250
1687.160000,-0.779434
1687.161000,-0.701929
1687.162000,-0.668553
1687.163000,-0.633419
1687.164000,-0.572830
1687.165000,-0.595005
1687.166000,-0.494556
1687.167000,-0.561714
1687.168000,-0.483934
1687.169000,-0.361218
1687.170000,-0.421713
1687.171000,-0.511668
1687.172000,-0.422960
1687.173000,-0.441252
1687.174000,-0.494558
1687.175000,-0.379074
1687.176000,-0.254785
1687.177000,-0.390221
1687.178000,-0.395908
1687.179000,-0.314551
1687.180000,-0.262928
1687.181000,-0.130385
1687.182000,-0.118875
1687.183000,-0.198946
1687.184000,-0.151942
1687.185000,-0.069610
1687.186000,-0.029788
1687.187000,0.215149
1687.188000,0.171807
1687.189000,0.137785
1687.190000,0.055707
1687.191000,0.046764
1687.192000,0.096284
1687.193000,0.086415
1687.194000,0.167813
1687.195000,0.128205
1687.196000,0.157957
1687.197000,0.167240
1687.198000,0.163011
1687.199000,-0.041375
1687.200000,-0.189410
1687.201000,-0.150423
1687.202000,-0.194253
1687.203000,-0.227339
1687.204000,-0.147455
1687.205000,-0.084108
1687.206000,0.094818
1687.207000,0.033337
1687.208000,0.141257
1687.209000,0.158578
1687.210000,0.446015
1687.211000,0.540905
1687.212000,0.494783
1687.213000,0.527852
1687.214000,0.638678
1687.215000,0.607919
1687.216000,0.495807
1687.217000,0.356267
1687.218000,0.387703
1687.219000,0.540239
1687.220000,0.409185
1687.221000,0.553230
1687.222000,0.566957
1687.223000,0.526009
1687.224000,0.512872
1687.225000,0.472973
1687.226000,0.568356
1687.227000,0.577524
1687.228000,0.665196
1687.229000,0.659601
1687.230000,0.571797
1687.231000,0.672873
1687.232000,0.699212
1687.233000,0.880664
1687.234000,0.678511
1687.235000,0.602773
1687.236000,0.528968
1687.237000,0.477845
1687.238000,0.416122
1687.239000,0.428486
1687.240000,0.328239
1687.241000,0.298137
1687.242000,0.310313
1687.243000,0.211948
1687.244000,0.207859
1687.245000,-0.112165
1687.246000,0.015670
1687.247000,0.084637
1687.248000,0.229758
1687.249000,-0.030985
1687.250000,0.123437
1687.251000,0.027403
1687.252000,-0.190232
1687.253000,-0.182782
1687.254000,-0.011681
1687.255000,-0.191996
1687.256000,-0.341044
1687.257000,-0.371944
1687.258000,-0.447025
1687.259000,-0.286333
1687.260000,-0.411521
1687.261000,-0.245993
1687.262000,-0.231462
1687.263000,-0.255854
1687.264000,-0.198871
1687.265000,-0.199266
1687.266000,-0.179457
1687.267000,-0.116366
1687.268000,0.019768
1687.269000,-0.018994
1687.270000,0.162543
1687.271000,0.395421
1687.272000,0.414549
1687.273000,0.421588
1687.274000,0.446746
1687.275000,0.475456
1687.276000,0.357833
1687.277000,0.432887
1687.278000,0.577713
1687.279000,0.529307
1687.280000,0.641203
1687.281000,0.609478
1687.282000,0.577147
1687.283000,0.702833
1687.284000,0.641551
1687.285000,0.684361
1687.286000,0.820395
1687.287000,0.715112
1687.288000,0.601485
1687.289000,0.388387
1687.290000,0.379623
1687.291000,0.421034
1687.292000,0.336503
1687.293000,0.217862
1687.294000,0.268915
1687.295000,0.240314
1687.296000,0.039362
1687.297000,-0.062494
1687.298000,0.109149
1687.299000,0.153933
1687.300000,0.085052
1687.301000,-0.069464
1687.302000,-0.269771
1687.303000,-0.367277
1687.304000,-0.315618
1687.305000,-0.406220
1687.306000,-0.502592
1687.307000,-0.451678
1687.308000,-0.570865
1687.309000,-0.657570
1687.310000,-0.425077
1687.311000,-0.297922
1687.312000,-0.305028
1687.313000,-0.406967
1687.314000,-0.358645
1687.315000,-0.280062
1687.316000,-0.261599
1687.317000,-0.297733
1687.318000,-0.292415
1687.319000,-0.237484
1687.320000,-0.170616
1687.321000,-0.039547
1687.322000,-0.105450
1687.323000,-0.013207
1687.324000,-0.194060
1687.325000,-0.179711
1687.326000,-0.218962
1687.327000,-0.215009
1687.328000,-0.269081
1687.329000,-0.263279
1687.330000,-0.205410
1687.331000,-0.182771
1687.332000,-0.257828
1687.333000,-0.151080
1687.334000,-0.161604
1687.335000,-0.253407
1687.336000,-0.256363
1687.337000,-0.254430
1687.338000,-0.208067
1687.339000,-0.116483
1687.340000,-0.286729
1687.341000,-0.229963
1687.342000,-0.095373
1687.343000,-0.085102
1687.344000,-0.240360
1687.345000,-0.382037
1687.346000,-0.413544
1687.347000,-0.516270
1687.348000,-0.404347
1687.349000,-0.304203
1687.350000,-0.344587
1687.351000,-0.313942
1687.352000,-0.258979
1687.353000,-0.259176
1687.354000,-0.171487
1687.355000,0.027452
1687.356000,-0.074468
1687.357000,-0.096745
1687.358000,-0.235572
1687.359000,-0.196794
1687.360000,-0.465056
1687.361000,-0.341571
1687.362000,-0.622721
1687.363000,-0.652879
1687.364000,-0.663524
1687.365000,-0.681949
1687.366000,-0.724134
1687.367000,-0.743570
1687.368000,-0.828803
1687.369000,-0.656793
1687.370000,-0.879458
1687.371000,-0.755970
1687.372000,-0.635920
1687.373000,-0.614311
1687.374000,-0.774504
1687.375000,-0.930891
1687.376000,-0.789392
1687.377000,-0.711041
1687.378000,-0.812298
1687.379000,-0.697204
1687.380000,-0.730367
1687.381000,-0.748601
1687.382000,-0.933446
1687.383000,-0.893585
1687.384000,-0.804733
1687.385000,-0.825642
1687.386000,-0.745429
1687.387000,-0.729105
1687.388000,-0.635605
1687.389000,-0.599199
1687.390000,-0.521721
1687.391000,-0.455882
1687.392000,-0.266592
1687.393000,-0.326726
1687.394000,-0.251738
1687.395000,-0.136523
1687.396000,-0.174531
1687.397000,0.018571
1687.398000,-0.079512
1687.399000,-0.012286
1687.400000,0.107117
1687.401000,0.081070
1687.402000,0.101474
1687.403000,-0.014887
1687.404000,0.089568
1687.405000,0.187907
1687.406000,0.174139
1687.407000,-0.137425
1687.408000,-0.179210
1687.409000,-0.055545
1687.410000,0.002839
1687.411000,-0.262071
1687.412000,-0.268482
1687.413000,-0.325592
1687.414000,-0.386733
1687.415000,-0.489089
1687.416000,-0.451696
1687.417000,-0.313472
1687.418000,-0.393032
1687.419000,-0.462194
1687.420000,-0.558269
1687.421000,-0.375849
1687.422000,-0.219050
1687.423000,-0.262911
1687.424000,-0.194260
1687.425000,-0.242543
1687.426000,-0.249601
1687.427000,-0.281587
1687.428000,-0.254229
1687.429000,-0.248985
1687.430000,-0.200131
1687.431000,-0.289210
1687.432000,-0.220816
1687.433000,-0.111740
1687.434000,-0.266520
1687.435000,-0.340957
1687.436000,-0.344721
1687.437000,-0.411679
1687.438000,-0.389914
1687.439000,-0.464763
1687.440000,-0.445364
1687.441000,-0.357559
1687.442000,-0.330513
1687.443000,-0.319153
1687.444000,-0.323575
1687.445000,-0.183522
1687.446000,-0.160419
1687.447000,-0.191517
1687.448000,-0.267777
1687.449000,-0.224435
1687.450000,-0.325705
1687.451000,-0.451627
1687.452000,-0.559357
1687.453000,-0.569544
1687.454000,-0.716022
1687.455000,-0.623418
1687.456000,-0.337516
1687.457000,-0.315669
1687.458000,-0.352850
1687.459000,-0.340486
1687.460000,-0.252160
1687.461000,-0.314254
1687.462000,-0.218132
1687.463000,-0.218733
1687.464000,-0.094419
1687.465000,-0.316222
1687.466000,-0.253663
1687.467000,-0.223692
1687.468000,-0.333963
1687.469000,-0.264059
1687.470000,-0.289148
1687.471000,-0.196537
1687.472000,-0.317291
1687.473000,-0.210989
1687.474000,-0.064448
1687.475000,-0.193905
1687.476000,-0.229939
1687.477000,-0.412676
1687.478000,-0.408305
1687.479000,-0.387168
1687.480000,-0.164140
1687.481000,-0.218177
1687.482000,-0.382446
1687.483000,-0.450440
1687.484000,-0.476776
1687.485000,-0.623364
1687.486000,-0.523282
1687.487000,-0.818905
1687.488000,-0.791651
1687.489000,-0.638918
1687.490000,-0.752918
1687.491000,-0.830865
1687.492000,-0.829956
1687.493000,-0.811847
1687.494000,-0.766437
1687.495000,-0.787928
1687.496000,-0.706683
1687.497000,-0.580935
1687.498000,-0.830635
1687.499000,-0.745060
1687.500000,-0.841957
1687.501000,-0.808398
1687.502000,-0.864546
1687.503000,-0.835707
1687.504000,-0.953974
1687.505000,-0.940307
1687.506000,-0.955024
1687.507000,-0.864579
1687.508000,-0.808997
1687.509000,-0.739095
1687.510000,-0.883389
1687.511000,-0.831048
1687.512000,-0.699278
1687.513000,-0.888548
1687.514000,-0.932720
1687.515000,-0.967974
1687.516000,-0.880326
1687.517000,-0.868447
1687.518000,-0.804846
1687.519000,-0.574521
1687.520000,-0.542963
1687.521000,-0.603548
1687.522000,-0.679112
1687.523000,-0.590308
1687.524000,-0.442585
1687.525000,-0.447277
1687.526000,-0.393790
1687.527000,-0.516124
1687.528000,-0.601271
1687.529000,-0.503923
1687.530000,-0.475494
1687.531000,-0.633699
1687.532000,-0.706547
1687.533000,-0.639730
1687.534000,-0.631959
1687.535000,-0.479687
1687.536000,-0.355192
1687.537000,-0.183069
1687.538000,-0.126151
1687.539000,0.107088
1687.540000,0.264391
1687.541000,0.156508
1687.542000,0.279828
1687.543000,0.039874
1687.544000,0.080329
1687.545000,0.093824
1687.546000,0.171187
1687.547000,0.223455
1687.548000,0.186736
1687.549000,0.046410
1687.550000,0.150575
1687.551000,0.131173
1687.552000,0.358838
1687.553000,0.274095
1687.554000,0.139266
1687.555000,0.051262
1687.556000,0.082262
1687.557000,0.229631
1687.558000,0.220889
1687.559000,0.411549
1687.560000,0.352394
1687.561000,0.361892
1687.562000,0.377830
1687.563000,0.251356
1687.564000,0.137545
1687.565000,0.241461
1687.566000,0.156124
1687.567000,0.313611
1687.568000,0.403708
1687.569000,0.573946
1687.570000,0.659081
1687.571000,0.635415
1687.572000,0.896341
1687.573000,0.810238
1687.574000,0.886874
1687.575000,0.866994
1687.576000,0.809099
1687.577000,0.851662
1687.578000,0.869153
1687.579000,0.919255
1687.580000,0.683436
1687.581000,0.670245
1687.582000,0.738553
1687.583000,0.616607
1687.584000,0.738089
1687.585000,0.744731
1687.586000,0.792348
1687.587000,0.869638
1687.588000,0.976332
1687.589000,0.953134
1687.590000,1.045627
1687.591000,1.143899
1687.592000,1.002705
1687.593000,1.002727
1687.594000,1.035109
1687.595000,0.922629
1687.596000,1.003218
1687.597000,1.044295
1687.598000,0.985513
1687.599000,0.992417
1687.600000,0.900726
1687.601000,0.863060
1687.602000,0.755137
1687.603000,0.813401
1687.604000,0.649527
1687.605000,0.618280
1687.606000,0.628977
1687.607000,0.578985
1687.608000,0.537379
1687.609000,0.448752
1687.610000,0.459189
1687.611000,0.575344
1687.612000,0.742399
1687.613000,0.704445
1687.614000,0.634791
1687.615000,0.591922
1687.616000,0.692665
1687.617000,0.882478
1687.618000,0.843945
1687.619000,0.714274
1687.620000,0.719909
1687.621000,0.620517
1687.622000,0.820612
1687.623000,0.736889
1687.624000,0.731616
1687.625000,0.804277
1687.626000,0.704550
1687.627000,0.832612
1687.628000,0.803581
1687.629000,0.664755
1687.630000,0.733899
1687.631000,0.626688
1687.632000,0.587340
1687.633000,0.518099
1687.634000,0.658352
1687.635000,0.567759
1687.636000,0.506429
1687.637000,0.649306
1687.638000,0.677147
1687.639000,0.498752
1687.640000,0.502283
1687.641000,0.330483
1687.642000,0.233764
1687.643000,0.206669
1687.644000,-0.024342
1687.645000,-0.068665
1687.646000,0.022354
1687.647000,-0.044556
1687.648000,-0.146284
1687.649000,-0.151901
1687.650000,0.001781
1687.651000,-0.098684
1687.652000,-0.204875
1687.653000,-0.213835
1687.654000,-0.174258
1687.655000,-0.025419
1687.656000,0.014908
1687.657000,-0.149409
1687.658000,-0.133172
1687.659000,0.068143
1687.660000,0.081884
1687.661000,0.153096
1687.662000,0.118246
1687.663000,0.030635
1687.664000,0.178654
1687.665000,0.151532
1687.666000,0.122870
1687.667000,0.019854
1687.668000,0.132219
1687.669000,0.303771
1687.670000,0.301106
1687.671000,0.336378
1687.672000,0.249416
1687.673000,0.260438
1687.674000,0.211087
1687.675000,0.144808
1687.676000,0.010280
1687.677000,-0.067150
1687.678000,-0.015609
1687.679000,-0.025687
1687.680000,-0.007961
1687.681000,0.098867
1687.682000,0.007396
1687.683000,0.003213
1687.684000,0.005069
1687.685000,0.024314
1687.686000,-0.012275
1687.687000,-0.018555
1687.688000,0.036217
1687.689000,0.202780
1687.690000,0.249681
1687.691000,0.238082
1687.692000,0.183966
1687.693000,0.050304
1687.694000,0.068823
1687.695000,-0.013356
1687.696000,0.048844
1687.697000,0.001827
1687.698000,-0.045068
1687.699000,0.095052
1687.700000,0.033789
1687.701000,0.127007
1687.702000,-0.036249
1687.703000,0.035562
1687.704000,0.011578
1687.705000,-0.119201
1687.706000,-0.102961
1687.707000,-0.312842
1687.708000,-0.269214
1687.709000,-0.377739
1687.710000,-0.553161
1687.711000,-0.543951
1687.712000,-0.677110
1687.713000,-0.560771
1687.714000,-0.573662
1687.715000,-0.568727
1687.716000,-0.461077
1687.717000,-0.429395
1687.718000,-0.489549
1687.719000,-0.315251
1687.720000,-0.201200
1687.721000,-0.288748
1687.722000,-0.186930
1687.723000,-0.223143
1687.724000,-0.258232
1687.725000,-0.242328
1687.726000,-0.189435
1687.727000,-0.296234
1687.728000,-0.289502
1687.729000,-0.308372
1687.730000,-0.130244
1687.731000,-0.170874
1687.732000,-0.224130
1687.733000,-0.170025
1687.734000,-0.166320
1687.735000,-0.312537
1687.736000,-0.111362
1687.737000,-0.019468
1687.738000,-0.071998
1687.739000,-0.077584
1687.740000,-0.060797
1687.741000,-0.023327
1687.742000,0.051585
1687.743000,-0.031807
1687.744000,-0.170206
1687.745000,-0.045040
1687.746000,-0.028080
1687.747000,-0.154569
1687.748000,-0.184577
1687.749000,-0.152701
1687.750000,-0.216178
1687.751000,-0.312087
1687.752000,-0.586444
1687.753000,-0.602924
1687.754000,-0.415642
1687.755000,-0.354413
1687.756000,-0.375253
1687.757000,-0.212099
1687.758000,-0.337041
1687.759000,-0.256509
1687.760000,-0.428042
1687.761000,-0.624849
1687.762000,-0.707287
1687.763000,-0.678445
1687.764000,-0.612142
1687.765000,-0.625841
1687.766000,-0.609917
1687.767000,-0.418592
1687.768000,-0.329447
1687.769000,-0.264352
1687.770000,-0.308847
1687.771000,-0.303743
1687.772000,-0.331283
1687.773000,-0.385124
1687.774000,-0.391428
1687.775000,-0.267330
1687.776000,-0.250425
1687.777000,-0.056297
1687.778000,0.072924
1687.779000,-0.063418
1687.780000,-0.086132
1687.781000,-0.111407
1687.782000,-0.072305
1687.783000,0.009827
1687.784000,-0.004592
1687.785000,0.010986
1687.786000,0.156404
1687.787000,0.048333
1687.788000,-0.120972
1687.789000,-0.050461
1687.790000,-0.024873
1687.791000,-0.104068
1687.792000,-0.035239
1687.793000,0.103407
1687.794000,0.223866
1687.795000,0.254266
1687.796000,0.478098
1687.797000,0.328137
1687.798000,0.228475
1687.799000,0.227128
1687.800000,0.265632
1687.801000,0.177382
1687.802000,0.110021
1687.803000,0.101400
1687.804000,0.063900
1687.805000,0.082648
1687.806000,0.229671
1687.807000,0.077262
1687.808000,0.146453
1687.809000,0.039856
1687.810000,-0.178276
1687.811000,-0.319000
1687.812000,-0.091049
1687.813000,-0.149492
1687.814000,-0.258952
1687.815000,-0.284729
1687.816000,-0.268427
1687.817000,-0.162281
1687.818000,-0.204213
1687.819000,-0.169243
1687.820000,-0.100300
1687.821000,-0.162121
1687.822000,-0.019430
1687.823000,0.090136
1687.824000,0.193326
1687.825000,0.312853
1687.826000,0.190185
1687.827000,0.153509
1687.828000,0.176045
1687.829000,0.160516
1687.830000,0.316682
1687.831000,0.350224
1687.832000,0.436407
1687.833000,0.537360
1687.834000,0.614872
1687.835000,0.694953
1687.836000,0.591992
1687.837000,0.412003
1687.838000,0.485866
1687.839000,0.555399
1687.840000,0.451101
1687.841000,0.360576
1687.842000,0.279726
1687.843000,0.273342
1687.844000,0.344334
1687.845000,0.354287
1687.846000,0.284607
1687.847000,0.201516
1687.848000,0.298149
1687.849000,0.287599
1687.850000,0.239851
1687.851000,0.293440
1687.852000,0.227735
1687.853000,0.083690
1687.854000,0.106400
1687.855000,0.002686
1687.856000,0.027326
1687.857000,0.032782
1687.858000,0.271735
1687.859000,0.143751
1687.860000,0.217833
1687.861000,0.251789
1687.862000,0.228410
1687.863000,0.068084
1687.864000,-0.002540
1687.865000,0.045228
1687.866000,-0.002383
1687.867000,-0.048854
1687.868000,0.012852
1687.869000,-0.011302
1687.870000,0.063124
1687.871000,-0.010594
1687.872000,0.048948
1687.873000,0.272636
1687.874000,0.185754
1687.875000,0.216514
1687.876000,0.220305
1687.877000,0.068881
1687.878000,-0.027083
1687.879000,-0.048264
1687.880000,-0.088710
1687.881000,-0.157742
1687.882000,-0.152906
1687.883000,-0.050706
1687.884000,-0.002055
1687.885000,0.172198
1687.886000,0.107963
1687.887000,0.168057
1687.888000,0.208077
1687.889000,0.053699
1687.890000,0.032010
1687.891000,0.115324
1687.892000,0.195837
1687.893000,0.106107
1687.894000,-0.025970
1687.895000,-0.071818
1687.896000,-0.078089
1687.897000,-0.274375
1687.898000,-0.276890
1687.899000,-0.349345
1687.900000,-0.086982
1687.901000,-0.038952
1687.902000,0.084443
1687.903000,0.178324
1687.904000,0.103167
1687.905000,0.088330
1687.906000,0.075778
1687.907000,0.316876
1687.908000,0.309910
1687.909000,0.324479
1687.910000,0.334454
1687.911000,0.436536
1687.912000,0.345375
1687.913000,0.183853
1687.914000,0.304522
1687.915000,0.126626
1687.916000,0.108309
1687.917000,0.090139
1687.918000,0.301149
1687.919000,0.306344
1687.920000,0.322161
1687.921000,0.281342
1687.922000,0.191094
1687.923000,0.317104
1687.924000,0.187491
1687.925000,0.202706
1687.926000,0.322096
1687.927000,0.193935
1687.928000,0.063718
1687.929000,0.235283
1687.930000,0.252812
1687.931000,0.184483
1687.932000,0.062442
1687.933000,0.021916
1687.934000,-0.176020
1687.935000,-0.201529
1687.936000,-0.207232
1687.937000,-0.202051
1687.938000,-0.312344
1687.939000,-0.245739
1687.940000,-0.122243
1687.941000,-0.129142
1687.942000,-0.103361
1687.943000,-0.178724
1687.944000,-0.347564
1687.945000,-0.256855
1687.946000,-0.190198
1687.947000,-0.256723
1687.948000,-0.241904
1687.949000,-0.234913
1687.950000,-0.458458
1687.951000,-0.434622
1687.952000,-0.276025
1687.953000,-0.513789
1687.954000,-0.579366
1687.955000,-0.561510
1687.956000,-0.597815
1687.957000,-0.575279
1687.958000,-0.614703
1687.959000,-0.596458
1687.960000,-0.681413
1687.961000,-0.611597
1687.962000,-0.507723
1687.963000,-0.625941
1687.964000,-0.526069
1687.965000,-0.648896
1687.966000,-0.570921
1687.967000,-0.650352
1687.968000,-0.628373
1687.969000,-0.720214
1687.970000,-0.659679
1687.971000,-0.683948
1687.972000,-0.547063
1687.973000,-0.784238
1687.974000,-0.770359
1687.975000,-0.708013
1687.976000,-0.860751
1687.977000,-0.914593
1687.978000,-0.941629
1687.979000,-1.134555
1687.980000,-1.264220
1687.981000,-1.227803
1687.982000,-1.230399
1687.983000,-1.157435
1687.984000,-1.061852
1687.985000,-1.029236
1687.986000,-1.171951
1687.987000,-1.112062
1687.988000,-1.092970
1687.989000,-1.055140
1687.990000,-1.059143
1687.991000,-0.927407
1687.992000,-0.901093
1687.993000,-0.818891
1687.994000,-0.857181
1687.995000,-0.909517
1687.996000,-0.924189
1687.997000,-0.998745
1687.998000,-0.806739
1687.999000,-0.676172
1688.000000,-0.775849
1688.001000,-0.767049
1688.002000,-0.626555
1688.003000,-0.640575
1688.004000,-0.686650
1688.005000,-0.633311
1688.006000,-0.599766
1688.007000,-0.536537
1688.008000,-0.483585
1688.009000,-0.504977
1688.010000,-0.487409
1688.011000,-0.162879
1688.012000,0.059503
1688.013000,0.061091
1688.014000,0.093948
1688.015000,0.059533
1688.016000,0.187870
1688.017000,0.126699
1688.018000,-0.110656
1688.019000,-0.106980
1688.020000,-0.266689
1688.021000,-0.149851
1688.022000,0.000579
1688.023000,-0.114649
1688.024000,-0.003334
1688.025000,0.038734
1688.026000,0.098110
1688.027000,0.137458
1688.028000,0.216307
1688.029000,0.140081
1688.030000,0.218318
1688.031000,0.157764
1688.032000,0.225032
1688.033000,0.321507
1688.034000,0.441544
1688.035000,0.561789
1688.036000,0.376223
1688.037000,0.246966
1688.038000,0.102845
1688.039000,-0.018980
1688.040000,-0.034146
1688.041000,-0.005651
1688.042000,-0.172225
1688.043000,-0.144248
1688.044000,-0.103499
1688.045000,0.052101
1688.046000,0.213576
1688.047000,0.348615
1688.048000,0.367793
1688.049000,0.491474
1688.050000,0.499424
1688.051000,0.502617
1688.052000,0.555571
1688.053000,0.509470
1688.054000,0.770844
1688.055000,0.996730
1688.056000,1.016824
1688.057000,0.997293
1688.058000,0.790673
1688.059000,0.813526
1688.060000,1.014380
1688.061000,0.894591
1688.062000,0.824155
1688.063000,0.844904
1688.064000,0.852815
1688.065000,0.766314
1688.066000,0.810179
1688.067000,0.713839
1688.068000,0.632843
1688.069000,0.543031
1688.070000,0.415828
1688.071000,0.387786
1688.072000,0.444008
1688.073000,0.455696
1688.074000,0.344858
1688.075000,0.263587
1688.076000,0.076353
1688.077000,0.214872
1688.078000,0.204752
1688.079000,0.208212
1688.080000,0.119025
1688.081000,0.180641
1688.082000,0.152679
1688.083000,0.102478
1688.084000,0.064951
1688.085000,0.057811
1688.086000,0.224362
1688.087000,0.116867
1688.088000,0.052559
1688.089000,0.172684
1688.090000,-0.040597
1688.091000,0.123956
1688.092000,-0.032468
1688.093000,0.016781
1688.094000,0.099164
1688.095000,-0.008489
1688.096000,0.132158
1688.097000,0.115288
1688.098000,0.265481
1688.099000,0.378293
1688.100000,0.334515
1688.101000,0.133738
1688.102000,0.037131
1688.103000,0.021667
1688.104000,0.410543
1688.105000,0.266466
1688.106000,0.239423
1688.107000,0.195989
1688.108000,0.060476
1688.109000,-0.007151
1688.110000,-0.147121
1688.111000,-0.004867
1688.112000,0.045357
1688.113000,-0.036641
1688.114000,-0.079269
1688.115000,-0.047356
1688.116000,0.049638
1688.117000,0.074595
1688.118000,-0.052500
1688.119000,-0.090368
1688.120000,-0.174657
1688.121000,-0.132023
1688.122000,-0.206189
1688.123000,-0.114794
1688.124000,-0.258505
1688.125000,-0.447941
1688.126000,-0.399223
1688.127000,-0.385008
1688.128000,-0.388113
1688.129000,-0.519718
1688.130000,-0.463250
1688.131000,-0.501873
1688.132000,-0.583462
1688.133000,-0.578915
1688.134000,-0.452125
1688.135000,-0.288619
1688.136000,-0.107515
1688.137000,-0.204646
1688.138000,-0.347919
1688.139000,-0.319765
1688.140000,-0.086291
1688.141000,0.079997
1688.142000,0.234562
1688.143000,0.411237
1688.144000,0.578276
1688.145000,0.544231
1688.146000,0.421733
1688.147000,0.417981
1688.148000,0.514589
1688.149000,0.489410
1688.150000,0.574231
1688.151000,0.288393
1688.152000,0.207791
1688.153000,0.444967
1688.154000,0.232133
1688.155000,0.267282
1688.156000,0.247053
1688.157000,0.146119
1688.158000,0.261835
1688.159000,0.341080
1688.160000,0.191201
1688.161000,0.190742
1688.162000,0.273901
1688.163000,0.209659
1688.164000,0.056344
1688.165000,-0.007471
1688.166000,-0.262087
1688.167000,-0.407053
1688.168000,-0.350561
1688.169000,-0.419142
1688.170000,-0.430684
1688.171000,-0.437497
1688.172000,-0.215122
1688.173000,-0.111069
1688.174000,-0.168249
1688.175000,-0.183089
1688.176000,-0.092254
1688.177000,0.075779
1688.178000,0.028578
1688.179000,0.052249
1688.180000,0.049652
1688.181000,0.230358
1688.182000,0.158618
1688.183000,-0.000202
1688.184000,0.011023
1688.185000,0.103395
1688.186000,0.292928
1688.187000,0.372155
1688.188000,0.198344
1688.189000,0.084063
1688.190000,0.177745
1688.191000,0.470260
1688.192000,0.572584
1688.193000,0.484743
1688.194000,0.499475
1688.195000,0.295907
1688.196000,0.247540
1688.197000,0.262267
1688.198000,0.396621
1688.199000,0.338418
1688.200000,0.272819
1688.201000,0.159654
1688.202000,0.310347
1688.203000,0.276817
1688.204000,0.218398
1688.205000,0.200520
1688.206000,0.100232
1688.207000,0.267946
1688.208000,0.415443
1688.209000,0.430117
1688.210000,0.548922
1688.211000,0.593677
1688.212000,0.481167
1688.213000,0.471402
1688.214000,0.442395
1688.215000,0.490889
1688.216000,0.299219
1688.217000,0.347589
1688.218000,0.322314
1688.219000,0.112679
1688.220000,0.083408
1688.221000,0.019085
1688.222000,-0.079084
1688.223000,0.007146
1688.224000,0.016076
1688.225000,0.015383
1688.226000,-0.102456
1688.227000,-0.243958
1688.228000,-0.189799
1688.229000,-0.230686
1688.230000,-0.227727
1688.231000,-0.125872
1688.232000,0.075665
1688.233000,0.106451
1688.234000,0.177043
1688.235000,0.099049
1688.236000,-0.125870
1688.237000,-0.065512
1688.238000,0.061909
1688.239000,0.163674
1688.240000,0.071341
1688.241000,0.025017
1688.242000,0.313244
1688.243000,0.431428
1688.244000,0.483925
1688.245000,0.627065
1688.246000,0.684672
1688.247000,0.787106
1688.248000,0.767338
1688.249000,0.888374
1688.250000,0.916601
1688.251000,0.844769
1688.252000,0.761302
1688.253000,0.786427
1688.254000,0.674349
1688.255000,0.663270
1688.256000,0.753067
1688.257000,0.775602
1688.258000,0.817507
1688.259000,0.727238
1688.260000,0.811720
1688.261000,0.840636
1688.262000,0.886075
1688.263000,0.904526
1688.264000,0.979908
1688.265000,1.068452
1688.266000,1.126927
1688.267000,1.239571
1688.268000,1.260130
1688.269000,1.138120
1688.270000,1.190083
1688.271000,1.066093
1688.272000,1.061803
1688.273000,1.143456
1688.274000,1.021533
1688.275000,0.883443
1688.276000,0.751201
1688.277000,0.618844
1688.278000,0.658930
1688.279000,0.657724
1688.280000,0.712483
1688.281000,0.866020
1688.282000,0.884289
1688.283000,0.784599
1688.284000,0.767830
1688.285000,0.855879
1688.286000,0.901874
1688.287000,0.855133
1688.288000,0.802337
1688.289000,0.849358
1688.290000,0.861894
1688.291000,0.894208
1688.292000,0.877027
1688.293000,0.876612
1688.294000,0.778085
1688.295000,0.743838
1688.296000,0.740198
1688.297000,0.835428
1688.298000,0.756568
1688.299000,0.849273
1688.300000,0.692201
1688.301000,0.784242
1688.302000,0.667713
1688.303000,0.730820
1688.304000,0.751154
1688.305000,0.689702
1688.306000,0.532713
1688.307000,0.542473
1688.308000,0.385483
1688.309000,0.330554
1688.310000,0.343218
1688.311000,0.446149
1688.312000,0.333955
1688.313000,0.252451
1688.314000,0.158841
1688.315000,0.319797
1688.316000,0.187897
1688.317000,0.187956
1688.318000,0.029633
1688.319000,0.192191
1688.320000,0.077299
1688.321000,0.052111
1688.322000,0.022222
1688.323000,0.015075
1688.324000,0.070324
1688.325000,-0.116441
1688.326000,-0.301589
1688.327000,-0.336195
1688.328000,-0.280711
1688.329000,-0.384387
1688.330000,-0.335201
1688.331000,-0.181085
1688.332000,-0.005376
1688.333000,-0.111261
1688.334000,-0.120778
1688.335000,-0.118630
1688.336000,-0.131132
1688.337000,-0.176484
1688.338000,-0.272666
1688.339000,-0.366542
1688.340000,-0.315036
1688.341000,-0.253998
1688.342000,-0.275733
1688.343000,-0.222108
1688.344000,-0.301018
1688.345000,-0.166594
1688.346000,-0.018975
1688.347000,-0.008017
1688.348000,0.103522
1688.349000,0.093236
1688.350000,0.058347
1688.351000,0.101239
1688.352000,0.055830
1688.353000,0.119110
1688.354000,0.053648
1688.355000,0.206820
1688.356000,0.223305
1688.357000,0.244876
1688.358000,0.330284
1688.359000,0.331673
1688.360000,0.245128
1688.361000,0.421103
1688.362000,0.440135
1688.363000,0.516359
1688.364000,0.465452
1688.365000,0.483637
1688.366000,0.374708
1688.367000,0.260490
1688.368000,0.163512
1688.369000,0.104164
1688.370000,0.148755
1688.371000,0.346094
1688.372000,0.484248
1688.373000,0.408105
1688.374000,0.425195
1688.375000,0.176348
1688.376000,-0.009425
1688.377000,0.102935
1688.378000,0.033828
1688.379000,-0.149329
1688.380000,-0.333118
1688.381000,-0.275544
1688.382000,-0.425671
1688.383000,-0.407943
1688.384000,-0.450990
1688.385000,-0.417002
1688.386000,-0.364251
1688.387000,-0.402540
1688.388000,-0.400941
1688.389000,-0.492802
1688.390000,-0.543788
1688.391000,-0.683962
1688.392000,-0.729610
1688.393000,-0.838479
1688.394000,-0.879368
1688.395000,-0.874128
1688.396000,-0.877823
1688.397000,-0.675237
1688.398000,-0.831325
1688.399000,-0.818318
1688.400000,-0.919709
1688.401000,-1.143135
1688.402000,-1.145990
1688.403000,-1.190901
1688.404000,-1.044480
1688.405000,-1.284361
1688.406000,-1.171578
1688.407000,-1.155821
1688.408000,-0.877419
1688.409000,-0.916541
1688.410000,-0.818437
1688.411000,-0.876375
1688.412000,-0.871388
1688.413000,-1.025562
1688.414000,-0.943616
1688.415000,-0.865655
1688.416000,-0.810008
1688.417000,-0.765118
1688.418000,-0.780328
1688.419000,-0.706845
1688.420000,-0.650743
1688.421000,-0.471041
1688.422000,-0.412705
1688.423000,-0.386192
1688.424000,-0.367510
1688.425000,-0.304744
1688.426000,-0.439387
1688.427000,-0.251669
1688.428000,-0.552128
1688.429000,-0.352903
1688.430000,-0.386468
1688.431000,-0.396279
1688.432000,-0.524164
1688.433000,-0.438292
1688.434000,-0.261558
1688.435000,-0.237922
1688.436000,-0.334334
1688.437000,-0.435693
1688.438000,-0.577283
1688.439000,-0.518745
1688.440000,-0.440133
1688.441000,-0.495387
1688.442000,-0.513233
1688.443000,-0.513980
1688.444000,-0.566359
1688.445000,-0.711490
1688.446000,-0.791719
1688.447000,-0.527000
1688.448000,-0.506928
1688.449000,-0.502318
1688.450000,-0.587053
1688.451000,-0.325884
1688.452000,-0.416414
1688.453000,-0.292751
1688.454000,-0.292191
1688.455000,-0.210738
1688.456000,-0.125696
1688.457000,-0.125087
1688.458000,-0.067265
1688.459000,-0.083588
1688.460000,-0.206711
1688.461000,-0.186563
1688.462000,-0.281863
1688.463000,-0.349279
1688.464000,-0.368933
1688.465000,-0.406947
1688.466000,-0.315377
1688.467000,-0.305259
1688.468000,-0.205938
1688.469000,-0.241444
1688.470000,-0.196011
1688.471000,-0.020518
1688.472000,-0.081728
1688.473000,-0.059602
1688.474000,-0.111600
1688.475000,0.196963
1688.476000,0.209402
1688.477000,0.059517
1688.478000,-0.084545
1688.479000,-0.064124
1688.480000,-0.118956
1688.481000,-0.295524
1688.482000,-0.326542
1688.483000,-0.438556
1688.484000,-0.350389
1688.485000,-0.360973
1688.486000,-0.508742
1688.487000,-0.475839
1688.488000,-0.637475
1688.489000,-0.737805
1688.490000,-0.676238
1688.491000,-0.695629
1688.492000,-0.508857
1688.493000,-0.597199
1688.494000,-0.567501
1688.495000,-0.490244
1688.496000,-0.288535
1688.497000,-0.313105
1688.498000,-0.236940
1688.499000,-0.304708
1688.500000,-0.219755
1688.501000,-0.297990
1688.502000,-0.279087
1688.503000,-0.374036
1688.504000,-0.397407
1688.505000,-0.413175
1688.506000,-0.155631
1688.507000,-0.061216
1688.508000,-0.145291
1688.509000,0.040882
1688.510000,0.075216
1688.511000,-0.107646
1688.512000,-0.214501
1688.513000,-0.319368
1688.514000,-0.347265
1688.515000,-0.357394
1688.516000,-0.474074
1688.517000,-0.519068
1688.518000,-0.449897
1688.519000,-0.600899
1688.520000,-0.444707
1688.521000,-0.441179
1688.522000,-0.296873
1688.523000,-0.201540
1688.524000,0.061909
1688.525000,0.040447
1688.526000,0.054078
1688.527000,0.084538
1688.528000,-0.040076
1688.529000,-0.115495
1688.530000,-0.143691
1688.531000,-0.010101
1688.532000,-0.020388
1688.533000,0.079459
1688.534000,0.040671
1688.535000,0.063104
1688.536000,-0.001250
1688.537000,0.084335
1688.538000,0.114101
1688.539000,0.106520
1688.540000,0.083390
1688.541000,0.148431
1688.542000,0.180509
1688.543000,0.018603
1688.544000,0.076596
1688.545000,-0.056804
1688.546000,-0.180943
1688.547000,-0.164857
1688.548000,-0.154003
1688.549000,0.023253
1688.550000,-0.238864
1688.551000,-0.147829
1688.552000,-0.060242
1688.553000,-0.131289
1688.554000,-0.058448
1688.555000,-0.125366
1688.556000,-0.066645
1688.557000,-0.057025
1688.558000,-0.053702
1688.559000,0.090578
1688.560000,0.049658
1688.561000,0.095490
1688.562000,0.048835
1688.563000,-0.132979
1688.564000,-0.111942
1688.565000,-0.148199
1688.566000,-0.298693
1688.567000,-0.319693
1688.568000,-0.402777
1688.569000,-0.315890
1688.570000,-0.296003
1688.571000,-0.283402
1688.572000,-0.372906
1688.573000,-0.447815
1688.574000,-0.410509
1688.575000,-0.359456
1688.576000,-0.442320
1688.577000,-0.530775
1688.578000,-0.475115
1688.579000,-0.450127
1688.580000,-0.439464
1688.581000,-0.545888
1688.582000,-0.608180
1688.583000,-0.652992
1688.584000,-0.614147
1688.585000,-0.658707
1688.586000,-0.308212
1688.587000,-0.250690
1688.588000,-0.303255
1688.589000,-0.054139
1688.590000,0.004023
1688.591000,-0.010536
1688.592000,0.054602
1688.593000,-0.049171
1688.594000,0.035992
1688.595000,0.125385
1688.596000,0.273625
1688.597000,0.218822
1688.598000,0.215008
1688.599000,0.335878
1688.600000,0.369919
1688.601000,0.185937
1688.602000,0.179064
1688.603000,0.421254
1688.604000,0.563352
1688.605000,0.527616
1688.606000,0.439668
1688.607000,0.237220
1688.608000,0.300294
1688.609000,0.337167
1688.610000,0.530410
1688.611000,0.567523
1688.612000,0.567310
1688.613000,0.562275
1688.614000,0.354898
1688.615000,0.492859
1688.616000,0.664106
1688.617000,0.647332
1688.618000,0.748874
1688.619000,0.858138
1688.620000,0.842803
1688.621000,0.734099
1688.622000,0.707673
1688.623000,0.590396
1688.624000,0.561578
1688.625000,0.483976
1688.626000,0.580181
1688.627000,0.613818
1688.628000,0.511414
1688.629000,0.665612
1688.630000,0.669854
1688.631000,0.776606
1688.632000,0.754470
1688.633000,0.492222
1688.634000,0.465112
1688.635000,0.625870
1688.636000,0.734684
1688.637000,0.716566
1688.638000,0.812027
1688.639000,0.902397
1688.640000,0.742573
1688.641000,0.797210
1688.642000,0.808733
1688.643000,0.712920
1688.644000,0.829432
1688.645000,0.670318
1688.646000,0.626571
1688.647000,0.529673
1688.648000,0.474105
1688.649000,0.547643
1688.650000,0.584306
1688.651000,0.825611
1688.652000,0.636489
1688.653000,0.885557
1688.654000,0.917613
1688.655000,0.893933
1688.656000,1.046604
1688.657000,0.916276
1688.658000,0.985783
1688.659000,1.029015
1688.660000,1.088018
1688.661000,0.986244
1688.662000,0.994211
1688.663000,1.139651
1688.664000,1.343118
1688.665000,1.282256
1688.666000,1.218179
1688.667000,1.346206
1688.668000,1.325175
1688.669000,1.403209
1688.670000,1.357141
1688.671000,1.328750
1688.672000,1.090106
1688.673000,0.885651
1688.674000,0.896941
1688.675000,0.964559
1688.676000,0.839674
1688.677000,0.881834
1688.678000,0.978343
1688.679000,0.856672
1688.680000,0.809994
1688.681000,0.918105
1688.682000,0.789115
1688.683000,0.849906
1688.684000,0.967308
1688.685000,0.993130
1688.686000,1.156119
1688.687000,1.176955
1688.688000,1.232787
1688.689000,1.171251
1688.690000,1.112547
1688.691000,1.318207
1688.692000,1.180582
1688.693000,1.049891
1688.694000,1.237104
1688.695000,1.145705
1688.696000,0.968935
1688.697000,0.807723
1688.698000,0.631327
1688.699000,0.592380
1688.700000,0.533175
1688.701000,0.509609
1688.702000,0.386676
1688.703000,0.454951
1688.704000,0.511120
1688.705000,0.442227
1688.706000,0.327396
1688.707000,0.409463
1688.708000,0.315783
1688.709000,0.347640
1688.710000,0.196942
1688.711000,0.118325
1688.712000,0.049183
1688.713000,-0.072805
1688.714000,-0.069188
1688.715000,-0.056480
1688.716000,-0.258911
1688.717000,-0.439451
1688.718000,-0.510842
1688.719000,-0.537592
1688.720000,-0.655686
1688.721000,-0.690909
1688.722000,-0.913717
1688.723000,-1.088175
1688.724000,-1.144943
1688.725000,-1.091670
1688.726000,-1.033175
1688.727000,-0.892818
1688.728000,-0.842854
1688.729000,-0.742579
1688.730000,-0.749950
1688.731000,-0.761505
1688.732000,-1.028132
1688.733000,-1.066801
1688.734000,-0.902828
1688.735000,-0.846617
1688.736000,-0.817158
1688.737000,-0.745923
1688.738000,-1.046335
1688.739000,-0.989037
1688.740000,-0.937102
1688.741000,-1.033188
1688.742000,-1.148942
1688.743000,-1.343722
1688.744000,-1.175874
1688.745000,-1.165539
1688.746000,-1.224777
1688.747000,-1.105928
1688.748000,-1.051720
1688.749000,-0.874233
1688.750000,-0.688104
1688.751000,-0.629612
1688.752000,-0.623294
1688.753000,-0.525257
1688.754000,-0.436407
1688.755000,-0.402257
1688.756000,-0.417787
1688.757000,-0.415304
1688.758000,-0.669922
1688.759000,-0.604127
1688.760000,-0.774189
1688.761000,-0.743330
1688.762000,-0.811234
1688.763000,-0.825836
1688.764000,-0.669701
1688.765000,-0.715167
1688.766000,-0.590503
1688.767000,-0.534383
1688.768000,-0.547045
1688.769000,-0.411004
1688.770000,-0.558079
1688.771000,-0.428663
1688.772000,-0.407094
1688.773000,-0.386197
1688.774000,-0.325287
1688.775000,-0.236941
1688.776000,-0.297454
1688.777000,-0.025331
1688.778000,0.319957
1688.779000,0.249796
1688.780000,0.079758
1688.781000,0.071485
1688.782000,0.191470
1688.783000,0.093860
1688.784000,0.034598
1688.785000,-0.043131
1688.786000,0.027986
1688.787000,0.138877
1688.788000,0.173676
1688.789000,0.159890
1688.790000,0.041354
1688.791000,0.020657
1688.792000,0.116102
1688.793000,0.026839
1688.794000,0.064137
1688.795000,0.106164
1688.796000,-0.094379
1688.797000,-0.244995
1688.798000,-0.248475
1688.799000,-0.230191
1688.800000,-0.023671
1688.801000,-0.104980
1688.802000,-0.260730
1688.803000,-0.133519
1688.804000,-0.000103
1688.805000,0.151901
1688.806000,0.099389
1688.807000,0.116751
1688.808000,0.088828
1688.809000,0.014071
1688.810000,0.166966
1688.811000,-0.081851
1688.812000,-0.093448
1688.813000,-0.156793
1688.814000,-0.113044
1688.815000,-0.218042
1688.816000,-0.452203
1688.817000,-0.557335
1688.818000,-0.474458
1688.819000,-0.618335
1688.820000,-0.694882
1688.821000,-0.552822
1688.822000,-0.433956
1688.823000,-0.276674
1688.824000,-0.373353
1688.825000,-0.345854
1688.826000,-0.469436
1688.827000,-0.558418
1688.828000,-0.472791
1688.829000,-0.473048
1688.830000,-0.328833
1688.831000,-0.286644
1688.832000,-0.288306
1688.833000,-0.265717
1688.834000,-0.269860
1688.835000,-0.189458
1688.836000,-0.314028
1688.837000,-0.402138
1688.838000,-0.348064
1688.839000,-0.383859
1688.840000,-0.377000
1688.841000,-0.460189
1688.842000,-0.477377
1688.843000,-0.563897
1688.844000,-0.628308
1688.845000,-0.739562
1688.846000,-0.695677
1688.847000,-0.570950
1688.848000,-0.577708
1688.849000,-0.470075
1688.850000,-0.442690
1688.851000,-0.410121
1688.852000,-0.506731
1688.853000,-0.605261
1688.854000,-0.519697
1688.855000,-0.446902
1688.856000,-0.487375
1688.857000,-0.449027
1688.858000,-0.658032
1688.859000,-0.682542
1688.860000,-0.692838
1688.861000,-0.689969
1688.862000,-0.711608
1688.863000,-0.784738
1688.864000,-0.748607
1688.865000,-0.696416
1688.866000,-0.580679
1688.867000,-0.530112
1688.868000,-0.347192
1688.869000,-0.366924
1688.870000,-0.385040
1688.871000,-0.518893
1688.872000,-0.553951
1688.873000,-0.491319
1688.874000,-0.601233
1688.875000,-0.448758
1688.876000,-0.396731
1688.877000,-0.437423
1688.878000,-0.512067
1688.879000,-0.424167
1688.880000,-0.330063
1688.881000,-0.334119
1688.882000,-0.489991
1688.883000,-0.541881
1688.884000,-0.665332
1688.885000,-0.571256
1688.886000,-0.448569
1688.887000,-0.416225
1688.888000,-0.454120
1688.889000,-0.280157
1688.890000,-0.285275
1688.891000,-0.200069
1688.892000,0.011942
1688.893000,0.054363
1688.894000,0.204632
1688.895000,0.186138
1688.896000,0.294930
1688.897000,0.423954
1688.898000,0.396674
1688.899000,0.444466
1688.900000,0.458926
1688.901000,0.468131
1688.902000,0.412192
1688.903000,0.480991
1688.904000,0.558384
1688.905000,0.399758
1688.906000,0.479423
1688.907000,0.419866
1688.908000,0.339426
1688.909000,0.421517
1688.910000,0.366502
1688.911000,0.520567
1688.912000,0.488589
1688.913000,0.605198
1688.914000,0.593844
1688.915000,0.558879
1688.916000,0.560296
1688.917000,0.538597
1688.918000,0.596048
1688.919000,0.514795
1688.920000,0.580866
1688.921000,0.466267
1688.922000,0.693814
1688.923000,0.620607
1688.924000,0.424024
1688.925000,0.389419
1688.926000,0.526293
1688.927000,0.453682
1688.928000,0.341406
1688.929000,0.306737
1688.930000,0.308009
1688.931000,0.305049
1688.932000,0.649601
1688.933000,0.439638
1688.934000,0.585701
1688.935000,0.463994
1688.936000,0.712004
1688.937000,0.665148
1688.938000,0.700430
1688.939000,0.724358
1688.940000,0.689806
1688.941000,0.736370
1688.942000,0.677128
1688.943000,0.498723
1688.944000,0.633677
1688.945000,0.650031
1688.946000,0.578986
1688.947000,0.741357
1688.948000,0.915925
1688.949000,0.829109
1688.950000,0.778306
1688.951000,0.766520
1688.952000,0.700541
1688.953000,0.703922
1688.954000,0.527139
1688.955000,0.465783
1688.956000,0.564312
1688.957000,0.411504
1688.958000,0.356328
1688.959000,0.384777
1688.960000,0.400146
1688.961000,0.416769
1688.962000,0.343292
1688.963000,0.310535
1688.964000,0.270580
1688.965000,0.054158
1688.966000,0.232095
1688.967000,0.184405
1688.968000,0.191444
1688.969000,0.114425
1688.970000,0.061648
1688.971000,0.006345
1688.972000,0.067291
1688.973000,0.180173
1688.974000,-0.062656
1688.975000,-0.023036
1688.976000,-0.298090
1688.977000,-0.141656
1688.978000,-0.127942
1688.979000,0.069694
1688.980000,-0.106054
1688.981000,-0.023079
1688.982000,-0.096800
1688.983000,-0.064038
1688.984000,-0.205687
1688.985000,-0.154315
1688.986000,-0.069606
1688.987000,-0.143656
1688.988000,-0.098895
1688.989000,-0.150678
1688.990000,-0.145617
1688.991000,-0.273371
1688.992000,-0.266247
1688.993000,-0.223893
1688.994000,-0.219741
1688.995000,-0.153172
1688.996000,-0.136449
1688.997000,-0.054835
1688.998000,-0.090944
1688.999000,-0.219123
1689.000000,-0.194802
1689.001000,-0.038631
1689.002000,0.081404
1689.003000,-0.049705
1689.004000,0.023057
1689.005000,0.000210
1689.006000,-0.114176
1689.007000,-0.315054
1689.008000,-0.281586
1689.009000,-0.155271
1689.010000,-0.214699
1689.011000,-0.291209
1689.012000,-0.249112
1689.013000,-0.249128
1689.014000,-0.377501
1689.015000,-0.269089
1689.016000,-0.268372
1689.017000,-0.367976
1689.018000,-0.288884
1689.019000,-0.307849
1689.020000,-0.304697
1689.021000,-0.337207
1689.022000,-0.325142
1689.023000,-0.359405
1689.024000,-0.286841
1689.025000,-0.211837
1689.026000,-0.259763
1689.027000,-0.426210
1689.028000,-0.293057
1689.029000,-0.263033
1689.030000,-0.327128
1689.031000,-0.250510
1689.032000,-0.340997
1689.033000,-0.295316
1689.034000,-0.065789
1689.035000,0.057812
1689.036000,0.147937
1689.037000,0.422459
1689.038000,0.438303
1689.039000,0.384454
1689.040000,0.541513
1689.041000,0.588060
1689.042000,0.533820
1689.043000,0.675754
1689.044000,0.594796
1689.045000,0.461846
1689.046000,0.559634
1689.047000,0.498951
1689.048000,0.496984
1689.049000,0.417869
1689.050000,0.349183
1689.051000,0.627474
1689.052000,0.520579
1689.053000,0.352669
1689.054000,0.412462
1689.055000,0.252987
1689.056000,0.163991
1689.057000,-0.021590
1689.058000,0.093370
1689.059000,0.057585
1689.060000,0.097399
1689.061000,-0.100954
1689.062000,-0.069114
1689.063000,-0.042481
1689.064000,-0.164548
1689.065000,-0.130015
1689.066000,-0.352380
1689.067000,-0.339223
1689.068000,-0.211659
1689.069000,-0.097235
1689.070000,-0.313679
1689.071000,-0.280574
1689.072000,-0.130320
1689.073000,-0.097843
1689.074000,-0.027155
1689.075000,0.087949
1689.076000,0.009709
1689.077000,0.194901
1689.078000,0.279204
1689.079000,0.333981
1689.080000,0.234762
1689.081000,0.244394
1689.082000,0.318505
1689.083000,0.251922
1689.084000,0.230196
1689.085000,0.249114
1689.086000,0.431521
1689.087000,0.563722
1689.088000,0.634307
1689.089000,0.743336
1689.090000,0.760418
1689.091000,0.948944
1689.092000,0.885894
1689.093000,0.809047
1689.094000,0.842365
1689.095000,0.831503
1689.096000,0.832333
1689.097000,0.769627
1689.098000,0.749341
1689.099000,0.743706
1689.100000,0.683052
1689.101000,0.696864
1689.102000,0.693772
1689.103000,0.681923
1689.104000,0.749959
1689.105000,0.685662
1689.106000,0.704013
1689.107000,0.752532
1689.108000,0.619115
1689.109000,0.588851
1689.110000,0.632205
1689.111000,0.714789
1689.112000,0.720728
1689.113000,0.720153
1689.114000,0.738234
1689.115000,0.758994
1689.116000,0.883293
1689.117000,0.909615
1689.118000,0.951958
1689.119000,0.967550
1689.120000,1.039634
1689.121000,1.078747
1689.122000,1.024226
1689.123000,1.143017
1689.124000,1.041055
1689.125000,1.293164
1689.126000,1.186581
1689.127000,1.133882
1689.128000,1.057209
1689.129000,1.105849
1689.130000,1.130000
1689.131000,1.123097
1689.132000,1.183581
1689.133000,0.963793
1689.134000,0.812279
1689.135000,0.697321
1689.136000,0.676653
1689.137000,0.556647
1689.138000,0.548594
1689.139000,0.730307
1689.140000,0.803283
1689.141000,0.908863
1689.142000,0.825168
1689.143000,0.802378
1689.144000,0.791329
1689.145000,0.601571
1689.146000,0.590905
1689.147000,0.559487
1689.148000,0.573502
1689.149000,0.542360
1689.150000,0.660806
1689.151000,0.550011
1689.152000,0.525448
1689.153000,0.447506
1689.154000,0.467558
1689.155000,0.381817
1689.156000,0.442544
1689.157000,0.390079
1689.158000,0.263050
1689.159000,0.187645
1689.160000,0.163639
1689.161000,0.165390
1689.162000,0.140931
1689.163000,0.237481
1689.164000,0.202353
1689.165000,0.230245
1689.166000,0.165314
1689.167000,0.086327
1689.168000,0.044912
1689.169000,0.025390
1689.170000,-0.030508
1689.171000,-0.150646
1689.172000,-0.129896
1689.173000,-0.235866
1689.174000,-0.317480
1689.175000,-0.288278
1689.176000,-0.364394
1689.177000,-0.360213
1689.178000,-0.532410
1689.179000,-0.438626
1689.180000,-0.502723
1689.181000,-0.358201
1689.182000,-0.278744
1689.183000,-0.455190
1689.184000,-0.596941
1689.185000,-0.599967
1689.186000,-0.512863
1689.187000,-0.607271
1689.188000,-0.525212
1689.189000,-0.591709
1689.190000,-0.527635
1689.191000,-0.400225
1689.192000,-0.275437
1689.193000,-0.369134
1689.194000,-0.413246
1689.195000,-0.330730
1689.196000,-0.376668
1689.197000,-0.390403
1689.198000,-0.338736
1689.199000,-0.393392
1689.200000,-0.389095
1689.201000,-0.527188
1689.202000,-0.617840
1689.203000,-0.801803
1689.204000,-0.738374
1689.205000,-0.709743
1689.206000,-0.753765
1689.207000,-0.782348
1689.208000,-0.713248
1689.209000,-0.616196
1689.210000,-0.516413
1689.211000,-0.491530
1689.212000,-0.657607
1689.213000,-0.537925
1689.214000,-0.527970
1689.215000,-0.787132
1689.216000,-0.868802
1689.217000,-0.875463
1689.218000,-1.066324
1689.219000,-0.988566
1689.220000,-1.079959
1689.221000,-1.142198
1689.222000,-1.318934
1689.223000,-1.305852
1689.224000,-1.441957
1689.225000,-1.396487
1689.226000,-1.435017
1689.227000,-1.491229
1689.228000,-1.521422
1689.229000,-1.607447
1689.230000,-1.356616
1689.231000,-1.466016
1689.232000,-1.252188
1689.233000,-1.407388
1689.234000,-1.389212
1689.235000,-1.307781
1689.236000,-1.261809
1689.237000,-1.230905
1689.238000,-1.004757
1689.239000,-0.874900
1689.240000,-0.937116
1689.241000,-0.884115
1689.242000,-0.977051
1689.243000,-0.952980
1689.244000,-0.974890
1689.245000,-1.047931
1689.246000,-0.904238
1689.247000,-0.985020
1689.248000,-0.896539
1689.249000,-0.919098
1689.250000,-0.909491
1689.251000,-0.965343
1689.252000,-0.966880
1689.253000,-0.972084
1689.254000,-1.065644
1689.255000,-0.916675
1689.256000,-0.745597
1689.257000,-0.691376
1689.258000,-0.641996
1689.259000,-0.584610
1689.260000,-0.550128
1689.261000,-0.464413
1689.262000,-0.408159
1689.263000,-0.246528
1689.264000,-0.269034
1689.265000,-0.403506
1689.266000,-0.502547
1689.267000,-0.606054
1689.268000,-0.732780
1689.269000,-0.667036
1689.270000,-0.715247
1689.271000,-0.655013
1689.272000,-0.710386
1689.273000,-0.704401
1689.274000,-0.639206
1689.275000,-0.479566
1689.276000,-0.375320
1689.277000,-0.234936
1689.278000,-0.418321
1689.279000,-0.522631
1689.280000,-0.550609
1689.281000,-0.576104
1689.282000,-0.677897
1689.283000,-0.613820
1689.284000,-0.415179
1689.285000,-0.383219
1689.286000,-0.409129
1689.287000,-0.400567
1689.288000,-0.383311
1689.289000,-0.352413
1689.290000,-0.386688
1689.291000,-0.450397
1689.292000,-0.297937
1689.293000,-0.187846
1689.294000,-0.243832
1689.295000,-0.291243
1689.296000,-0.382429
1689.297000,-0.392684
1689.298000,-0.417269
1689.299000,-0.331959
1689.300000,-0.395308
1689.301000,-0.313016
1689.302000,-0.365499
1689.303000,-0.420580
1689.304000,-0.250412
1689.305000,-0.199442
1689.306000,-0.338888
1689.307000,-0.331522
1689.308000,-0.352722
1689.309000,-0.273407
1689.310000,-0.389438
1689.311000,-0.448920
1689.312000,-0.427444
1689.313000,-0.349108
1689.314000,-0.407329
1689.315000,-0.477704
1689.316000,-0.446049
1689.317000,-0.640065
1689.318000,-0.637731
1689.319000,-0.523406
1689.320000,-0.346970
1689.321000,-0.395913
1689.322000,-0.372614
1689.323000,-0.341220
1689.324000,-0.355889
1689.325000,-0.241346
1689.326000,-0.451734
1689.327000,-0.460116
1689.328000,-0.608032
1689.329000,-0.641978
1689.330000,-0.659624
1689.331000,-0.972959
1689.332000,-0.884205
1689.333000,-0.898839
1689.334000,-0.841721
1689.335000,-0.663057
1689.336000,-0.547984
1689.337000,-0.413038
1689.338000,-0.399919
1689.339000,-0.495789
1689.340000,-0.399694
1689.341000,-0.425392
1689.342000,-0.367928
1689.343000,-0.405779
1689.344000,-0.555266
1689.345000,-0.468050
1689.346000,-0.423714
1689.347000,-0.401218
1689.348000,-0.398396
1689.349000,-0.338004
1689.350000,-0.103541
1689.351000,-0.245756
1689.352000,-0.183593
1689.353000,-0.132211
1689.354000,-0.046953
1689.355000,-0.133514
1689.356000,-0.042088
1689.357000,0.028550
1689.358000,0.240256
1689.359000,0.231315
1689.360000,0.305569
1689.361000,0.436694
1689.362000,0.499299
1689.363000,0.399389
1689.364000,0.536794
1689.365000,0.519896
1689.366000,0.579771
1689.367000,0.523778
1689.368000,0.547896
1689.369000,0.582305
1689.370000,0.756830
1689.371000,0.877049
1689.372000,0.851137
1689.373000,0.852432
1689.374000,0.745886
1689.375000,0.621997
1689.376000,0.533235
1689.377000,0.569863
1689.378000,0.471379
1689.379000,0.392909
1689.380000,0.586307
1689.381000,0.598737
1689.382000,0.365452
1689.383000,0.444611
1689.384000,0.477358
1689.385000,0.502701
1689.386000,0.584125
1689.387000,0.587199
1689.388000,0.556034
1689.389000,0.491390
1689.390000,0.591090
1689.391000,0.248555
1689.392000,0.170365
1689.393000,0.211419
1689.394000,0.163190
1689.395000,0.115958
1689.396000,0.004361
1689.397000,-0.002715
1689.398000,0.077549
1689.399000,0.297486
1689.400000,0.169142
1689.401000,0.069339
1689.402000,0.213617
1689.403000,0.175118
1689.404000,0.107160
1689.405000,0.034298
1689.406000,0.010472
1689.407000,0.139061
1689.408000,0.310429
1689.409000,0.327188
1689.410000,0.452281
1689.411000,0.380249
1689.412000,0.345871
1689.413000,0.338102
1689.414000,0.282375
1689.415000,0.266856
1689.416000,0.135539
1689.417000,-0.054735
1689.418000,-0.023887
1689.419000,-0.095248
1689.420000,-0.052752
1689.421000,-0.024712
1689.422000,0.299359
1689.423000,0.300845
1689.424000,0.203191
1689.425000,0.266073
1689.426000,0.264585
1689.427000,0.140844
1689.428000,0.150233
1689.429000,0.216299
1689.430000,0.138987
1689.431000,0.197106
1689.432000,0.240308
1689.433000,0.122526
1689.434000,0.287577
1689.435000,0.041637
1689.436000,0.148552
1689.437000,0.107614
1689.438000,0.257215
1689.439000,0.197498
1689.440000,0.160375
1689.441000,-0.054385
1689.442000,-0.124749
1689.443000,-0.033850
1689.444000,-0.153095
1689.445000,-0.115586
1689.446000,-0.068742
1689.447000,-0.122160
1689.448000,-0.353080
1689.449000,-0.288515
1689.450000,-0.138867
1689.451000,-0.109274
1689.452000,-0.155469
1689.453000,0.073304
1689.454000,0.041589
1689.455000,-0.011710
1689.456000,0.069917
1689.457000,-0.257792
1689.458000,-0.333809
1689.459000,-0.389444
1689.460000,-0.362104
1689.461000,-0.335108
1689.462000,-0.320596
1689.463000,-0.418903
1689.464000,-0.421758
1689.465000,-0.502141
1689.466000,-0.458080
1689.467000,-0.329605
1689.468000,-0.283206
1689.469000,-0.310116
1689.470000,-0.318699
1689.471000,-0.484692
1689.472000,-0.461170
1689.473000,-0.304339
1689.474000,-0.209949
1689.475000,-0.088901
1689.476000,0.091683
1689.477000,-0.007113
1689.478000,0.026356
1689.479000,-0.028383
1689.480000,-0.130284
1689.481000,-0.223481
1689.482000,-0.076779
1689.483000,-0.139393
1689.484000,-0.178204
1689.485000,-0.136701
1689.486000,-0.109500
1689.487000,-0.205537
1689.488000,-0.307955
1689.489000,-0.264518
1689.490000,-0.320728
1689.491000,-0.277108
1689.492000,-0.302088
1689.493000,-0.040320
1689.494000,-0.045953
1689.495000,0.085825
1689.496000,0.120932
1689.497000,-0.025664
1689.498000,-0.096804
1689.499000,-0.082712
1689.500000,-0.060705
1689.501000,-0.023750
1689.502000,0.127423
1689.503000,0.146300
1689.504000,0.258935
1689.505000,0.245326
1689.506000,0.343622
1689.507000,0.343316
1689.508000,0.211480
1689.509000,0.046160
1689.510000,-0.060912
1689.511000,0.170051
1689.512000,0.094693
1689.513000,-0.035086
1689.514000,-0.103906
1689.515000,-0.001792
1689.516000,-0.001476
1689.517000,-0.090613
1689.518000,-0.045049
1689.519000,0.085201
1689.520000,0.051659
1689.521000,-0.011592
1689.522000,-0.014213
1689.523000,0.082496
1689.524000,0.064483
1689.525000,0.299657
1689.526000,0.333758
1689.527000,0.313761
1689.528000,0.207361
1689.529000,0.077333
1689.530000,0.049271
1689.531000,0.076797
1689.532000,-0.165081
1689.533000,-0.337857
1689.534000,-0.318414
1689.535000,-0.352099
1689.536000,-0.291521
1689.537000,0.039017
1689.538000,0.091708
1689.539000,0.071347
1689.540000,-0.037920
1689.541000,0.054795
1689.542000,0.107292
1689.543000,0.222780
1689.544000,0.311979
1689.545000,0.266703
1689.546000,0.127009
1689.547000,0.173402
1689.548000,0.181364
1689.549000,0.215302
1689.550000,0.088671
1689.551000,0.171945
1689.552000,0.047691
1689.553000,0.053691
1689.554000,0.086404
1689.555000,0.109015
1689.556000,0.096907
1689.557000,0.242563
1689.558000,0.231274
1689.559000,0.187262
1689.560000,0.293056
1689.561000,0.329630
1689.562000,0.357629
1689.563000,0.372485
1689.564000,0.264963
1689.565000,0.280354
1689.566000,0.230321
1689.567000,0.219980
1689.568000,0.273557
1689.569000,0.163832
1689.570000,0.212986
1689.571000,0.097164
1689.572000,0.298403
1689.573000,0.378618
1689.574000,0.441411
1689.575000,0.509808
1689.576000,0.481118
1689.577000,0.312879
1689.578000,0.170076
1689.579000,0.240056
1689.580000,0.123958
1689.581000,0.024909
1689.582000,0.218357
1689.583000,0.058183
1689.584000,0.002058
1689.585000,-0.156802
1689.586000,-0.176228
1689.587000,-0.035396
1689.588000,-0.037746
1689.589000,-0.119416
1689.590000,-0.171285
1689.591000,-0.077267
1689.592000,0.021107
1689.593000,-0.180824
1689.594000,-0.136084
1689.595000,-0.145294
1689.596000,-0.209309
1689.597000,-0.162426
1689.598000,-0.286295
1689.599000,-0.358201
1689.600000,-0.194853
1689.601000,-0.047142
1689.602000,-0.007966
1689.603000,-0.060204
1689.604000,-0.093500
1689.605000,0.094769
1689.606000,0.026016
1689.607000,0.021930
1689.608000,-0.043658
1689.609000,-0.085189
1689.610000,-0.109683
1689.611000,-0.050002
1689.612000,-0.035816
1689.613000,-0.040593
1689.614000,0.176941
1689.615000,0.119798
1689.616000,0.050756
1689.617000,0.116234
1689.618000,0.177295
1689.619000,0.074391
1689.620000,0.012526
1689.621000,-0.034104
1689.622000,0.014936
1689.623000,-0.071273
1689.624000,-0.012848
1689.625000,0.005349
1689.626000,0.287087
1689.627000,0.171877
1689.628000,0.135179
1689.629000,0.275867
1689.630000,0.147813
1689.631000,0.175334
1689.632000,0.158933
1689.633000,0.241719
1689.634000,-0.046014
1689.635000,-0.215628
1689.636000,0.060776
1689.637000,-0.071276
1689.638000,-0.093842
1689.639000,-0.162652
1689.640000,-0.126453
1689.641000,-0.110972
1689.642000,0.057150
1689.643000,0.022012
1689.644000,0.068135
1689.645000,0.149914
1689.646000,0.165222
1689.647000,0.044815
1689.648000,-0.071684
1689.649000,-0.132205
1689.650000,0.025282
1689.651000,0.012708
1689.652000,0.029709
1689.653000,0.007576
1689.654000,0.079455
1689.655000,0.102920
1689.656000,0.330467
1689.657000,0.282257
1689.658000,0.315888
1689.659000,0.274681
1689.660000,0.106177
1689.661000,0.112928
1689.662000,0.271516
1689.663000,0.304452
1689.664000,0.153729
1689.665000,0.158551
1689.666000,0.191908
1689.667000,0.190566
1689.668000,0.318917
1689.669000,0.363901
1689.670000,0.152277
1689.671000,0.258576
1689.672000,0.134535
1689.673000,0.286201
1689.674000,0.315962
1689.675000,0.353027
1689.676000,0.483620
1689.677000,0.354724
1689.678000,0.353472
1689.679000,0.250688
1689.680000,0.210886
1689.681000,0.190053
1689.682000,0.174430
1689.683000,0.110926
1689.684000,0.189137
1689.685000,0.177335
1689.686000,0.094482
1689.687000,0.136311
1689.688000,0.147984
1689.689000,0.222705
1689.690000,0.148434
1689.691000,0.096719
1689.692000,0.088561
1689.693000,0.000630
1689.694000,-0.026796
1689.695000,-0.156509
1689.696000,-0.151309
1689.697000,-0.038781
1689.698000,-0.217760
1689.699000,-0.265651
1689.700000,-0.193993
1689.701000,-0.100600
1689.702000,-0.135306
1689.703000,-0.398961
1689.704000,-0.325367
1689.705000,-0.224139
1689.706000,-0.036120
1689.707000,-0.110805
1689.708000,-0.210875
1689.709000,-0.063347
1689.710000,-0.216301
1689.711000,-0.101403
1689.712000,0.070964
1689.713000,0.110095
1689.714000,0.016095
1689.715000,-0.021422
1689.716000,-0.075987
1689.717000,-0.014151
1689.718000,0.010850
1689.719000,0.188834
1689.720000,0.107479
1689.721000,0.112724
1689.722000,-0.104237
1689.723000,0.093494
1689.724000,0.073064
1689.725000,-0.000664
1689.726000,0.155202
1689.727000,0.366341
1689.728000,0.386508
1689.729000,0.330046
1689.730000,0.340157
1689.731000,0.196804
1689.732000,0.230218
1689.733000,0.285761
1689.734000,0.349237
1689.735000,0.438576
1689.736000,0.478497
1689.737000,0.563014
1689.738000,0.641668
1689.739000,0.580498
1689.740000,0.516100
1689.741000,0.180942
1689.742000,0.390099
1689.743000,0.573008
1689.744000,0.735219
1689.745000,0.818858
1689.746000,0.775868
1689.747000,1.034996
1689.748000,0.979563
1689.749000,1.000926
1689.750000,0.868319
1689.751000,0.729803
1689.752000,0.859497
1689.753000,0.944579
1689.754000,1.067257
1689.755000,1.213922
1689.756000,0.903773
1689.757000,0.904340
1689.758000,0.892807
1689.759000,0.826448
1689.760000,0.660167
1689.761000,0.828188
1689.762000,1.028167
1689.763000,1.099627
1689.764000,0.850536
1689.765000,0.867059
1689.766000,0.705166
1689.767000,0.590723
1689.768000,0.618664
1689.769000,0.670355
1689.770000,0.673469
1689.771000,0.542605
1689.772000,0.653910
1689.773000,0.621759
1689.774000,0.667318
1689.775000,0.569558
1689.776000,0.600174
1689.777000,0.591347
1689.778000,0.545435
1689.779000,0.638015
1689.780000,0.606780
1689.781000,0.526718
1689.782000,0.508896
1689.783000,0.392977
1689.784000,0.411690
1689.785000,0.378847
1689.786000,0.430769
1689.787000,0.239385
1689.788000,0.112403
1689.789000,0.094320
1689.790000,0.095762
1689.791000,0.021174
1689.792000,-0.074449
1689.793000,-0.035130
1689.794000,-0.140439
1689.795000,-0.165185
1689.796000,-0.261134
1689.797000,-0.179707
1689.798000,-0.046024
1689.799000,-0.048154
1689.800000,-0.020593
1689.801000,-0.032907
1689.802000,-0.067628
1689.803000,-0.071278
1689.804000,-0.135035
1689.805000,-0.096829
1689.806000,-0.184357
1689.807000,-0.170569
1689.808000,-0.110695
1689.809000,-0.072342
1689.810000,-0.166298
1689.811000,-0.140601
1689.812000,-0.176037
1689.813000,-0.230651
1689.814000,-0.273498
1689.815000,-0.378602
1689.816000,-0.346592
1689.817000,-0.430277
1689.818000,-0.530685
1689.819000,-0.390726
1689.820000,-0.512102
1689.821000,-0.600244
1689.822000,-0.643336
1689.823000,-0.512162
1689.824000,-0.364459
1689.825000,-0.355217
1689.826000,-0.375332
1689.827000,-0.186210
1689.828000,0.019310
1689.829000,-0.037774
1689.830000,-0.016409
1689.831000,-0.222469
1689.832000,-0.524873
1689.833000,-0.418117
1689.834000,-0.424034
1689.835000,-0.474525
1689.836000,-0.629717
1689.837000,-0.684513
1689.838000,-0.649242
1689.839000,-0.523562
1689.840000,-0.401119
1689.841000,-0.407080
1689.842000,-0.377671
1689.843000,-0.455601
1689.844000,-0.436325
1689.845000,-0.438440
1689.846000,-0.376490
1689.847000,-0.450193
1689.848000,-0.384720
1689.849000,-0.434207
1689.850000,-0.397002
1689.851000,-0.372454
1689.852000,-0.502765
1689.853000,-0.455356
1689.854000,-0.520159
1689.855000,-0.501390
1689.856000,-0.537678
1689.857000,-0.582287
1689.858000,-0.382398
1689.859000,-0.433179
1689.860000,-0.458236
1689.861000,-0.533875
1689.862000,-0.593272
1689.863000,-0.709549
1689.864000,-0.727347
1689.865000,-0.694948
1689.866000,-0.849518
1689.867000,-0.709890
1689.868000,-0.669873
1689.869000,-0.733263
1689.870000,-0.713142
1689.871000,-0.448844
1689.872000,-0.425022
1689.873000,-0.516025
1689.874000,-0.813273
1689.875000,-0.705829
1689.876000,-0.613139
1689.877000,-0.606884
1689.878000,-0.697913
1689.879000,-0.401387
1689.880000,-0.417435
1689.881000,-0.542999
1689.882000,-0.538976
1689.883000,-0.460682
1689.884000,-0.460199
1689.885000,-0.269323
1689.886000,-0.235187
1689.887000,0.012080
1689.888000,0.102855
1689.889000,0.151197
1689.890000,0.181653
1689.891000,0.229132
1689.892000,0.319011
1689.893000,0.294606
1689.894000,0.274827
1689.895000,0.469513
1689.896000,0.472879
1689.897000,0.561732
1689.898000,0.727204
1689.899000,0.671520
1689.900000,0.661045
1689.901000,0.630248
1689.902000,0.446946
1689.903000,0.568612
1689.904000,0.490035
1689.905000,0.412499
1689.906000,0.359564
1689.907000,0.522848
1689.908000,0.453414
1689.909000,0.430554
1689.910000,0.488861
1689.911000,0.322202
1689.912000,0.309315
1689.913000,0.182861
1689.914000,0.142521
1689.915000,0.193413
1689.916000,0.225784
1689.917000,0.114952
1689.918000,0.258477
1689.919000,0.167461
1689.920000,0.263315
1689.921000,0.470362
1689.922000,0.470458
1689.923000,0.398974
1689.924000,0.391236
1689.925000,0.545879
1689.926000,0.562017
1689.927000,0.473297
1689.928000,0.339688
1689.929000,0.324955
1689.930000,0.295265
1689.931000,0.273408
1689.932000,0.308164
1689.933000,0.558125
1689.934000,0.606564
1689.935000,0.664602
1689.936000,0.793456
1689.937000,0.716082
1689.938000,0.654032
1689.939000,0.742177
1689.940000,0.885069
1689.941000,0.895411
1689.942000,0.830442
1689.943000,0.803428
1689.944000,0.840930
1689.945000,0.802385
1689.946000,0.850153
1689.947000,0.939591
1689.948000,0.741679
1689.949000,0.720498
1689.950000,0.861410
1689.951000,0.818094
1689.952000,0.782273
1689.953000,0.738433
1689.954000,0.632091
1689.955000,0.693982
1689.956000,0.770948
1689.957000,0.811463
1689.958000,0.703580
1689.959000,0.564085
1689.960000,0.617546
1689.961000,0.569375
1689.962000,0.619569
1689.963000,0.477086
1689.964000,0.528174
1689.965000,0.537456
1689.966000,0.451889
1689.967000,0.422041
1689.968000,0.505510
1689.969000,0.378902
1689.970000,0.452303
1689.971000,0.595696
1689.972000,0.549102
1689.973000,0.446177
1689.974000,0.624523
1689.975000,0.472093
1689.976000,0.205181
1689.977000,0.236809
1689.978000,0.377361
1689.979000,0.448728
1689.980000,0.399648
1689.981000,0.547386
1689.982000,0.387729
1689.983000,0.164604
1689.984000,0.331841
1689.985000,0.343599
1689.986000,0.310006
1689.987000,0.042578
1689.988000,0.166704
1689.989000,0.015752
1689.990000,-0.010081
1689.991000,-0.028323
1689.992000,0.003828
1689.993000,-0.101625
1689.994000,0.113718
1689.995000,-0.048347
1689.996000,-0.115190
1689.997000,-0.046257
1689.998000,0.015124
1689.999000,-0.080804
1690.000000,-0.215262
1690.001000,-0.228052
1690.002000,-0.121006
1690.003000,-0.023783
1690.004000,-0.055592
1690.005000,-0.017129
1690.006000,-0.026578
1690.007000,-0.077259
1690.008000,-0.093690
1690.009000,0.100549
1690.010000,0.275989
1690.011000,0.303013
1690.012000,0.294228
1690.013000,0.279825
1690.014000,0.345558
1690.015000,0.339253
1690.016000,0.306933
1690.017000,0.416051
1690.018000,0.389916
1690.019000,0.479409
1690.020000,0.386861
1690.021000,0.363774
1690.022000,0.260106
1690.023000,0.078004
1690.024000,-0.141896
1690.025000,-0.121369
1690.026000,-0.152464
1690.027000,-0.037255
1690.028000,0.004890
1690.029000,-0.053644
1690.030000,-0.178747
1690.031000,-0.132681
1690.032000,-0.249331
1690.033000,-0.156946
1690.034000,-0.030548
1690.035000,-0.113475
1690.036000,-0.046688
1690.037000,-0.008098
1690.038000,-0.037311
1690.039000,-0.021854
1690.040000,0.123338
1690.041000,0.054782
1690.042000,0.159511
1690.043000,-0.010517
1690.044000,0.039443
1690.045000,0.079475
1690.046000,0.007792
1690.047000,-0.074888
1690.048000,0.110932
1690.049000,-0.054562
1690.050000,0.060386
1690.051000,0.069419
1690.052000,0.050548
1690.053000,-0.048829
1690.054000,-0.078263
1690.055000,-0.179998
1690.056000,-0.041865
1690.057000,0.089044
1690.058000,-0.037029
1690.059000,0.133554
1690.060000,0.003097
1690.061000,-0.136389
1690.062000,-0.188988
1690.063000,-0.180546
1690.064000,-0.185041
1690.065000,-0.229296
1690.066000,-0.051916
1690.067000,0.045898
1690.068000,0.051365
1690.069000,-0.099906
1690.070000,-0.215147
1690.071000,-0.427159
1690.072000,-0.399890
1690.073000,-0.473772
1690.074000,-0.399157
1690.075000,-0.425403
1690.076000,-0.144437
1690.077000,-0.135179
1690.078000,-0.158268
1690.079000,-0.098917
1690.080000,-0.338553
1690.081000,-0.316991
1690.082000,-0.086926
1690.083000,-0.099552
1690.084000,-0.121044
1690.085000,-0.112509
1690.086000,-0.163500
1690.087000,-0.251063
1690.088000,-0.082554
1690.089000,-0.117063
1690.090000,-0.221959
1690.091000,-0.390939
1690.092000,-0.370289
1690.093000,-0.294737
1690.094000,-0.364957
1690.095000,-0.486091
1690.096000,-0.414747
1690.097000,-0.682921
1690.098000,-0.575847
1690.099000,-0.543059
1690.100000,-0.724103
1690.101000,-0.633376
1690.102000,-0.674331
1690.103000,-0.800681
1690.104000,-0.355494
1690.105000,-0.523679
1690.106000,-0.527962
1690.107000,-0.381062
1690.108000,-0.293553
1690.109000,-0.410045
1690.110000,-0.367436
1690.111000,-0.363587
1690.112000,-0.453321
1690.113000,-0.482253
1690.114000,-0.335447
1690.115000,-0.421459
1690.116000,-0.409638
1690.117000,-0.328901
1690.118000,-0.283806
1690.119000,-0.233117
1690.120000,0.003576
1690.121000,0.162607
1690.122000,0.096934
1690.123000,0.090459
1690.124000,0.091412
1690.125000,0.152942
1690.126000,0.074216
1690.127000,0.186487
1690.128000,0.327163
1690.129000,0.315597
1690.130000,0.410089
1690.131000,0.288594
1690.132000,0.241896
1690.133000,0.284746
1690.134000,0.179414
1690.135000,0.327377
1690.136000,0.303942
1690.137000,0.162142
1690.138000,0.092497
1690.139000,0.019493
1690.140000,-0.110940
1690.141000,0.041272
1690.142000,0.212775
1690.143000,0.235521
1690.144000,0.181924
1690.145000,0.127577
1690.146000,0.128743
1690.147000,0.159446
1690.148000,0.007843
1690.149000,-0.279542
1690.150000,-0.299741
1690.151000,-0.352548
1690.152000,-0.258404
1690.153000,-0.132580
1690.154000,-0.189906
1690.155000,-0.132716
1690.156000,-0.219930
1690.157000,-0.250069
1690.158000,-0.275101
1690.159000,-0.503663
1690.160000,-0.571472
1690.161000,-0.462202
1690.162000,-0.587243
1690.163000,-0.570928
1690.164000,-0.512250
1690.165000,-0.542433
1690.166000,-0.397301
1690.167000,-0.255629
1690.168000,-0.240692
1690.169000,-0.095782
1690.170000,0.029997
1690.171000,-0.082857
1690.172000,-0.174592
1690.173000,-0.275081
1690.174000,-0.316932
1690.175000,-0.365557
1690.176000,-0.435183
1690.177000,-0.344407
1690.178000,-0.484292
1690.179000,-0.433742
1690.180000,-0.426345
1690.181000,-0.340906
1690.182000,-0.352485
1690.183000,-0.512305
1690.184000,-0.519241
1690.185000,-0.605334
1690.186000,-0.639763
1690.187000,-0.616839
1690.188000,-0.574652
1690.189000,-0.500620
1690.190000,-0.484944
1690.191000,-0.716063
1690.192000,-0.810756
1690.193000,-0.717609
1690.194000,-0.645739
1690.195000,-0.789390
1690.196000,-0.831594
1690.197000,-0.629092
1690.198000,-0.647043
1690.199000,-0.597668
1690.200000,-0.561822
1690.201000,-0.529158
1690.202000,-0.650081
1690.203000,-0.702313
1690.204000,-0.656759
1690.205000,-0.628733
1690.206000,-0.553023
1690.207000,-0.408518
1690.208000,-0.365920
1690.209000,-0.334699
1690.210000,-0.337892
1690.211000,-0.319962
1690.212000,-0.003855
1690.213000,-0.013984
1690.214000,0.212179
1690.215000,0.187060
1690.216000,0.155560
1690.217000,0.049515
1690.218000,-0.015527
1690.219000,-0.229837
1690.220000,-0.314910
1690.221000,-0.350632
1690.222000,-0.353122
1690.223000,-0.345565
1690.224000,-0.381413
1690.225000,-0.252878
1690.226000,-0.174892
1690.227000,-0.166590
1690.228000,-0.142936
1690.229000,-0.264108
1690.230000,-0.449755
1690.231000,-0.443903
1690.232000,-0.479926
1690.233000,-0.517113
1690.234000,-0.496692
1690.235000,-0.446225
1690.236000,-0.428699
1690.237000,-0.412881
1690.238000,-0.275300
1690.239000,-0.219202
1690.240000,-0.209733
1690.241000,-0.269969
1690.242000,-0.242314
1690.243000,-0.245323
1690.244000,-0.118803
1690.245000,-0.010107
1690.246000,-0.058851
1690.247000,-0.056116
1690.248000,-0.024263
1690.249000,-0.097702
1690.250000,0.016468
1690.251000,-0.092359
1690.252000,0.074309
1690.253000,0.063242
1690.254000,0.113613
1690.255000,0.131445
1690.256000,-0.000341
1690.257000,-0.002941
1690.258000,-0.037493
1690.259000,0.125446
1690.260000,0.305361
1690.261000,0.315408
1690.262000,0.402789
1690.263000,0.369222
1690.264000,0.269216
1690.265000,0.204968
1690.266000,0.291356
1690.267000,0.337431
1690.268000,0.541148
1690.269000,0.397365
1690.270000,0.480086
1690.271000,0.455259
1690.272000,0.577937
1690.273000,0.780828
1690.274000,0.892955
1690.275000,0.767405
1690.276000,0.744647
1690.277000,0.491739
1690.278000,0.411304
1690.279000,0.469170
1690.280000,0.483055
1690.281000,0.421363
1690.282000,0.396064
1690.283000,0.416148
1690.284000,0.546876
1690.285000,0.508848
1690.286000,0.659456
1690.287000,0.622014
1690.288000,0.805586
1690.289000,0.805700
1690.290000,0.763017
1690.291000,0.772138
1690.292000,0.849432
1690.293000,0.861092
1690.294000,0.995072
1690.295000,0.711978
1690.296000,0.568084
1690.297000,0.714478
1690.298000,0.680374
1690.299000,0.786245
1690.300000,0.848258
1690.301000,0.971332
1690.302000,0.905007
1690.303000,0.938510
1690.304000,0.959606
1690.305000,0.767956
1690.306000,0.617099
1690.307000,0.704835
1690.308000,0.802482
1690.309000,0.812695
1690.310000,0.807251
1690.311000,0.618396
1690.312000,0.488626
1690.313000,0.503305
1690.314000,0.463119
1690.315000,0.461818
1690.316000,0.451614
1690.317000,0.382400
1690.318000,0.316340
1690.319000,0.195973
1690.320000,0.302864
1690.321000,0.248856
1690.322000,0.105990
1690.323000,0.024277
1690.324000,0.006976
1690.325000,-0.134310
1690.326000,-0.088960
1690.327000,0.013459
1690.328000,-0.012371
1690.329000,-0.108840
1690.330000,0.032526
1690.331000,-0.053806
1690.332000,0.139214
1690.333000,-0.019037
1690.334000,-0.066610
1690.335000,-0.206521
1690.336000,-0.306761
1690.337000,-0.303763
1690.338000,-0.305240
1690.339000,-0.375533
1690.340000,-0.483060
1690.341000,-0.374344
1690.342000,-0.326024
1690.343000,-0.458675
1690.344000,-0.463858
1690.345000,-0.551643
1690.346000,-0.703350
1690.347000,-0.848239
1690.348000,-0.869336
1690.349000,-0.897678
1690.350000,-0.976399
1690.351000,-0.922017
1690.352000,-0.882470
1690.353000,-0.907328
1690.354000,-1.060484
1690.355000,-1.050972
1690.356000,-0.953462
1690.357000,-0.900614
1690.358000,-0.838967
1690.359000,-0.952282
1690.360000,-0.869864
1690.361000,-0.933845
1690.362000,-0.877722
1690.363000,-0.984990
1690.364000,-0.965240
1690.365000,-0.798728
1690.366000,-0.812382
1690.367000,-0.650976
1690.368000,-0.607132
1690.369000,-0.516124
1690.370000,-0.582189
1690.371000,-0.329686
1690.372000,-0.289472
1690.373000,-0.182007
1690.374000,-0.128981
1690.375000,-0.105251
1690.376000,-0.385065
1690.377000,-0.298537
1690.378000,-0.167229
1690.379000,-0.119734
1690.380000,-0.117764
1690.381000,0.082925
1690.382000,0.135202
1690.383000,0.166743
1690.384000,0.062990
1690.385000,0.044570
1690.386000,0.175539
1690.387000,0.266028
1690.388000,0.393251
1690.389000,0.377273
1690.390000,0.419928
1690.391000,0.438138
1690.392000,0.356270
1690.393000,0.394106
1690.394000,0.491793
1690.395000,0.454131
1690.396000,0.339963
1690.397000,0.466473
1690.398000,0.485108
1690.399000,0.499440
1690.400000,0.421069
1690.401000,0.341831
1690.402000,0.117605
1690.403000,0.102660
1690.404000,-0.066687
1690.405000,-0.054337
1690.406000,-0.061045
1690.407000,-0.202449
1690.408000,-0.232921
1690.409000,-0.080537
1690.410000,-0.242127
1690.411000,-0.308685
1690.412000,-0.376210
1690.413000,-0.469062
1690.414000,-0.449457
1690.415000,-0.458604
1690.416000,-0.316820
1690.417000,-0.283927
1690.418000,-0.281924
1690.419000,-0.394745
1690.420000,-0.368432
1690.421000,-0.507079
1690.422000,-0.381236
1690.423000,-0.517967
1690.424000,-0.576435
1690.425000,-0.350364
1690.426000,-0.592287
1690.427000,-0.546066
1690.428000,-0.640492
1690.429000,-0.649075
1690.430000,-0.783153
1690.431000,-0.661716
1690.432000,-0.761654
1690.433000,-0.749382
1690.434000,-0.816856
1690.435000,-0.674404
1690.436000,-0.703533
1690.437000,-0.487677
1690.438000,-0.489920
1690.439000,-0.378339
1690.440000,-0.446626
1690.441000,-0.491158
1690.442000,-0.381230
1690.443000,-0.294609
1690.444000,-0.290248
1690.445000,-0.285364
1690.446000,-0.055382
1690.447000,-0.206187
1690.448000,-0.041242
1690.449000,0.098246
1690.450000,-0.038189
1690.451000,0.067985
1690.452000,0.029787
1690.453000,0.045161
1690.454000,0.165164
1690.455000,0.044764
1690.456000,0.181594
1690.457000,0.252082
1690.458000,0.070838
1690.459000,0.094397
1690.460000,0.003738
1690.461000,-0.011874
1690.462000,0.096421
1690.463000,-0.052856
1690.464000,-0.109221
1690.465000,-0.156710
1690.466000,0.021093
1690.467000,0.079696
1690.468000,0.056831
1690.469000,0.119728
1690.470000,0.224475
1690.471000,0.158166
1690.472000,0.112204
1690.473000,0.241075
1690.474000,0.296922
1690.475000,0.411519
1690.476000,0.433449
1690.477000,0.373079
1690.478000,0.343680
1690.479000,0.356349
1690.480000,0.284052
1690.481000,0.303744
1690.482000,0.287176
1690.483000,0.316344
1690.484000,0.218392
1690.485000,0.277569
1690.486000,0.236538
1690.487000,0.018998
1690.488000,0.096430
1690.489000,0.098092
1690.490000,0.043227
1690.491000,0.043723
1690.492000,0.108208
1690.493000,0.153813
1690.494000,0.048906
1690.495000,-0.026239
1690.496000,0.068205
1690.497000,0.044621
1690.498000,0.149987
1690.499000,0.133694
1690.500000,0.187780
1690.501000,0.055887
1690.502000,0.140125
1690.503000,0.105990
1690.504000,0.114781
1690.505000,-0.016563
1690.506000,0.118966
1690.507000,0.166448
1690.508000,0.203947
1690.509000,0.228314
1690.510000,0.437048
1690.511000,0.271759
1690.512000,0.355329
1690.513000,0.371096
1690.514000,0.476155
1690.515000,0.550160
1690.516000,0.384452
1690.517000,0.475360
1690.518000,0.316459
1690.519000,0.145942
1690.520000,0.054783
1690.521000,0.011773
1690.522000,-0.219751
1690.523000,-0.424309
1690.524000,-0.334682
1690.525000,-0.198826
1690.526000,-0.119207
1690.527000,-0.050640
1690.528000,-0.178201
1690.529000,-0.105074
1690.530000,0.141681
1690.531000,0.030077
1690.532000,0.141281
1690.533000,0.088754
1690.534000,0.328096
1690.535000,0.217539
1690.536000,0.033222
1690.537000,0.037585
1690.538000,0.017341
1690.539000,-0.159173
1690.540000,-0.128944
1690.541000,0.078693
1690.542000,0.055007
1690.543000,-0.043593
1690.544000,-0.034561
1690.545000,-0.042993
1690.546000,-0.016548
1690.547000,-0.039372
1690.548000,0.052294
1690.549000,-0.060222
1690.550000,-0.086374
1690.551000,-0.196570
1690.552000,-0.090428
1690.553000,-0.141727
1690.554000,0.005345
1690.555000,0.029362
1690.556000,0.031067
1690.557000,-0.035693
1690.558000,-0.150052
1690.559000,-0.170816
1690.560000,-0.218405
1690.561000,-0.276919
1690.562000,-0.348999
1690.563000,-0.555055
1690.564000,-0.562524
1690.565000,-0.401054
1690.566000,-0.645178
1690.567000,-0.762450
1690.568000,-0.810433
1690.569000,-0.763670
1690.570000,-0.903819
1690.571000,-0.992963
1690.572000,-1.032284
1690.573000,-0.890563
1690.574000,-0.781005
1690.575000,-1.085867
1690.576000,-0.997384
1690.577000,-1.065553
1690.578000,-0.946486
1690.579000,-0.991510
1690.580000,-1.054337
1690.581000,-1.220048
1690.582000,-1.137988
1690.583000,-1.029480
1690.584000,-0.856263
1690.585000,-0.883911
1690.586000,-0.859209
1690.587000,-0.804263
1690.588000,-0.666138
1690.589000,-0.435928
1690.590000,-0.391335
1690.591000,-0.444572
1690.592000,-0.406927
1690.593000,-0.257661
1690.594000,-0.200544
1690.595000,-0.110347
1690.596000,-0.295581
1690.597000,-0.178403
1690.598000,-0.131449
1690.599000,-0.039779
1690.600000,-0.147406
1690.601000,-0.197758
1690.602000,-0.294924
1690.603000,-0.279533
1690.604000,-0.301811
1690.605000,-0.315795
1690.606000,-0.197319
1690.607000,-0.056499
1690.608000,-0.127515
1690.609000,-0.281814
1690.610000,-0.216399
1690.611000,-0.280072
1690.612000,-0.208433
1690.613000,-0.124670
1690.614000,-0.036905
1690.615000,0.045419
1690.616000,0.072495
1690.617000,-0.004709
1690.618000,-0.075547
1690.619000,0.132231
1690.620000,0.114337
1690.621000,0.239447
1690.622000,0.309205
1690.623000,0.302921
1690.624000,0.366392
1690.625000,0.487064
1690.626000,0.559444
1690.627000,0.503557
1690.628000,0.645350
1690.629000,0.574205
1690.630000,0.585132
1690.631000,0.691643
1690.632000,0.615289
1690.633000,0.555603
1690.634000,0.489752
1690.635000,0.481555
1690.636000,0.646499
1690.637000,0.738331
1690.638000,0.791108
1690.639000,0.650187
1690.640000,0.400855
1690.641000,0.479371
1690.642000,0.509004
1690.643000,0.484635
1690.644000,0.653589
1690.645000,0.675613
1690.646000,0.442385
1690.647000,0.450765
1690.648000,0.187726
1690.649000,0.234826
1690.650000,0.174125
1690.651000,0.080397
1690.652000,0.088268
1690.653000,0.095480
1690.654000,0.062029
1690.655000,0.161634
1690.656000,0.216537
1690.657000,0.216125
1690.658000,0.323057
1690.659000,0.442156
1690.660000,0.500561
1690.661000,0.470090
1690.662000,0.374281
1690.663000,0.332078
1690.664000,0.398340
1690.665000,0.134515
1690.666000,0.331047
1690.667000,0.294142
1690.668000,0.197411
1690.669000,0.258627
1690.670000,0.275756
1690.671000,0.265827
1690.672000,0.272757
1690.673000,0.252196
1690.674000,0.278374
1690.675000,0.382609
1690.676000,0.285453
1690.677000,0.179639
1690.678000,0.094583
1690.679000,0.103047
1690.680000,0.043605
1690.681000,0.027975
1690.682000,0.149167
1690.683000,-0.003535
1690.684000,-0.136534
1690.685000,-0.101974
1690.686000,-0.350098
1690.687000,-0.442350
1690.688000,-0.281552
1690.689000,-0.292556
1690.690000,-0.228488
1690.691000,-0.318882
1690.692000,-0.457856
1690.693000,-0.433498
1690.694000,-0.459416
1690.695000,-0.449347
1690.696000,-0.440075
1690.697000,-0.672284
1690.698000,-0.607998
1690.699000,-0.711679
1690.700000,-0.851171
1690.701000,-0.688423
1690.702000,-0.602122
1690.703000,-0.586804
1690.704000,-0.754490
1690.705000,-0.688725
1690.706000,-0.665551
1690.707000,-0.729787
1690.708000,-0.766612
1690.709000,-0.595979
1690.710000,-0.562540
1690.711000,-0.503577
1690.712000,-0.295644
1690.713000,-0.303822
1690.714000,-0.184333
1690.715000,-0.134216
1690.716000,-0.201766
1690.717000,-0.318145
1690.718000,-0.271107
1690.719000,-0.272916
1690.720000,-0.119325
1690.721000,-0.350950
1690.722000,-0.433462
1690.723000,-0.433689
1690.724000,-0.375537
1690.725000,-0.160012
1690.726000,-0.182144
1690.727000,-0.131532
1690.728000,-0.082207
1690.729000,-0.036032
1690.730000,0.013330
1690.731000,0.107409
1690.732000,0.165153
1690.733000,0.267936
1690.734000,0.342941
1690.735000,0.225660
1690.736000,0.206052
1690.737000,0.203767
1690.738000,0.127462
1690.739000,0.265242
1690.740000,0.278929
1690.741000,0.276392
1690.742000,0.234530
1690.743000,0.279784
1690.744000,0.369670
1690.745000,0.494354
1690.746000,0.682314
1690.747000,0.743207
1690.748000,0.638489
1690.749000,0.667614
1690.750000,0.852755
1690.751000,0.513142
1690.752000,0.614980
1690.753000,0.723189
1690.754000,0.877903
1690.755000,0.824786
1690.756000,0.685435
1690.757000,0.627710
1690.758000,0.506555
1690.759000,0.194781
1690.760000,0.474251
1690.761000,0.466567
1690.762000,0.395343
1690.763000,0.270041
1690.764000,0.242453
1690.765000,0.141948
1690.766000,0.156702
1690.767000,0.104797
1690.768000,0.112504
1690.769000,0.076085
1690.770000,0.101351
1690.771000,0.044314
1690.772000,-0.104822
1690.773000,-0.132888
1690.774000,-0.241769
1690.775000,-0.370805
1690.776000,-0.408750
1690.777000,-0.279498
1690.778000,-0.468292
1690.779000,-0.495871
1690.780000,-0.414872
1690.781000,-0.405371
1690.782000,-0.513040
1690.783000,-0.466476
1690.784000,-0.357052
1690.785000,-0.327978
1690.786000,-0.281752
1690.787000,-0.126940
1690.788000,-0.183866
1690.789000,-0.093949
1690.790000,-0.047808
1690.791000,-0.061757
1690.792000,-0.032184
1690.793000,0.022880
1690.794000,0.035292
1690.795000,0.093866
1690.796000,0.106647
1690.797000,-0.063916
1690.798000,-0.075855
1690.799000,-0.358477
1690.800000,-0.306681
1690.801000,-0.484110
1690.802000,-0.520337
1690.803000,-0.586406
1690.804000,-0.553689
1690.805000,-0.582870
1690.806000,-0.796112
1690.807000,-0.708809
1690.808000,-0.704588
1690.809000,-0.736033
1690.810000,-0.685415
1690.811000,-0.641058
1690.812000,-0.617915
1690.813000,-0.586589
1690.814000,-0.631345
1690.815000,-0.590993
1690.816000,-0.663491
1690.817000,-0.591799
1690.818000,-0.705224
1690.819000,-0.752809
1690.820000,-0.736906
1690.821000,-0.623397
1690.822000,-0.660520
1690.823000,-0.704761
1690.824000,-0.643748
1690.825000,-0.460130
1690.826000,-0.508148
1690.827000,-0.499396
1690.828000,-0.599196
1690.829000,-0.697961
1690.830000,-0.725346
1690.831000,-0.527527
1690.832000,-0.567668
1690.833000,-0.425815
1690.834000,-0.444264
1690.835000,-0.159778
1690.836000,-0.037319
1690.837000,-0.163713
1690.838000,-0.165634
1690.839000,-0.164624
1690.840000,-0.078526
1690.841000,-0.128308
1690.842000,-0.076978
1690.843000,-0.154220
1690.844000,-0.018310
1690.845000,0.184757
1690.846000,0.220466
1690.847000,0.183340
1690.848000,0.367929
1690.849000,0.453908
1690.850000,0.440823
1690.851000,0.423445
1690.852000,0.401641
1690.853000,0.429585
1690.854000,0.274825
1690.855000,0.298234
1690.856000,0.407651
1690.857000,0.370536
1690.858000,0.213340
1690.859000,0.286170
1690.860000,0.460857
1690.861000,0.602147
1690.862000,0.687378
1690.863000,0.511032
1690.864000,0.548493
1690.865000,0.539995
1690.866000,0.647783
1690.867000,0.788270
1690.868000,0.785674
1690.869000,0.912305
1690.870000,0.751184
1690.871000,0.855488
1690.872000,1.019714
1690.873000,0.936211
1690.874000,0.803527
1690.875000,0.821392
1690.876000,0.812004
1690.877000,0.820460
1690.878000,0.811265
1690.879000,0.742817
1690.880000,0.801712
1690.881000,0.723152
1690.882000,0.680494
1690.883000,0.594184
1690.884000,0.611148
1690.885000,0.682104
1690.886000,0.567476
1690.887000,0.491706
1690.888000,0.311246
1690.889000,0.262437
1690.890000,0.351439
1690.891000,0.280934
1690.892000,0.314149
1690.893000,0.351957
1690.894000,0.412655
1690.895000,0.418422
1690.896000,0.409480
1690.897000,0.549204
1690.898000,0.569858
1690.899000,0.626367
1690.900000,0.650013
1690.901000,0.845955
1690.902000,0.793081
1690.903000,0.961258
1690.904000,0.935887
1690.905000,1.118806
1690.906000,1.118674
1690.907000,1.065101
1690.908000,1.028370
1690.909000,0.971369
1690.910000,1.012574
1690.911000,0.823697
1690.912000,0.615401
1690.913000,0.721852
1690.914000,0.640129
1690.915000,0.513298
1690.916000,0.493710
1690.917000,0.628253
1690.918000,0.621522
1690.919000,0.592032
1690.920000,0.663917
1690.921000,0.658382
1690.922000,0.590755
1690.923000,0.692000
1690.924000,0.712804
1690.925000,0.719575
1690.926000,0.817298
1690.927000,0.893132
1690.928000,1.088028
1690.929000,1.032849
1690.930000,0.858210
1690.931000,0.924324
1690.932000,0.931959
1690.933000,0.889300
1690.934000,0.983516
1690.935000,1.093788
1690.936000,1.209042
1690.937000,1.046095
1690.938000,0.856528
1690.939000,0.896194
1690.940000,0.813697
1690.941000,0.755059
1690.942000,0.781644
1690.943000,0.730267
1690.944000,0.644063
1690.945000,0.615533
1690.946000,0.585961
1690.947000,0.515403
1690.948000,0.561807
1690.949000,0.543427
1690.950000,0.533585
1690.951000,0.492971
1690.952000,0.468677
1690.953000,0.447888
1690.954000,0.234360
1690.955000,0.386654
1690.956000,0.359480
1690.957000,0.458659
1690.958000,0.313015
1690.959000,0.160810
1690.960000,0.322941
1690.961000,0.259142
1690.962000,0.195438
1690.963000,0.115615
1690.964000,0.219044
1690.965000,0.264451
1690.966000,0.202583
1690.967000,0.196195
1690.968000,0.147211
1690.969000,0.153416
1690.970000,0.207677
1690.971000,0.364812
1690.972000,0.321439
1690.973000,0.319887
1690.974000,0.299789
1690.975000,0.209742
1690.976000,0.163743
1690.977000,0.097443
1690.978000,0.119768
1690.979000,0.062764
1690.980000,0.038536
1690.981000,-0.076468
1690.982000,-0.195953
1690.983000,-0.197853
1690.984000,-0.197640
1690.985000,-0.112976
1690.986000,-0.129904
1690.987000,-0.031790
1690.988000,-0.006432
1690.989000,0.011802
1690.990000,-0.148109
1690.991000,-0.066280
1690.992000,-0.063583
1690.993000,0.087002
1690.994000,0.070820
1690.995000,0.184993
1690.996000,0.166935
1690.997000,0.120891
1690.998000,0.044808
1690.999000,0.004839
1691.000000,0.034943
1691.001000,-0.091003
1691.002000,-0.100847
1691.003000,-0.226178
1691.004000,-0.228731
1691.005000,-0.108691
1691.006000,0.044671
1691.007000,-0.011049
1691.008000,-0.045372
1691.009000,0.030179
1691.010000,-0.115381
1691.011000,-0.104682
1691.012000,-0.094779
1691.013000,-0.127533
1691.014000,-0.111786
1691.015000,-0.045167
1691.016000,0.005120
1691.017000,0.065185
1691.018000,0.193142
1691.019000,0.233818
1691.020000,0.240122
1691.021000,0.203410
1691.022000,0.041433
1691.023000,-0.019592
1691.024000,-0.153158
1691.025000,-0.237132
1691.026000,-0.272388
1691.027000,-0.117656
1691.028000,-0.348482
1691.029000,-0.370327
1691.030000,-0.265039
1691.031000,-0.246827
1691.032000,-0.263584
1691.033000,-0.303537
1691.034000,-0.334982
1691.035000,-0.366971
1691.036000,-0.403181
1691.037000,-0.297573
1691.038000,-0.104822
1691.039000,-0.233006
1691.040000,-0.304405
1691.041000,-0.291810
1691.042000,-0.277894
1691.043000,-0.215009
1691.044000,-0.136953
1691.045000,-0.104418
1691.046000,-0.147280
1691.047000,-0.286664
1691.048000,-0.331226
1691.049000,-0.481605
1691.050000,-0.556155
1691.051000,-0.317496
1691.052000,-0.322866
1691.053000,-0.567251
1691.054000,-0.581525
1691.055000,-0.719482
1691.056000,-0.711829
1691.057000,-0.812459
1691.058000,-0.933496
1691.059000,-0.953123
1691.060000,-0.960927
1691.061000,-0.723226
1691.062000,-0.568460
1691.063000,-0.518734
1691.064000,-0.528684
1691.065000,-0.513874
1691.066000,-0.538905
1691.067000,-0.434786
1691.068000,-0.376529
1691.069000,-0.391127
1691.070000,-0.473201
1691.071000,-0.586010
1691.072000,-0.508453
1691.073000,-0.607386
1691.074000,-0.819280
1691.075000,-0.898251
1691.076000,-0.986296
1691.077000,-1.054190
1691.078000,-1.065764
1691.079000,-0.869682
1691.080000,-0.687678
1691.081000,-0.537813
1691.082000,-0.649236
1691.083000,-0.688661
1691.084000,-0.834403
1691.085000,-0.742156
1691.086000,-0.947473
1691.087000,-1.023196
1691.088000,-0.839741
1691.089000,-0.735029
1691.090000,-0.741696
1691.091000,-0.717076
1691.092000,-0.773889
1691.093000,-0.792128
1691.094000,-0.719655
1691.095000,-0.727552
1691.096000,-0.726882
1691.097000,-0.743266
1691.098000,-0.853762
1691.099000,-0.894828
1691.100000,-0.803361
1691.101000,-0.765801
1691.102000,-0.848846
1691.103000,-0.750373
1691.104000,-0.915074
1691.105000,-0.932708
1691.106000,-1.269235
1691.107000,-1.448110
1691.108000,-1.341269
1691.109000,-1.407517
1691.110000,-1.258553
1691.111000,-1.083470
1691.112000,-1.180971
1691.113000,-1.067869
1691.114000,-1.018964
1691.115000,-0.912305
1691.116000,-0.776555
1691.117000,-0.898134
1691.118000,-0.884611
1691.119000,-0.734258
1691.120000,-0.703855
1691.121000,-0.754132
1691.122000,-0.691487
1691.123000,-0.638429
1691.124000,-0.433187
1691.125000,-0.337946
1691.126000,-0.274560
1691.127000,-0.099132
1691.128000,-0.061336
1691.129000,-0.034170
1691.130000,0.055426
1691.131000,0.012400
1691.132000,0.220079
1691.133000,0.242194
1691.134000,0.143099
1691.135000,0.039298
1691.136000,-0.051661
1691.137000,-0.106329
1691.138000,-0.122056
1691.139000,-0.021241
1691.140000,-0.065160
1691.141000,-0.320586
1691.142000,-0.247504
1691.143000,-0.449845
1691.144000,-0.352870
1691.145000,-0.472108
1691.146000,-0.411959
1691.147000,-0.438447
1691.148000,-0.288326
1691.149000,-0.198266
1691.150000,-0.223659
1691.151000,0.045065
1691.152000,-0.043864
1691.153000,0.123422
1691.154000,0.054728
1691.155000,-0.046012
1691.156000,0.047861
1691.157000,0.068213
1691.158000,0.305203
1691.159000,0.447594
1691.160000,0.404768
1691.161000,0.335039
1691.162000,0.381252
1691.163000,0.311999
1691.164000,0.390549
1691.165000,0.340583
1691.166000,0.367635
1691.167000,0.221909
1691.168000,0.323876
1691.169000,0.424900
1691.170000,0.534751
1691.171000,0.489182
1691.172000,0.320215
1691.173000,0.348810
1691.174000,0.395212
1691.175000,0.621912
1691.176000,0.589572
1691.177000,0.535514
1691.178000,0.433260
1691.179000,0.456495
1691.180000,0.433661
1691.181000,0.488470
1691.182000,0.522984
1691.183000,0.598905
1691.184000,0.488725
1691.185000,0.594146
1691.186000,0.539551
1691.187000,0.593803
1691.188000,0.518205
1691.189000,0.487376
1691.190000,0.480622
1691.191000,0.462663
1691.192000,0.491279
1691.193000,0.532776
1691.194000,0.569063
1691.195000,0.491289
1691.196000,0.347926
1691.197000,0.214699
1691.198000,0.327314
1691.199000,0.229627
1691.200000,0.266755
1691.201000,0.285208
1691.202000,0.256635
1691.203000,0.327903
1691.204000,0.249846
1691.205000,0.248589
1691.206000,0.267266
1691.207000,0.309579
1691.208000,0.267005
1691.209000,0.302221
1691.210000,0.403216
1691.211000,0.556452
1691.212000,0.456581
1691.213000,0.322194
1691.214000,0.337621
1691.215000,0.409253
1691.216000,0.475790
1691.217000,0.482540
1691.218000,0.447300
1691.219000,0.437757
1691.220000,0.617762
1691.221000,0.500767
1691.222000,0.623187
1691.223000,0.439710
1691.224000,0.438151
1691.225000,0.403596
1691.226000,0.269542
1691.227000,0.104958
1691.228000,0.044693
1691.229000,0.126555
1691.230000,0.130094
1691.231000,-0.111835
1691.232000,-0.187323
1691.233000,-0.156593
1691.234000,0.074599
1691.235000,0.150592
1691.236000,0.220452
1691.237000,0.357335
1691.238000,0.249126
1691.239000,0.163255
1691.240000,0.187175
1691.241000,0.128366
1691.242000,0.207118
1691.243000,0.240881
1691.244000,0.296499
1691.245000,0.443994
1691.246000,0.347861
1691.247000,0.427457
1691.248000,0.454126
1691.249000,0.473760
1691.250000,0.413663
1691.251000,0.482529
1691.252000,0.478596
1691.253000,0.367665
1691.254000,0.301064
1691.255000,0.005175
1691.256000,0.133077
1691.257000,0.209479
1691.258000,0.306561
1691.259000,0.326425
1691.260000,0.274549
1691.261000,0.283866
1691.262000,0.310104
1691.263000,0.340347
1691.264000,0.366312
1691.265000,0.407041
1691.266000,0.392525
1691.267000,0.311554
1691.268000,0.223004
1691.269000,0.342469
1691.270000,0.446626
1691.271000,0.352300
1691.272000,0.317098
1691.273000,0.455981
1691.274000,0.327709
1691.275000,0.287349
1691.276000,0.207378
1691.277000,0.246270
1691.278000,0.259071
1691.279000,0.216823
1691.280000,0.310017
1691.281000,0.256077
1691.282000,0.427798
1691.283000,0.469941
1691.284000,0.517232
1691.285000,0.546529
1691.286000,0.430196
1691.287000,0.442280
1691.288000,0.378000
1691.289000,0.329376
1691.290000,0.150737
1691.291000,0.253496
1691.292000,0.338681
1691.293000,0.217540
1691.294000,0.200409
1691.295000,0.202236
1691.296000,0.090952
1691.297000,-0.045842
1691.298000,-0.175760
1691.299000,-0.231171
1691.300000,-0.295319
1691.301000,-0.321154
1691.302000,-0.351545
1691.303000,-0.324703
1691.304000,-0.198358
1691.305000,0.157434
1691.306000,0.124595
1691.307000,0.183160
1691.308000,0.217946
1691.309000,0.258097
1691.310000,0.215480
1691.311000,0.271240
1691.312000,0.264748
1691.313000,0.435446
1691.314000,0.543530
1691.315000,0.632142
1691.316000,0.756506
1691.317000,0.706850
1691.318000,0.600780
1691.319000,0.664585
1691.320000,0.637861
1691.321000,0.814745
1691.322000,0.741099
1691.323000,0.719673
1691.324000,0.731777
1691.325000,0.967320
1691.326000,0.851468
1691.327000,0.915297
1691.328000,0.836864
1691.329000,0.648780
1691.330000,0.785636
1691.331000,0.862460
1691.332000,0.765342
1691.333000,0.798613
1691.334000,0.827220
1691.335000,0.610554
1691.336000,0.670032
1691.337000,0.636451
1691.338000,0.594526
1691.339000,0.648733
1691.340000,0.700055
1691.341000,0.892473
1691.342000,0.759888
1691.343000,0.729536
1691.344000,0.679207
1691.345000,0.651555
1691.346000,0.570253
1691.347000,0.538814
1691.348000,0.342698
1691.349000,0.323933
1691.350000,0.284712
1691.351000,0.309327
1691.352000,0.319612
1691.353000,0.487161
1691.354000,0.440288
1691.355000,0.454320
1691.356000,0.312749
1691.357000,0.434307
1691.358000,0.471048
1691.359000,0.228037
1691.360000,0.035080
1691.361000,0.034222
1691.362000,0.139521
1691.363000,0.088239
1691.364000,-0.075008
1691.365000,-0.022933
1691.366000,-0.057696
1691.367000,0.030631
1691.368000,0.004406
1691.369000,0.028419
1691.370000,-0.033371
1691.371000,-0.198047
1691.372000,-0.196702
1691.373000,-0.154634
1691.374000,-0.241528
1691.375000,-0.344118
1691.376000,-0.397271
1691.377000,-0.364166
1691.378000,-0.317341
1691.379000,-0.284204
1691.380000,-0.135720
1691.381000,-0.126898
1691.382000,-0.118491
1691.383000,-0.060029
1691.384000,0.018879
1691.385000,0.003988
1691.386000,0.073774
1691.387000,0.091706
1691.388000,0.066964
1691.389000,-0.003564
1691.390000,0.067188
1691.391000,0.019767
1691.392000,0.095769
1691.393000,0.168495
1691.394000,0.373441
1691.395000,0.453372
1691.396000,0.366643
1691.397000,0.340757
1691.398000,0.283589
1691.399000,0.181969
1691.400000,0.008063
1691.401000,-0.089280
1691.402000,-0.057571
1691.403000,0.052716
1691.404000,0.087519
1691.405000,0.031027
1691.406000,-0.017779
1691.407000,0.225759
1691.408000,0.271253
1691.409000,0.282360
1691.410000,0.254043
1691.411000,0.213208
1691.412000,0.193879
1691.413000,0.160835
1691.414000,0.280330
1691.415000,0.308871
1691.416000,0.392911
1691.417000,0.447588
1691.418000,0.666309
1691.419000,0.787081
1691.420000,0.621253
1691.421000,0.505839
1691.422000,0.430949
1691.423000,0.480659
1691.424000,0.411823
1691.425000,0.345055
1691.426000,0.302089
1691.427000,0.128887
1691.428000,0.155195
1691.429000,0.241192
1691.430000,0.281881
1691.431000,0.187221
1691.432000,0.291518
1691.433000,0.125434
1691.434000,0.269699
1691.435000,0.359465
1691.436000,0.418357
1691.437000,0.364429
1691.438000,0.464555
1691.439000,0.373038
1691.440000,0.263492
1691.441000,0.154822
1691.442000,0.008964
1691.443000,-0.044145
1691.444000,0.036546
1691.445000,-0.026986
1691.446000,-0.038692
1691.447000,0.148415
1691.448000,0.041852
1691.449000,-0.028103
1691.450000,0.035617
1691.451000,0.109152
1691.452000,0.103339
1691.453000,0.114893
1691.454000,0.350449
1691.455000,0.304120
1691.456000,0.300257
1691.457000,0.073689
1691.458000,-0.179684
1691.459000,-0.240751
1691.460000,-0.250710
1691.461000,-0.238155
1691.462000,-0.212757
1691.463000,-0.127396
1691.464000,-0.199966
1691.465000,-0.141775
1691.466000,-0.123606
1691.467000,-0.261170
1691.468000,-0.226219
1691.469000,-0.167049
1691.470000,-0.242176
1691.471000,-0.273860
1691.472000,-0.271653
1691.473000,-0.357367
1691.474000,-0.552322
1691.475000,-0.626244
1691.476000,-0.706244
1691.477000,-0.874143
1691.478000,-0.824578
1691.479000,-0.614610
1691.480000,-0.560227
1691.481000,-0.303254
1691.482000,-0.252941
1691.483000,-0.161140
1691.484000,-0.145537
1691.485000,-0.265569
1691.486000,-0.312634
1691.487000,-0.447010
1691.488000,-0.443830
1691.489000,-0.678067
1691.490000,-0.506767
1691.491000,-0.616320
1691.492000,-0.625585
1691.493000,-0.779978
1691.494000,-0.779817
1691.495000,-0.831271
1691.496000,-0.835090
1691.497000,-0.865076
1691.498000,-0.867222
1691.499000,-0.889437
1691.500000,-0.590312
1691.501000,-0.574618
1691.502000,-0.448825
1691.503000,-0.444694
1691.504000,-0.422501
1691.505000,-0.491764
1691.506000,-0.324162
1691.507000,-0.233668
1691.508000,-0.485984
1691.509000,-0.642685
1691.510000,-0.625325
1691.511000,-0.581609
1691.512000,-0.330490
1691.513000,-0.307202
1691.514000,-0.204005
1691.515000,-0.170459
1691.516000,-0.223887
1691.517000,-0.192933
1691.518000,-0.238745
1691.519000,-0.226551
1691.520000,-0.250949
1691.521000,-0.198921
1691.522000,-0.163391
1691.523000,-0.214049
1691.524000,-0.327580
1691.525000,-0.293467
1691.526000,-0.334830
1691.527000,-0.316962
1691.528000,-0.388136
1691.529000,-0.331572
1691.530000,-0.420293
1691.531000,-0.337860
1691.532000,-0.476045
1691.533000,-0.445058
1691.534000,-0.553180
1691.535000,-0.381296
1691.536000,-0.153828
1691.537000,-0.055169
1691.538000,-0.177525
1691.539000,-0.192064
1691.540000,-0.361588
1691.541000,-0.352492
1691.542000,-0.219717
1691.543000,-0.175935
1691.544000,-0.170063
1691.545000,-0.057558
1691.546000,0.097362
1691.547000,0.143665
1691.548000,-0.151350
1691.549000,-0.231873
1691.550000,-0.316099
1691.551000,-0.310707
1691.552000,-0.255619
1691.553000,-0.371632
1691.554000,-0.418008
1691.555000,-0.164857
1691.556000,-0.288289
1691.557000,-0.286846
1691.558000,-0.249962
1691.559000,-0.310043
1691.560000,-0.402987
1691.561000,-0.356334
1691.562000,-0.349061
1691.563000,-0.432875
1691.564000,-0.246241
1691.565000,-0.038218
1691.566000,0.061724
1691.567000,-0.102846
1691.568000,-0.199711
1691.569000,-0.047010
1691.570000,-0.097812
1691.571000,-0.079267
1691.572000,-0.273815
1691.573000,-0.309452
1691.574000,-0.261846
1691.575000,-0.231396
1691.576000,-0.198429
1691.577000,-0.186460
1691.578000,-0.246204
1691.579000,-0.104066
1691.580000,-0.022444
1691.581000,-0.093220
1691.582000,-0.113203
1691.583000,-0.140231
1691.584000,-0.032232
1691.585000,0.071339
1691.586000,0.147231
1691.587000,0.196504
1691.588000,0.129290
1691.589000,0.139459
1691.590000,0.231479
1691.591000,0.154478
1691.592000,0.104962
1691.593000,-0.006981
1691.594000,0.058382
1691.595000,-0.006816
1691.596000,-0.064822
1691.597000,-0.170263
1691.598000,-0.186472
1691.599000,-0.066067
1691.600000,-0.037074
1691.601000,-0.091665
1691.602000,0.058883
1691.603000,0.080932
1691.604000,0.127651
1691.605000,0.077539
1691.606000,0.105912
1691.607000,0.118222
1691.608000,0.157348
1691.609000,0.328581
1691.610000,0.112951
1691.611000,0.140080
1691.612000,0.033998
1691.613000,0.043513
1691.614000,0.030036
1691.615000,-0.166241
1691.616000,-0.152901
1691.617000,-0.310004
1691.618000,-0.316964
1691.619000,-0.325697
1691.620000,-0.408946
1691.621000,-0.330843
1691.622000,-0.376786
1691.623000,-0.369942
1691.624000,-0.351696
1691.625000,-0.390876
1691.626000,-0.367139
1691.627000,-0.248123
1691.628000,-0.249929
1691.629000,-0.169787
1691.630000,-0.179805
1691.631000,-0.195367
1691.632000,-0.152509
1691.633000,-0.132806
1691.634000,-0.037526
1691.635000,-0.116458
1691.636000,-0.006737
1691.637000,-0.031872
1691.638000,0.012392
1691.639000,-0.016111
1691.640000,0.011934
1691.641000,0.193068
1691.642000,0.189421
1691.643000,0.174498
1691.644000,0.096613
1691.645000,0.217606
1691.646000,0.102831
1691.647000,0.069952
1691.648000,0.095433
1691.649000,0.081719
1691.650000,0.037865
1691.651000,-0.055282
1691.652000,-0.020724
1691.653000,0.054612
1691.654000,-0.010340
1691.655000,0.038594
1691.656000,0.097482
1691.657000,-0.041219
1691.658000,0.152003
1691.659000,0.266334
1691.660000,0.115744
1691.661000,0.156890
1691.662000,0.182407
1691.663000,-0.069224
1691.664000,-0.117928
1691.665000,0.015314
1691.666000,0.089241
1691.667000,-0.108300
1691.668000,-0.051405
1691.669000,0.073521
1691.670000,0.094702
1691.671000,-0.048508
1691.672000,0.017231
1691.673000,0.017664
1691.674000,-0.036166
1691.675000,-0.102042
1691.676000,-0.177120
1691.677000,-0.114116
1691.678000,-0.059823
1691.679000,0.092298
1691.680000,0.312943
1691.681000,0.500186
1691.682000,0.491118
1691.683000,0.438721
1691.684000,0.381308
1691.685000,0.289618
1691.686000,0.398719
1691.687000,0.361203
1691.688000,0.327775
1691.689000,0.379148
1691.690000,0.416721
1691.691000,0.521781
1691.692000,0.592227
1691.693000,0.411378
1691.694000,0.405981
1691.695000,0.449603
1691.696000,0.435827
1691.697000,0.253410
1691.698000,0.365804
1691.699000,0.225736
1691.700000,0.059010
1691.701000,-0.175085
1691.702000,-0.068805
1691.703000,-0.174281
1691.704000,-0.100864
1691.705000,-0.364405
1691.706000,-0.551953
1691.707000,-0.457026
1691.708000,-0.405061
1691.709000,-0.570875
1691.710000,-0.520046
1691.711000,-0.563449
1691.712000,-0.482545
1691.713000,-0.388616
1691.714000,-0.428287
1691.715000,-0.486129
1691.716000,-0.325016
1691.717000,-0.219109
1691.718000,-0.215627
1691.719000,-0.247652
1691.720000,-0.191982
1691.721000,-0.148000
1691.722000,-0.022429
1691.723000,-0.080201
1691.724000,-0.233789
1691.725000,0.066878
1691.726000,0.169714
1691.727000,0.283483
1691.728000,0.119985
1691.729000,-0.060491
1691.730000,0.010720
1691.731000,0.191436
1691.732000,0.241419
1691.733000,0.076925
1691.734000,-0.011141
1691.735000,0.070990
1691.736000,0.088698
1691.737000,0.113525
1691.738000,0.193837
1691.739000,0.288447
1691.740000,0.304488
1691.741000,0.273932
1691.742000,0.202296
1691.743000,0.125499
1691.744000,0.313085
1691.745000,0.290452
1691.746000,0.318515
1691.747000,0.352763
1691.748000,0.372127
1691.749000,0.235875
1691.750000,0.144071
1691.751000,-0.045539
1691.752000,0.013622
1691.753000,-0.029018
1691.754000,-0.050807
1691.755000,0.071915
1691.756000,0.222954
1691.757000,0.421068
1691.758000,0.290235
1691.759000,0.242583
1691.760000,0.131087
1691.761000,0.101087
1691.762000,0.160484
1691.763000,0.106157
1691.764000,0.125282
1691.765000,0.258720
1691.766000,0.110863
1691.767000,0.073680
1691.768000,-0.043475
1691.769000,-0.051981
1691.770000,-0.258668
1691.771000,-0.304019
1691.772000,-0.239042
1691.773000,-0.166042
1691.774000,-0.263348
1691.775000,-0.392656
1691.776000,-0.546061
1691.777000,-0.393304
1691.778000,-0.565967
1691.779000,-0.671203
1691.780000,-0.574061
1691.781000,-0.686260
1691.782000,-0.724747
1691.783000,-0.641333
1691.784000,-0.438959
1691.785000,-0.404764
1691.786000,-0.556397
1691.787000,-0.654271
1691.788000,-0.446527
1691.789000,-0.543284
1691.790000,-0.481226
1691.791000,-0.548123
1691.792000,-0.572430
1691.793000,-0.625670
1691.794000,-0.763230
1691.795000,-0.944293
1691.796000,-0.872659
1691.797000,-0.648033
1691.798000,-0.738464
1691.799000,-0.517550
1691.800000,-0.444488
1691.801000,-0.559904
1691.802000,-0.711648
1691.803000,-0.694877
1691.804000,-0.541856
1691.805000,-0.562574
1691.806000,-0.725723
1691.807000,-0.732852
1691.808000,-0.568053
1691.809000,-0.522288
1691.810000,-0.517319
1691.811000,-0.542068
1691.812000,-0.536573
1691.813000,-0.493702
1691.814000,-0.368719
1691.815000,-0.511851
1691.816000,-0.280070
1691.817000,-0.206890
1691.818000,-0.144967
1691.819000,-0.327588
1691.820000,-0.304193
1691.821000,-0.008180
1691.822000,-0.004756
1691.823000,0.019502
1691.824000,-0.123263
1691.825000,0.038584
1691.826000,0.036680
1691.827000,0.024821
1691.828000,0.046378
1691.829000,0.112709
1691.830000,0.304617
1691.831000,0.278865
1691.832000,0.456304
1691.833000,0.451933
1691.834000,0.369536
1691.835000,0.299729
1691.836000,0.225795
1691.837000,0.185841
1691.838000,0.296019
1691.839000,0.229939
1691.840000,0.321810
1691.841000,0.238369
1691.842000,0.425000
1691.843000,0.443695
1691.844000,0.469173
1691.845000,0.530581
1691.846000,0.573257
1691.847000,0.485105
1691.848000,0.463357
1691.849000,0.278056
1691.850000,0.161372
1691.851000,0.152652
1691.852000,0.278443
1691.853000,0.342582
1691.854000,0.328067
1691.855000,0.146940
1691.856000,0.168872
1691.857000,0.246470
1691.858000,0.214880
1691.859000,0.251741
1691.860000,0.210877
1691.861000,0.273578
1691.862000,0.426866
1691.863000,0.597535
1691.864000,0.557255
1691.865000,0.544476
1691.866000,0.643232
1691.867000,0.730948
1691.868000,0.817680
1691.869000,0.957278
1691.870000,0.904316
1691.871000,0.777302
1691.872000,0.833724
1691.873000,0.670586
1691.874000,0.737930
1691.875000,0.670893
1691.876000,0.650662
1691.877000,0.737436
1691.878000,0.624848
1691.879000,0.578981
1691.880000,0.331032
1691.881000,0.255737
1691.882000,0.350418
1691.883000,0.454831
1691.884000,0.474011
1691.885000,0.340345
1691.886000,0.287573
1691.887000,0.310163
1691.888000,0.150018
1691.889000,0.200905
1691.890000,0.029678
1691.891000,-0.009916
1691.892000,0.079322
1691.893000,0.060907
1691.894000,0.058145
1691.895000,-0.104338
1691.896000,0.092633
1691.897000,0.304407
1691.898000,0.360951
1691.899000,0.341100
1691.900000,0.436423
1691.901000,0.485223
1691.902000,0.712350
1691.903000,0.798828
1691.904000,0.695358
1691.905000,0.633809
1691.906000,0.611947
1691.907000,0.575466
1691.908000,0.807184
1691.909000,0.759480
1691.910000,0.790360
1691.911000,0.852851
1691.912000,0.655981
1691.913000,0.633287
1691.914000,0.563094
1691.915000,0.391395
1691.916000,0.446310
1691.917000,0.506586
1691.918000,0.393119
1691.919000,0.442825
1691.920000,0.306332
1691.921000,0.238303
1691.922000,0.315280
1691.923000,0.305411
1691.924000,0.196213
1691.925000,0.344430
1691.926000,0.373982
1691.927000,0.281359
1691.928000,0.199774
1691.929000,0.280371
1691.930000,0.277345
1691.931000,0.173197
1691.932000,0.377382
1691.933000,0.438183
1691.934000,0.408127
1691.935000,0.337718
1691.936000,0.155089
1691.937000,0.203436
1691.938000,0.273896
1691.939000,0.272982
1691.940000,0.476669
1691.941000,0.458755
1691.942000,0.427761
1691.943000,0.429153
1691.944000,0.491032
1691.945000,0.400618
1691.946000,0.362517
1691.947000,0.301308
1691.948000,0.549694
1691.949000,0.451222
1691.950000,0.247966
1691.951000,0.247312
1691.952000,0.288793
1691.953000,0.197770
1691.954000,0.159558
1691.955000,0.189065
1691.956000,0.034910
1691.957000,-0.006128
1691.958000,-0.201742
1691.959000,-0.208928
1691.960000,-0.302787
1691.961000,-0.313680
1691.962000,-0.104716
1691.963000,-0.299969
1691.964000,-0.333643
1691.965000,-0.276895
1691.966000,-0.052228
1691.967000,0.091640
1691.968000,0.080214
1691.969000,0.038643
1691.970000,0.007767
1691.971000,-0.021990
1691.972000,0.003218
1691.973000,-0.017402
1691.974000,-0.089925
1691.975000,0.060647
1691.976000,-0.028305
1691.977000,-0.068113
1691.978000,-0.076272
1691.979000,-0.054984
1691.980000,-0.051194
1691.981000,0.159421
1691.982000,0.066624
1691.983000,0.197556
1691.984000,0.212759
1691.985000,0.237390
1691.986000,0.226872
1691.987000,0.391735
1691.988000,0.178811
1691.989000,0.281398
1691.990000,0.164572
1691.991000,0.203522
1691.992000,-0.080767
1691.993000,-0.217764
1691.994000,-0.212224
1691.995000,-0.110588
1691.996000,-0.207424
1691.997000,-0.313156
1691.998000,-0.240072
1691.999000,-0.127213
1692.000000,-0.084462
1692.001000,-0.045177
1692.002000,-0.092319
1692.003000,-0.179399
1692.004000,-0.112268
1692.005000,0.003079
1692.006000,0.107041
1692.007000,0.164474
1692.008000,0.224010
1692.009000,0.041365
1692.010000,0.063238
1692.011000,0.127985
1692.012000,0.166681
1692.013000,0.043335
1692.014000,-0.036526
1692.015000,0.176680
1692.016000,0.330489
1692.017000,0.290470
1692.018000,0.414668
1692.019000,0.446650
1692.020000,0.442218
1692.021000,0.510954
1692.022000,0.516196
1692.023000,0.505913
1692.024000,0.421216
1692.025000,0.443382
1692.026000,0.484485
1692.027000,0.474137
1692.028000,0.404265
1692.029000,0.297693
1692.030000,0.129863
1692.031000,0.108295
1692.032000,-0.000668
1692.033000,0.007187
1692.034000,0.056193
1692.035000,-0.025768
1692.036000,-0.183446
1692.037000,-0.239749
1692.038000,-0.333096
1692.039000,-0.396428
1692.040000,-0.734729
1692.041000,-0.794832
1692.042000,-0.828873
1692.043000,-0.861946
1692.044000,-0.763726
1692.045000,-1.021950
1692.046000,-1.079146
1692.047000,-1.194576
1692.048000,-1.328031
1692.049000,-1.195264
1692.050000,-1.263342
1692.051000,-1.217421
1692.052000,-1.197099
1692.053000,-1.103921
1692.054000,-0.998803
1692.055000,-0.965073
1692.056000,-0.892506
1692.057000,-0.750613
1692.058000,-0.838478
1692.059000,-0.584097
1692.060000,-0.675239
1692.061000,-0.621978
1692.062000,-0.708269
1692.063000,-0.632383
1692.064000,-0.570624
1692.065000,-0.545287
1692.066000,-0.407399
1692.067000,-0.077309
1692.068000,-0.111188
1692.069000,-0.104607
1692.070000,-0.253732
1692.071000,-0.196888
1692.072000,0.020292
1692.073000,0.206711
1692.074000,0.407902
1692.075000,0.551694
1692.076000,0.582399
1692.077000,0.606229
1692.078000,0.605279
1692.079000,0.539292
1692.080000,0.651338
1692.081000,0.602876
1692.082000,0.614063
1692.083000,0.680158
1692.084000,0.687082
1692.085000,0.798447
1692.086000,0.925845
1692.087000,0.862546
1692.088000,0.753117
1692.089000,0.599329
1692.090000,0.527625
1692.091000,0.398298
1692.092000,0.385643
1692.093000,0.317647
1692.094000,0.335330
1692.095000,0.368789
1692.096000,0.282481
1692.097000,0.094072
1692.098000,0.096869
1692.099000,0.135279
1692.100000,0.085545
1692.101000,-0.163231
1692.102000,-0.384087
1692.103000,-0.318631
1692.104000,-0.387633
1692.105000,-0.399367
1692.106000,-0.260640
1692.107000,-0.156772
1692.108000,-0.083033
1692.109000,-0.037049
1692.110000,0.187571
1692.111000,0.167498
1692.112000,0.339442
1692.113000,0.318147
1692.114000,0.342355
1692.115000,0.282676
1692.116000,0.180075
1692.117000,0.200152
1692.118000,0.304963
1692.119000,0.206530
1692.120000,0.153878
1692.121000,0.076150
1692.122000,0.020937
1692.123000,0.197267
1692.124000,-0.023820
1692.125000,-0.298357
1692.126000,-0.446448
1692.127000,-0.538650
1692.128000,-0.772561
1692.129000,-0.933462
1692.130000,-0.957758
1692.131000,-1.074732
1692.132000,-1.072748
1692.133000,-1.027266
1692.134000,-1.148104
1692.135000,-1.132707
1692.136000,-1.160219
1692.137000,-1.419980
1692.138000,-1.328021
1692.139000,-1.225758
1692.140000,-1.076540
1692.141000,-1.027770
1692.142000,-0.981023
1692.143000,-0.947641
1692.144000,-1.022189
1692.145000,-0.918515
1692.146000,-0.971720
1692.147000,-1.008407
1692.148000,-1.023784
1692.149000,-1.047239
1692.150000,-1.116570
1692.151000,-0.914342
1692.152000,-0.872478
1692.153000,-0.790081
1692.154000,-0.658983
1692.155000,-0.471387
1692.156000,-0.320700
1692.157000,-0.300283
1692.158000,-0.353846
1692.159000,-0.319482
1692.160000,-0.334429
1692.161000,-0.278884
1692.162000,-0.127153
1692.163000,-0.238525
1692.164000,-0.138019
1692.165000,-0.058764
1692.166000,-0.155620
1692.167000,-0.178100
1692.168000,-0.240350
1692.169000,-0.031613
1692.170000,-0.050757
1692.171000,-0.055074
1692.172000,0.061380
1692.173000,-0.117713
1692.174000,-0.168816
1692.175000,-0.344519
1692.176000,-0.413822
1692.177000,-0.569509
1692.178000,-0.609401
1692.179000,-0.563508
1692.180000,-0.582435
1692.181000,-0.758073
1692.182000,-0.570236
1692.183000,-0.676155
1692.184000,-0.442085
1692.185000,-0.436952
1692.186000,-0.555518
1692.187000,-0.576765
1692.188000,-0.303802
1692.189000,-0.355143
1692.190000,-0.196407
1692.191000,-0.184790
1692.192000,-0.052973
1692.193000,-0.131652
1692.194000,-0.252902
1692.195000,-0.158056
1692.196000,-0.231569
1692.197000,-0.237270
1692.198000,0.027153
1692.199000,0.002677
1692.200000,0.083417
1692.201000,-0.089934
1692.202000,-0.283327
1692.203000,-0.381592
1692.204000,-0.372818
1692.205000,-0.147376
1692.206000,0.041585
1692.207000,0.248733
1692.208000,0.244863
1692.209000,0.217258
1692.210000,0.433557
1692.211000,0.406308
1692.212000,0.560249
1692.213000,0.515761
1692.214000,0.483595
1692.215000,0.584361
1692.216000,0.636885
1692.217000,0.518209
1692.218000,0.417236
1692.219000,0.247958
1692.220000,0.313496
1692.221000,0.343511
1692.222000,0.370600
1692.223000,0.249547
1692.224000,0.237428
1692.225000,0.239943
1692.226000,0.132897
1692.227000,0.232922
1692.228000,0.186472
1692.229000,0.036257
1692.230000,0.034064
1692.231000,-0.069281
1692.232000,-0.006001
1692.233000,-0.200485
1692.234000,-0.204619
1692.235000,-0.220340
1692.236000,-0.355658
1692.237000,-0.489335
1692.238000,-0.557427
1692.239000,-0.492525
1692.240000,-0.545555
1692.241000,-0.558155
1692.242000,-0.606012
1692.243000,-0.491699
1692.244000,-0.507678
1692.245000,-0.531569
1692.246000,-0.466104
1692.247000,-0.404025
1692.248000,-0.382113
1692.249000,-0.328798
1692.250000,-0.357145
1692.251000,-0.448657
1692.252000,-0.513751
1692.253000,-0.538166
1692.254000,-0.439893
1692.255000,-0.477010
1692.256000,-0.649740
1692.257000,-0.589775
1692.258000,-0.526379
1692.259000,-0.681180
1692.260000,-0.566792
1692.261000,-0.639779
1692.262000,-0.585755
1692.263000,-0.554504
1692.264000,-0.380064
1692.265000,-0.345243
1692.266000,-0.208733
1692.267000,-0.170850
1692.268000,-0.070756
1692.269000,-0.132882
1692.270000,-0.031117
1692.271000,0.172303
1692.272000,0.287163
1692.273000,0.436567
1692.274000,0.423098
1692.275000,0.349228
1692.276000,0.180706
1692.277000,0.062982
1692.278000,0.061415
1692.279000,0.036492
1692.280000,-0.007731
1692.281000,-0.090945
1692.282000,-0.081394
1692.283000,0.046206
1692.284000,0.112435
1692.285000,-0.054117
1692.286000,-0.144910
1692.287000,-0.328735
1692.288000,-0.387417
1692.289000,-0.265605
1692.290000,-0.229596
1692.291000,-0.203100
1692.292000,-0.309778
1692.293000,-0.363200
1692.294000,-0.341071
1692.295000,-0.509696
1692.296000,-0.476036
1692.297000,-0.436788
1692.298000,-0.549816
1692.299000,-0.347483
1692.300000,-0.354789
1692.301000,-0.327257
1692.302000,-0.420552
1692.303000,-0.438705
1692.304000,-0.384135
1692.305000,-0.176482
1692.306000,0.069993
1692.307000,0.175582
1692.308000,0.215062
1692.309000,0.271116
1692.310000,0.196262
1692.311000,0.309712
1692.312000,0.282976
1692.313000,0.502361
1692.314000,0.507348
1692.315000,0.562767
1692.316000,0.605751
1692.317000,0.521069
1692.318000,0.667721
1692.319000,0.685290
1692.320000,0.621369
1692.321000,0.722632
1692.322000,0.526348
1692.323000,0.395085
1692.324000,0.377780
1692.325000,0.399207
1692.326000,0.397397
1692.327000,0.416276
1692.328000,0.481936
1692.329000,0.550317
1692.330000,0.587490
1692.331000,0.579393
1692.332000,0.567439
1692.333000,0.558369
1692.334000,0.607617
1692.335000,0.516210
1692.336000,0.342161
1692.337000,0.491786
1692.338000,0.503359
1692.339000,0.373900
1692.340000,0.316557
1692.341000,0.247069
1692.342000,0.270398
1692.343000,0.369550
1692.344000,0.320991
1692.345000,0.277228
1692.346000,0.438330
1692.347000,0.475198
1692.348000,0.352464
1692.349000,0.282429
1692.350000,0.153089
1692.351000,0.122799
1692.352000,0.093712
1692.353000,0.102199
1692.354000,0.229889
1692.355000,0.143161
1692.356000,0.064551
1692.357000,0.132766
1692.358000,0.214374
1692.359000,0.293533
1692.360000,0.433770
1692.361000,0.409408
1692.362000,0.300270
1692.363000,0.239932
1692.364000,0.254695
1692.365000,0.245427
1692.366000,0.334696
1692.367000,0.304605
1692.368000,0.232199
1692.369000,0.083278
1692.370000,0.121122
1692.371000,0.287929
1692.372000,0.475070
1692.373000,0.342763
1692.374000,0.472195
1692.375000,0.603207
1692.376000,0.515981
1692.377000,0.576450
1692.378000,0.516214
1692.379000,0.509588
1692.380000,0.309585
1692.381000,0.263339
1692.382000,0.074596
1692.383000,-0.092419
1692.384000,0.148133
1692.385000,0.282551
1692.386000,0.407055
1692.387000,0.531289
1692.388000,0.716936
1692.389000,0.692817
1692.390000,0.779244
1692.391000,0.638878
1692.392000,0.384524
1692.393000,0.225341
1692.394000,0.261153
1692.395000,0.314636
1692.396000,0.165266
1692.397000,0.294731
1692.398000,0.408513
1692.399000,0.226056
1692.400000,0.220011
1692.401000,0.270466
1692.402000,0.358616
1692.403000,0.404139
1692.404000,0.567761
1692.405000,0.594562
1692.406000,0.692305
1692.407000,0.756152
1692.408000,0.786295
1692.409000,0.792866
1692.410000,0.732598
1692.411000,0.642479
1692.412000,0.751987
1692.413000,0.557846
1692.414000,0.431356
1692.415000,0.491744
1692.416000,0.335925
1692.417000,0.218854
1692.418000,0.201081
1692.419000,0.193696
1692.420000,0.127036
1692.421000,0.046808
1692.422000,0.083516
1692.423000,0.004811
1692.424000,-0.009505
1692.425000,-0.021120
1692.426000,-0.184151
1692.427000,-0.393175
1692.428000,-0.436370
1692.429000,-0.360596
1692.430000,-0.365023
1692.431000,-0.441870
1692.432000,-0.412886
1692.433000,-0.364301
1692.434000,-0.257751
1692.435000,-0.230469
1692.436000,-0.126008
1692.437000,0.064574
1692.438000,0.119360
1692.439000,0.289858
1692.440000,0.401538
1692.441000,0.447546
1692.442000,0.546651
1692.443000,0.728344
1692.444000,0.856555
1692.445000,0.824771
1692.446000,0.778511
1692.447000,0.914167
1692.448000,0.629467
1692.449000,0.645086
1692.450000,0.729357
1692.451000,0.678163
1692.452000,0.716473
1692.453000,0.738640
1692.454000,0.803263
1692.455000,0.842179
1692.456000,0.777783
1692.457000,0.849252
1692.458000,0.821178
1692.459000,0.712143
1692.460000,0.661564
1692.461000,0.557969
1692.462000,0.556615
1692.463000,0.603497
1692.464000,0.510670
1692.465000,0.488361
1692.466000,0.476560
1692.467000,0.351407
1692.468000,0.196919
1692.469000,0.198669
1692.470000,0.341073
1692.471000,0.240966
1692.472000,0.040191
1692.473000,-0.024006
1692.474000,-0.024457
1692.475000,-0.089145
1692.476000,0.035062
1692.477000,-0.102094
1692.478000,-0.206476
1692.479000,-0.294859
1692.480000,-0.297671
1692.481000,-0.223187
1692.482000,-0.363347
1692.483000,-0.377295
1692.484000,-0.557972
1692.485000,-0.544999
1692.486000,-0.392923
1692.487000,-0.595179
1692.488000,-0.509601
1692.489000,-0.553459
1692.490000,-0.617425
1692.491000,-0.646289
1692.492000,-0.546418
1692.493000,-0.660628
1692.494000,-0.489328
1692.495000,-0.629582
1692.496000,-0.647297
1692.497000,-0.628192
1692.498000,-0.623337
1692.499000,-0.652811
1692.500000,-0.691317
1692.501000,-0.720469
1692.502000,-0.749719
1692.503000,-0.714130
1692.504000,-0.874521
1692.505000,-0.778262
1692.506000,-0.745085
1692.507000,-0.664200
1692.508000,-0.618047
1692.509000,-0.522978
1692.510000,-0.594139
1692.511000,-0.699343
1692.512000,-0.709677
1692.513000,-1.001914
1692.514000,-0.816373
1692.515000,-0.836811
1692.516000,-1.082157
1692.517000,-0.991690
1692.518000,-0.871444
1692.519000,-0.914696
1692.520000,-0.830279
1692.521000,-0.939122
1692.522000,-0.966215
1692.523000,-0.972441
1692.524000,-0.933148
1692.525000,-0.990849
1692.526000,-0.984104
1692.527000,-0.820695
1692.528000,-0.890449
1692.529000,-0.815852
1692.530000,-0.950075
1692.531000,-0.842423
1692.532000,-0.841151
1692.533000,-0.925370
1692.534000,-0.819466
1692.535000,-0.740046
1692.536000,-0.745314
1692.537000,-0.840637
1692.538000,-0.794285
1692.539000,-0.805781
1692.540000,-0.855809
1692.541000,-0.835012
1692.542000,-0.676242
1692.543000,-0.593205
1692.544000,-0.842709
1692.545000,-0.738825
1692.546000,-0.607983
1692.547000,-0.498302
1692.548000,-0.659112
1692.549000,-0.651213
1692.550000,-0.731942
1692.551000,-0.697408
1692.552000,-0.743364
1692.553000,-0.634228
1692.554000,-0.607257
1692.555000,-0.527339
1692.556000,-0.507687
1692.557000,-0.536152
1692.558000,-0.564748
1692.559000,-0.511136
1692.560000,-0.513531
1692.561000,-0.445155
1692.562000,-0.405325
1692.563000,-0.250400
1692.564000,-0.422334
1692.565000,-0.495850
1692.566000,-0.579636
1692.567000,-0.551657
1692.568000,-0.456522
1692.569000,-0.427004
1692.570000,-0.392768
1692.571000,-0.367340
1692.572000,-0.489012
1692.573000,-0.489156
1692.574000,-0.559404
1692.575000,-0.384051
1692.576000,-0.371719
1692.577000,-0.292862
1692.578000,-0.211142
1692.579000,-0.239824
1692.580000,-0.183009
1692.581000,-0.057096
1692.582000,0.146534
1692.583000,0.242470
1692.584000,0.158124
1692.585000,0.207575
1692.586000,0.160959
1692.587000,0.299075
1692.588000,0.461336
1692.589000,0.424485
1692.590000,0.376251
1692.591000,0.318072
1692.592000,0.529104
1692.593000,0.402785
1692.594000,0.614020
1692.595000,0.553697
1692.596000,0.507805
1692.597000,0.496226
1692.598000,0.445782
1692.599000,0.578169
1692.600000,0.737431
1692.601000,0.715334
1692.602000,0.672847
1692.603000,0.599612
1692.604000,0.422792
1692.605000,0.327565
1692.606000,0.252693
1692.607000,0.242561
1692.608000,0.332587
1692.609000,0.389561
1692.610000,0.176919
1692.611000,0.078247
1692.612000,-0.010460
1692.613000,0.067889
1692.614000,0.003250
1692.615000,0.027814
1692.616000,0.120958
1692.617000,0.280773
1692.618000,0.280612
1692.619000,0.248213
1692.620000,0.296574
1692.621000,0.229180
1692.622000,0.218867
1692.623000,0.201175
1692.624000,0.224744
1692.625000,0.227413
1692.626000,0.199127
1692.627000,0.154750
1692.628000,0.265340
1692.629000,0.243285
1692.630000,0.141613
1692.631000,0.082733
1692.632000,-0.064853
1692.633000,-0.045220
1692.634000,0.109915
1692.635000,0.130799
1692.636000,0.116453
1692.637000,0.013870
1692.638000,0.075616
1692.639000,0.184371
1692.640000,0.240456
1692.641000,0.252124
1692.642000,0.168201
1692.643000,0.365054
1692.644000,0.193294
1692.645000,0.128875
1692.646000,-0.001430
1692.647000,-0.161049
1692.648000,-0.175480
1692.649000,-0.270720
1692.650000,-0.109499
1692.651000,-0.009431
1692.652000,0.025872
1692.653000,0.090311
1692.654000,0.100976
1692.655000,-0.071119
1692.656000,0.016356
1692.657000,0.152989
1692.658000,0.275046
1692.659000,0.125711
1692.660000,0.102580
1692.661000,0.211800
1692.662000,0.194310
1692.663000,-0.005897
1692.664000,-0.066470
1692.665000,-0.159434
1692.666000,-0.180996
1692.667000,-0.209635
1692.668000,-0.299208
1692.669000,-0.343027
1692.670000,-0.298781
1692.671000,-0.476044
1692.672000,-0.541108
1692.673000,-0.435568
1692.674000,-0.404051
1692.675000,-0.443232
1692.676000,-0.739055
1692.677000,-0.750170
1692.678000,-0.544164
1692.679000,-0.356760
1692.680000,-0.227573
1692.681000,-0.308850
1692.682000,-0.217812
1692.683000,-0.148150
1692.684000,-0.219862
1692.685000,-0.269106
1692.686000,-0.296591
1692.687000,-0.434294
1692.688000,-0.506868
1692.689000,-0.470405
1692.690000,-0.534533
1692.691000,-0.586660
1692.692000,-0.712021
1692.693000,-0.816976
1692.694000,-0.724656
1692.695000,-0.676117
1692.696000,-0.765778
1692.697000,-0.657740
1692.698000,-0.671577
1692.699000,-0.572336
1692.700000,-0.476018
1692.701000,-0.369864
1692.702000,-0.427428
1692.703000,-0.464841
1692.704000,-0.465977
1692.705000,-0.274124
1692.706000,-0.339757
1692.707000,-0.513025
1692.708000,-0.325958
1692.709000,-0.360489
1692.710000,-0.321489
1692.711000,-0.323779
1692.712000,-0.288598
1692.713000,-0.388493
1692.714000,-0.357082
1692.715000,-0.306291
1692.716000,-0.396176
1692.717000,-0.451717
1692.718000,-0.471033
1692.719000,-0.548164
1692.720000,-0.501171
1692.721000,-0.563183
1692.722000,-0.456301
1692.723000,-0.408374
1692.724000,-0.402965
1692.725000,-0.458875
1692.726000,-0.327614
1692.727000,-0.432811
1692.728000,-0.380479
1692.729000,-0.380036
1692.730000,-0.223609
1692.731000,-0.398283
1692.732000,-0.510037
1692.733000,-0.397691
1692.734000,-0.381643
1692.735000,-0.459841
1692.736000,-0.403663
1692.737000,-0.455470
1692.738000,-0.317814
1692.739000,-0.417278
1692.740000,-0.153237
1692.741000,-0.049698
1692.742000,-0.001912
1692.743000,-0.134732
1692.744000,-0.039106
1692.745000,-0.039080
1692.746000,0.023685
1692.747000,0.014848
1692.748000,-0.015158
1692.749000,-0.120388
1692.750000,-0.228353
1692.751000,-0.100442
1692.752000,-0.163848
1692.753000,-0.128048
1692.754000,0.040140
1692.755000,0.150777
1692.756000,0.284460
1692.757000,0.074593
1692.758000,0.101314
1692.759000,0.125929
1692.760000,-0.024035
1692.761000,0.039447
1692.762000,0.207490
1692.763000,0.045854
1692.764000,0.262602
1692.765000,0.152112
1692.766000,0.096997
1692.767000,0.167878
1692.768000,0.246964
1692.769000,0.180474
1692.770000,0.057284
1692.771000,0.128901
1692.772000,0.176730
1692.773000,0.191197
1692.774000,0.274795
1692.775000,0.292145
1692.776000,0.217048
1692.777000,0.015497
1692.778000,-0.038812
1692.779000,-0.080307
1692.780000,0.009375
1692.781000,-0.026240
1692.782000,0.058121
1692.783000,0.110339
1692.784000,0.022094
1692.785000,0.087071
1692.786000,0.081747
1692.787000,0.057500
1692.788000,0.218802
1692.789000,0.116818
1692.790000,-0.114887
1692.791000,-0.034009
1692.792000,0.076070
1692.793000,0.300710
1692.794000,0.417715
1692.795000,0.304453
1692.796000,0.339296
1692.797000,0.269561
1692.798000,0.157766
1692.799000,0.226281
1692.800000,0.306824
1692.801000,0.221469
1692.802000,0.320637
1692.803000,0.330006
1692.804000,0.310112
1692.805000,0.250707
1692.806000,0.235621
1692.807000,0.154926
1692.808000,0.340940
1692.809000,0.513202
1692.810000,0.588491
1692.811000,0.555717
1692.812000,0.642510
1692.813000,0.549331
1692.814000,0.533102
1692.815000,0.727183
1692.816000,0.649332
1692.817000,0.660843
1692.818000,0.887472
1692.819000,0.781805
1692.820000,1.011930
1692.821000,0.732288
1692.822000,0.672347
1692.823000,0.789704
1692.824000,0.847741
1692.825000,0.650456
1692.826000,0.462388
1692.827000,0.547499
1692.828000,0.588634
1692.829000,0.468133
1692.830000,0.514960
1692.831000,0.643602
1692.832000,0.553703
1692.833000,0.652158
1692.834000,0.649074
1692.835000,0.633569
1692.836000,0.662474
1692.837000,0.766357
1692.838000,0.650804
1692.839000,0.620004
1692.840000,0.628523
1692.841000,0.562830
1692.842000,0.648059
1692.843000,0.866843
1692.844000,0.758636
1692.845000,0.708350
1692.846000,0.563903
1692.847000,0.475056
1692.848000,0.414425
1692.849000,0.388535
1692.850000,0.177754
1692.851000,0.442172
1692.852000,0.458149
1692.853000,0.328572
1692.854000,0.240841
1692.855000,0.241507
1692.856000,0.210429
1692.857000,0.202096
1692.858000,0.198643
1692.859000,0.404422
1692.860000,0.523976
1692.861000,0.654550
1692.862000,0.573969
1692.863000,0.353784
1692.864000,0.308110
1692.865000,0.395933
1692.866000,0.463501
1692.867000,0.375534
1692.868000,0.319153
1692.869000,0.447771
1692.870000,0.553443
1692.871000,0.640178
1692.872000,0.575823
1692.873000,0.378905
1692.874000,0.481241
1692.875000,0.401237
1692.876000,0.333503
1692.877000,0.320054
1692.878000,0.367681
1692.879000,0.372699
1692.880000,0.320573
1692.881000,0.280132
1692.882000,0.413477
1692.883000,0.504407
1692.884000,0.680197
1692.885000,0.693298
1692.886000,0.492982
1692.887000,0.465320
1692.888000,0.501746
1692.889000,0.499775
1692.890000,0.492694
1692.891000,0.397275
1692.892000,0.392283
1692.893000,0.250481
1692.894000,0.199853
1692.895000,0.204243
1692.896000,0.237150
1692.897000,0.279748
1692.898000,0.381861
1692.899000,0.362520
1692.900000,0.358890
1692.901000,0.403889
1692.902000,0.487832
1692.903000,0.438507
1692.904000,0.372030
1692.905000,0.423235
1692.906000,0.285715
1692.907000,0.165406
1692.908000,0.160909
1692.909000,0.005499
1692.910000,-0.010763
1692.911000,0.077546
1692.912000,0.066086
1692.913000,0.107816
1692.914000,-0.004517
1692.915000,-0.011492
1692.916000,-0.019928
1692.917000,0.099177
1692.918000,0.170694
1692.919000,0.073022
1692.920000,0.104297
1692.921000,0.199689
1692.922000,0.044393
1692.923000,0.076657
1692.924000,-0.004686
1692.925000,0.275928
1692.926000,0.324075
1692.927000,0.119565
1692.928000,0.060541
1692.929000,0.130818
1692.930000,0.196835
1692.931000,0.086775
1692.932000,0.025162
1692.933000,0.038036
1692.934000,-0.130966
1692.935000,0.057629
1692.936000,-0.139588
1692.937000,-0.212686
1692.938000,-0.353337
1692.939000,-0.158811
1692.940000,-0.204045
1692.941000,-0.188292
1692.942000,-0.124643
1692.943000,-0.212371
1692.944000,-0.133355
1692.945000,-0.065584
1692.946000,-0.032132
1692.947000,0.113776
1692.948000,0.014877
1692.949000,0.087177
1692.950000,0.100429
1692.951000,0.062689
1692.952000,0.032932
1692.953000,0.010732
1692.954000,-0.138483
1692.955000,-0.158158
1692.956000,-0.322984
1692.957000,-0.323825
1692.958000,-0.356322
1692.959000,-0.399744
1692.960000,-0.398476
1692.961000,-0.520985
1692.962000,-0.680074
1692.963000,-0.679272
1692.964000,-0.749796
1692.965000,-0.575430
1692.966000,-0.573404
1692.967000,-0.582215
1692.968000,-0.707322
1692.969000,-0.610676
1692.970000,-0.614011
1692.971000,-0.633755
1692.972000,-0.538321
1692.973000,-0.626703
1692.974000,-0.615223
1692.975000,-0.578891
1692.976000,-0.536078
1692.977000,-0.417585
1692.978000,-0.333484
1692.979000,-0.279474
1692.980000,-0.156951
1692.981000,-0.102307
1692.982000,-0.243049
1692.983000,-0.073020
1692.984000,-0.024688
1692.985000,0.029227
1692.986000,-0.202562
1692.987000,-0.022340
1692.988000,0.075289
1692.989000,-0.103791
1692.990000,-0.082386
1692.991000,0.020191
1692.992000,-0.042639
1692.993000,0.041089
1692.994000,0.134029
1692.995000,0.118951
1692.996000,0.006124
1692.997000,-0.068955
1692.998000,-0.035409
1692.999000,-0.049524
1693.000000,-0.104661
1693.001000,-0.154948
1693.002000,0.019469
1693.003000,0.050326
1693.004000,0.089045
1693.005000,0.288157
1693.006000,0.192858
1693.007000,0.086246
1693.008000,-0.013384
1693.009000,-0.104433
1693.010000,-0.171495
1693.011000,-0.245992
1693.012000,-0.308478
1693.013000,-0.304533
1693.014000,-0.290761
1693.015000,-0.298146
1693.016000,-0.389340
1693.017000,-0.346322
1693.018000,-0.260364
1693.019000,-0.391222
1693.020000,-0.451912
1693.021000,-0.147844
1693.022000,-0.106439
1693.023000,0.001803
1693.024000,-0.046625
1693.025000,-0.131434
1693.026000,-0.390485
1693.027000,-0.420586
1693.028000,-0.193182
1693.029000,-0.203037
1693.030000,-0.077024
1693.031000,0.063960
1693.032000,0.048613
1693.033000,0.099776
1693.034000,0.058811
1693.035000,-0.000814
1693.036000,0.100073
1693.037000,0.183555
1693.038000,0.063177
1693.039000,-0.026691
1693.040000,-0.005967
1693.041000,-0.051617
1693.042000,-0.249087
1693.043000,-0.158580
1693.044000,-0.085408
1693.045000,-0.052287
1693.046000,-0.131220
1693.047000,-0.040476
1693.048000,0.083758
1693.049000,0.101230
1693.050000,0.157468
1693.051000,0.040056
1693.052000,0.083142
1693.053000,0.170222
1693.054000,0.192814
1693.055000,0.238438
1693.056000,0.426951
1693.057000,0.459714
1693.058000,0.510578
1693.059000,0.612015
1693.060000,0.625033
1693.061000,0.598990
1693.062000,0.747054
1693.063000,0.750488
1693.064000,0.743016
1693.065000,0.771005
1693.066000,0.789674
1693.067000,0.793901
1693.068000,0.771454
1693.069000,0.688238
1693.070000,0.678830
1693.071000,0.877360
1693.072000,0.732140
1693.073000,0.705655
1693.074000,0.842387
1693.075000,0.757500
1693.076000,0.712318
1693.077000,0.616564
1693.078000,0.644947
1693.079000,0.557339
1693.080000,0.785043
1693.081000,0.649506
1693.082000,0.749958
1693.083000,0.702280
1693.084000,0.827505
1693.085000,0.812239
1693.086000,0.671649
1693.087000,0.749012
1693.088000,0.542831
1693.089000,0.556463
1693.090000,0.544141
1693.091000,0.643031
1693.092000,0.745948
1693.093000,0.518396
1693.094000,0.514823
1693.095000,0.358913
1693.096000,0.332204
1693.097000,0.391621
1693.098000,0.352507
1693.099000,0.276859
1693.100000,0.207951
1693.101000,0.289977
1693.102000,0.256416
1693.103000,0.386940
1693.104000,0.474521
1693.105000,0.435552
1693.106000,0.358164
1693.107000,0.468392
1693.108000,0.442344
1693.109000,0.445073
1693.110000,0.395766
1693.111000,0.171505
1693.112000,0.173822
1693.113000,0.079096
1693.114000,0.238239
1693.115000,0.096119
1693.116000,0.171567
1693.117000,0.075762
1693.118000,0.040733
1693.119000,0.121268
1693.120000,0.154913
1693.121000,0.056989
1693.122000,-0.035642
1693.123000,0.028408
1693.124000,0.185992
1693.125000,0.031390
1693.126000,-0.083328
1693.127000,-0.259686
1693.128000,-0.171341
1693.129000,-0.204659
1693.130000,-0.291506
1693.131000,-0.311629
1693.132000,-0.273812
1693.133000,-0.338178
1693.134000,-0.555922
1693.135000,-0.546392
1693.136000,-0.451137
1693.137000,-0.452497
1693.138000,-0.574503
1693.139000,-0.537334
1693.140000,-0.607052
1693.141000,-0.507104
1693.142000,-0.445852
1693.143000,-0.432220
1693.144000,-0.525800
1693.145000,-0.369439
1693.146000,-0.449374
1693.147000,-0.312294
1693.148000,-0.209465
1693.149000,-0.162687
1693.150000,-0.014210
1693.151000,0.082574
1693.152000,0.100492
1693.153000,0.157002
1693.154000,0.166019
1693.155000,0.067322
1693.156000,0.053646
1693.157000,0.095779
1693.158000,0.117806
1693.159000,0.104464
1693.160000,0.115958
1693.161000,0.014214
1693.162000,-0.194206
1693.163000,-0.233432
1693.164000,-0.293006
1693.165000,-0.268672
1693.166000,-0.221478
1693.167000,-0.123643
1693.168000,-0.079962
1693.169000,-0.047191
1693.170000,-0.103097
1693.171000,0.030206
1693.172000,-0.118154
1693.173000,-0.217187
1693.174000,-0.172788
1693.175000,-0.224905
1693.176000,-0.171158
1693.177000,-0.186224
1693.178000,-0.098900
1693.179000,-0.080588
1693.180000,-0.169182
1693.181000,-0.103850
1693.182000,0.013824
1693.183000,-0.171519
1693.184000,-0.255923
1693.185000,-0.207553
1693.186000,-0.144616
1693.187000,-0.166679
1693.188000,-0.121353
1693.189000,-0.045175
1693.190000,-0.135827
1693.191000,0.002985
1693.192000,-0.118944
1693.193000,-0.194524
1693.194000,-0.317188
1693.195000,-0.422777
1693.196000,-0.378766
1693.197000,-0.438659
1693.198000,-0.791104
1693.199000,-0.876403
1693.200000,-0.868908
1693.201000,-0.716627
1693.202000,-0.739086
1693.203000,-0.676963
1693.204000,-0.785490
1693.205000,-0.815371
1693.206000,-1.051878
1693.207000,-1.175254
1693.208000,-1.223735
1693.209000,-1.132542
1693.210000,-1.208491
1693.211000,-0.985343
1693.212000,-1.118062
1693.213000,-1.199656
1693.214000,-1.276948
1693.215000,-1.119757
1693.216000,-1.089943
1693.217000,-0.911114
1693.218000,-0.725373
1693.219000,-0.743978
1693.220000,-0.718645
1693.221000,-0.826017
1693.222000,-0.709827
1693.223000,-0.925151
1693.224000,-0.825222
1693.225000,-0.940441
1693.226000,-1.070688
1693.227000,-1.074605
1693.228000,-0.981030
1693.229000,-0.906973
1693.230000,-0.993858
1693.231000,-0.941846
1693.232000,-0.997770
1693.233000,-0.961897
1693.234000,-0.730552
1693.235000,-0.552744
1693.236000,-0.506437
1693.237000,-0.569413
1693.238000,-0.753189
1693.239000,-0.651486
1693.240000,-0.708087
1693.241000,-0.666192
1693.242000,-0.730088
1693.243000,-0.746302
1693.244000,-0.711714
1693.245000,-0.850881
1693.246000,-0.779557
1693.247000,-0.830759
1693.248000,-0.942985
1693.249000,-0.884868
1693.250000,-0.724384
1693.251000,-0.637116
1693.252000,-0.683040
1693.253000,-0.698154
1693.254000,-0.557964
1693.255000,-0.477260
1693.256000,-0.711324
1693.257000,-0.800663
1693.258000,-0.897951
1693.259000,-0.770936
1693.260000,-0.897343
1693.261000,-0.843210
1693.262000,-0.631146
1693.263000,-0.581820
1693.264000,-0.487785
1693.265000,-0.511180
1693.266000,-0.434118
1693.267000,-0.614875
1693.268000,-0.690402
1693.269000,-0.607058
1693.270000,-0.398872
1693.271000,0.061524
1693.272000,-0.009098
1693.273000,-0.070511
1693.274000,-0.005241
1693.275000,0.103295
1693.276000,0.193725
1693.277000,0.209898
1693.278000,0.203596
1693.279000,0.083863
1693.280000,0.081989
1693.281000,0.152299
1693.282000,0.077683
1693.283000,0.168633
1693.284000,0.182066
1693.285000,0.221180
1693.286000,0.219509
1693.287000,0.243580
1693.288000,0.297665
1693.289000,0.360817
1693.290000,0.286343
1693.291000,0.432009
1693.292000,0.506140
1693.293000,0.324622
1693.294000,0.215612
1693.295000,0.254002
1693.296000,0.502644
1693.297000,0.538903
1693.298000,0.604128
1693.299000,0.581296
1693.300000,0.760852
1693.301000,0.808582
1693.302000,0.745322
1693.303000,0.834996
1693.304000,0.733052
1693.305000,0.938359
1693.306000,0.996033
1693.307000,0.915049
1693.308000,0.849737
1693.309000,0.811390
1693.310000,0.682319
1693.311000,0.608729
1693.312000,0.618112
1693.313000,0.676278
1693.314000,0.511453
1693.315000,0.326601
1693.316000,0.317010
1693.317000,0.230424
1693.318000,0.269200
1693.319000,0.542692
1693.320000,0.675208
1693.321000,0.743298
1693.322000,0.736036
1693.323000,0.682782
1693.324000,0.477879
1693.325000,0.407994
1693.326000,0.426042
1693.327000,0.397229
1693.328000,0.536536
1693.329000,0.633599
1693.330000,0.511132
1693.331000,0.436011
1693.332000,0.266452
1693.333000,0.242942
1693.334000,0.481780
1693.335000,0.622580
1693.336000,0.560585
1693.337000,0.443110
1693.338000,0.361599
1693.339000,0.506460
1693.340000,0.417419
1693.341000,0.377177
1693.342000,0.262287
1693.343000,0.381487
1693.344000,0.429623
1693.345000,0.378115
1693.346000,0.433379
1693.347000,0.365915
1693.348000,0.465708
1693.349000,0.560171
1693.350000,0.525968
1693.351000,0.668877
1693.352000,0.698568
1693.353000,0.788169
1693.354000,0.632197
1693.355000,0.720148
1693.356000,0.586711
1693.357000,0.455825
1693.358000,0.220895
1693.359000,0.190967
1693.360000,0.202932
1693.361000,0.223231
1693.362000,0.162558
1693.363000,0.140491
1693.364000,0.172976
1693.365000,-0.003300
1693.366000,0.033304
1693.367000,0.088722
1693.368000,0.223376
1693.369000,0.357692
1693.370000,0.507855
1693.371000,0.587021
1693.372000,0.567003
1693.373000,0.533997
1693.374000,0.505964
1693.375000,0.567096
1693.376000,0.544335
1693.377000,0.331822
1693.378000,0.250916
1693.379000,0.300802
1693.380000,0.340397
1693.381000,0.365267
1693.382000,0.339901
1693.383000,0.192609
1693.384000,0.229911
1693.385000,0.328577
1693.386000,0.345231
1693.387000,0.457422
1693.388000,0.499225
1693.389000,0.566199
1693.390000,0.644491
1693.391000,0.671396
1693.392000,0.614290
1693.393000,0.541327
1693.394000,0.663571
1693.395000,0.616584
1693.396000,0.680152
1693.397000,0.684656
1693.398000,0.700392
1693.399000,0.733151
1693.400000,0.856104
1693.401000,0.677656
1693.402000,0.633021
1693.403000,0.756050
1693.404000,0.691146
1693.405000,0.599730
1693.406000,0.434963
1693.407000,0.462419
1693.408000,0.645105
1693.409000,0.665741
1693.410000,0.637546
1693.411000,0.516117
1693.412000,0.573716
1693.413000,0.625580
1693.414000,0.573171
1693.415000,0.524021
1693.416000,0.546310
1693.417000,0.598032
1693.418000,0.360687
1693.419000,0.489246
1693.420000,0.358646
1693.421000,0.283501
1693.422000,0.262373
1693.423000,0.279033
1693.424000,0.318601
1693.425000,0.218899
1693.426000,0.465768
1693.427000,0.379818
1693.428000,0.401344
1693.429000,0.496365
1693.430000,0.670393
1693.431000,0.656920
1693.432000,0.611422
1693.433000,0.512528
1693.434000,0.561428
1693.435000,0.586595
1693.436000,0.606129
1693.437000,0.679866
1693.438000,0.657651
1693.439000,0.487264
1693.440000,0.414701
1693.441000,0.531831
1693.442000,0.554964
1693.443000,0.512911
1693.444000,0.474326
1693.445000,0.469100
1693.446000,0.524575
1693.447000,0.555616
1693.448000,0.466368
1693.449000,0.439384
1693.450000,0.233198
1693.451000,0.417937
1693.452000,0.332625
1693.453000,0.308074
1693.454000,0.110632
1693.455000,0.096200
1693.456000,-0.036133
1693.457000,-0.062933
1693.458000,-0.100071
1693.459000,-0.164103
1693.460000,-0.110579
1693.461000,-0.130410
1693.462000,-0.358071
1693.463000,-0.416952
1693.464000,-0.480339
1693.465000,-0.401193
1693.466000,-0.344977
1693.467000,-0.278266
1693.468000,-0.104365
1693.469000,-0.004360
1693.470000,-0.010475
1693.471000,-0.066594
1693.472000,-0.187732
1693.473000,-0.234673
1693.474000,-0.032706
1693.475000,-0.083505
1693.476000,0.046711
1693.477000,0.098335
1693.478000,-0.014035
1693.479000,-0.197758
1693.480000,-0.010904
1693.481000,0.108413
1693.482000,0.004924
1693.483000,-0.030502
1693.484000,-0.006723
1693.485000,-0.109733
1693.486000,-0.078606
1693.487000,-0.094642
1693.488000,-0.148276
1693.489000,0.003120
1693.490000,-0.134620
1693.491000,0.014236
1693.492000,-0.120143
1693.493000,-0.064426
1693.494000,0.081025
1693.495000,0.159944
1693.496000,0.101979
1693.497000,0.127038
1693.498000,0.097731
1693.499000,0.035254
1693.500000,0.080573
1693.501000,-0.121617
1693.502000,-0.335056
1693.503000,-0.332782
1693.504000,-0.417422
1693.505000,-0.476389
1693.506000,-0.626384
1693.507000,-0.516791
1693.508000,-0.595329
1693.509000,-0.551239
1693.510000,-0.457453
1693.511000,-0.375305
1693.512000,-0.485091
1693.513000,-0.448605
1693.514000,-0.310318
1693.515000,-0.319544
1693.516000,-0.125240
1693.517000,-0.206499
1693.518000,-0.161026
1693.519000,-0.361335
1693.520000,-0.400039
1693.521000,-0.409094
1693.522000,-0.350982
1693.523000,-0.300586
1693.524000,-0.397195
1693.525000,-0.445093
1693.526000,-0.402740
1693.527000,-0.465766
1693.528000,-0.540138
1693.529000,-0.583406
1693.530000,-0.517455
1693.531000,-0.430150
1693.532000,-0.607512
1693.533000,-0.456312
1693.534000,-0.595898
1693.535000,-0.745317
1693.536000,-0.778286
1693.537000,-0.663217
1693.538000,-0.667077
1693.539000,-0.723422
1693.540000,-0.834488
1693.541000,-0.876594
1693.542000,-0.813695
1693.543000,-0.732613
1693.544000,-0.614659
1693.545000,-0.784468
1693.546000,-1.021698
1693.547000,-1.235833
1693.548000,-1.164962
1693.549000,-1.072129
1693.550000,-0.881485
1693.551000,-0.989411
1693.552000,-0.980824
1693.553000,-0.885957
1693.554000,-1.006577
1693.555000,-1.004092
1693.556000,-1.113786
1693.557000,-1.209398
1693.558000,-1.349665
1693.559000,-1.399754
1693.560000,-1.341647
1693.561000,-1.432777
1693.562000,-1.343259
1693.563000,-1.329083
1693.564000,-1.342416
1693.565000,-1.389695
1693.566000,-1.500170
1693.567000,-1.287755
1693.568000,-1.290345
1693.569000,-1.289364
1693.570000,-1.400931
1693.571000,-1.410118
1693.572000,-1.290461
1693.573000,-1.383394
1693.574000,-1.360561
1693.575000,-1.174840
1693.576000,-1.139970
1693.577000,-1.172554
1693.578000,-1.191416
1693.579000,-1.207598
1693.580000,-1.156391
1693.581000,-1.066076
1693.582000,-1.122660
1693.583000,-1.085010
1693.584000,-1.041918
1693.585000,-1.117935
1693.586000,-1.065177
1693.587000,-1.086564
1693.588000,-1.048440
1693.589000,-0.943396
1693.590000,-0.986418
1693.591000,-0.893887
1693.592000,-0.725093
1693.593000,-0.641890
1693.594000,-0.833335
1693.595000,-0.605379
1693.596000,-0.709438
1693.597000,-0.540907
1693.598000,-0.494765
1693.599000,-0.352985
1693.600000,-0.322237
1693.601000,-0.331237
1693.602000,-0.293137
1693.603000,-0.326213
1693.604000,-0.443291
1693.605000,-0.349555
1693.606000,-0.397598
1693.607000,-0.248410
1693.608000,-0.256793
1693.609000,-0.265313
1693.610000,-0.191338
1693.611000,-0.163168
1693.612000,-0.134045
1693.613000,-0.318164
1693.614000,-0.134972
1693.615000,0.018467
1693.616000,0.129452
1693.617000,0.029815
1693.618000,-0.070164
1693.619000,-0.311241
1693.620000,-0.321796
1693.621000,-0.261524
1693.622000,-0.164525
1693.623000,-0.091163
1693.624000,0.018136
1693.625000,-0.064133
1693.626000,-0.073501
1693.627000,-0.149725
1693.628000,-0.184259
1693.629000,-0.272672
1693.630000,-0.225555
1693.631000,-0.125214
1693.632000,-0.156783
1693.633000,-0.164484
1693.634000,-0.104525
1693.635000,-0.214071
1693.636000,-0.260375
1693.637000,-0.411270
1693.638000,-0.429698
1693.639000,-0.408327
1693.640000,-0.461264
1693.641000,-0.447309
1693.642000,-0.123549
1693.643000,-0.097714
1693.644000,0.093010
1693.645000,0.088923
1693.646000,-0.004423
1693.647000,-0.039107
1693.648000,0.077973
1693.649000,-0.053175
1693.650000,-0.016275
1693.651000,-0.181173
1693.652000,-0.217612
1693.653000,-0.134961
1693.654000,-0.159898
1693.655000,0.037303
1693.656000,0.267217
1693.657000,0.058619
1693.658000,-0.138636
1693.659000,-0.220976
1693.660000,-0.190298
1693.661000,-0.115280
1693.662000,-0.106049
1693.663000,-0.105050
1693.664000,-0.171721
1693.665000,-0.152929
1693.666000,-0.192063
1693.667000,-0.356032
1693.668000,-0.413087
1693.669000,-0.390630
1693.670000,-0.362900
1693.671000,-0.576325
1693.672000,-0.463453
1693.673000,-0.547999
1693.674000,-0.473489
1693.675000,-0.482573
1693.676000,-0.627594
1693.677000,-0.530459
1693.678000,-0.383735
1693.679000,-0.247724
1693.680000,-0.192113
1693.681000,-0.111187
1693.682000,-0.199376
1693.683000,-0.203270
1693.684000,-0.147804
1693.685000,-0.079375
1693.686000,0.003178
1693.687000,0.007427
1693.688000,0.008375
1693.689000,0.074486
1693.690000,0.109945
1693.691000,0.136718
1693.692000,0.107285
1693.693000,0.092756
1693.694000,0.012917
1693.695000,0.167879
1693.696000,0.045239
1693.697000,-0.033709
1693.698000,0.022745
1693.699000,0.264998
1693.700000,0.263982
1693.701000,0.273428
1693.702000,0.186399
1693.703000,0.268682
1693.704000,0.169890
1693.705000,0.226528
1693.706000,0.206845
1693.707000,0.238903
1693.708000,0.236470
1693.709000,0.131091
1693.710000,0.070477
1693.711000,0.155906
1693.712000,0.031795
1693.713000,0.068913
1693.714000,0.158677
1693.715000,-0.039565
1693.716000,0.099530
1693.717000,0.158130
1693.718000,0.210961
1693.719000,0.162877
1693.720000,0.167073
1693.721000,0.343921
1693.722000,0.308960
1693.723000,0.311755
1693.724000,0.404463
1693.725000,0.252094
1693.726000,0.309423
1693.727000,0.513916
1693.728000,0.460406
1693.729000,0.505438
1693.730000,0.450804
1693.731000,0.499825
1693.732000,0.335081
1693.733000,0.351498
1693.734000,0.397178
1693.735000,0.254191
1693.736000,0.304215
1693.737000,0.049808
1693.738000,0.050577
1693.739000,-0.090715
1693.740000,0.001540
1693.741000,-0.018645
1693.742000,-0.021378
1693.743000,-0.199496
1693.744000,-0.302802
1693.745000,-0.124084
1693.746000,-0.008540
1693.747000,0.118570
1693.748000,0.063695
1693.749000,-0.156848
1693.750000,-0.104673
1693.751000,-0.104598
1693.752000,-0.249196
1693.753000,-0.411656
1693.754000,-0.159323
1693.755000,-0.146469
1693.756000,-0.132353
1693.757000,-0.254269
1693.758000,-0.254415
1693.759000,-0.415695
1693.760000,-0.515886
1693.761000,-0.294941
1693.762000,0.001308
1693.763000,0.013395
1693.764000,0.027697
1693.765000,0.063371
1693.766000,-0.049578
1693.767000,-0.026999
1693.768000,0.065537
1693.769000,-0.057806
1693.770000,0.091758
1693.771000,0.048486
1693.772000,-0.007303
1693.773000,-0.003653
1693.774000,0.140127
1693.775000,0.085983
1693.776000,0.150045
1693.777000,-0.094984
1693.778000,-0.063312
1693.779000,-0.125082
1693.780000,-0.015498
1693.781000,-0.169301
1693.782000,-0.330588
1693.783000,-0.460120
1693.784000,-0.615947
1693.785000,-0.815376
1693.786000,-0.797775
1693.787000,-0.791984
1693.788000,-0.513034
1693.789000,-0.744482
1693.790000,-0.770827
1693.791000,-0.835855
1693.792000,-0.687449
1693.793000,-0.756995
1693.794000,-0.843899
1693.795000,-0.756022
1693.796000,-0.729931
1693.797000,-0.693200
1693.798000,-0.767032
1693.799000,-0.649409
1693.800000,-0.571365
1693.801000,-0.601071
1693.802000,-0.686344
1693.803000,-0.706430
1693.804000,-0.714755
1693.805000,-0.813108
1693.806000,-0.621218
1693.807000,-0.639159
1693.808000,-0.563882
1693.809000,-0.527686
1693.810000,-0.509021
1693.811000,-0.419055
1693.812000,-0.176000
1693.813000,-0.243771
1693.814000,-0.055974
1693.815000,0.015848
1693.816000,0.031229
1693.817000,0.093614
1693.818000,0.032990
1693.819000,0.146375
1693.820000,0.301820
1693.821000,0.257739
1693.822000,0.274010
1693.823000,0.380402
1693.824000,0.416082
1693.825000,0.502822
1693.826000,0.360066
1693.827000,0.344829
1693.828000,0.184371
1693.829000,0.358817
1693.830000,0.383108
1693.831000,0.368981
1693.832000,0.511408
1693.833000,0.539754
1693.834000,0.709134
1693.835000,0.686231
1693.836000,0.708711
1693.837000,0.729372
1693.838000,0.607545
1693.839000,0.644669
1693.840000,0.792523
1693.841000,0.720170
1693.842000,0.892753
1693.843000,0.960954
1693.844000,0.969561
1693.845000,0.863726
1693.846000,0.988781
1693.847000,0.955505
1693.848000,0.883617
1693.849000,0.960002
1693.850000,0.915427
1693.851000,1.104997
1693.852000,1.179321
1693.853000,1.233608
1693.854000,1.257931
1693.855000,1.147760
1693.856000,1.140021
1693.857000,1.025848
1693.858000,1.078166
1693.859000,1.068724
1693.860000,1.121729
1693.861000,1.166276
1693.862000,1.050413
1693.863000,1.142116
1693.864000,1.024065
1693.865000,0.960317
1693.866000,1.006515
1693.867000,1.091171
1693.868000,1.131268
1693.869000,1.263121
1693.870000,1.211522
1693.871000,1.201738
1693.872000,1.164231
1693.873000,1.149585
1693.874000,1.214167
1693.875000,1.215052
1693.876000,1.166945
1693.877000,1.049603
1693.878000,1.257319
1693.879000,1.285957
1693.880000,1.362723
1693.881000,1.162076
1693.882000,1.187484
1693.883000,1.099072
1693.884000,1.132532
1693.885000,1.136343
1693.886000,1.102366
1693.887000,1.242240
1693.888000,1.142476
1693.889000,1.039547
1693.890000,1.006871
1693.891000,0.829183
1693.892000,0.844631
1693.893000,1.134460
1693.894000,1.134163
1693.895000,1.216936
1693.896000,1.150775
1693.897000,1.055643
1693.898000,0.964246
1693.899000,0.952318
1693.900000,0.953624
1693.901000,0.804418
1693.902000,0.862167
1693.903000,1.090931
1693.904000,1.124666
1693.905000,1.164268
1693.906000,1.022108
1693.907000,1.108917
1693.908000,1.044618
1693.909000,1.012978
1693.910000,0.853522
1693.911000,0.907163
1693.912000,0.857770
1693.913000,0.676437
1693.914000,0.511164
1693.915000,0.492291
1693.916000,0.315727
1693.917000,0.239882
1693.918000,0.218575
1693.919000,0.128029
1693.920000,0.261810
1693.921000,0.201905
1693.922000,0.251459
1693.923000,0.184551
1693.924000,0.197572
1693.925000,0.226248
1693.926000,0.297747
1693.927000,0.204622
1693.928000,0.203878
1693.929000,0.065205
1693.930000,0.106089
1693.931000,0.107830
1693.932000,0.107950
1693.933000,-0.082924
1693.934000,-0.325429
1693.935000,-0.352154
1693.936000,-0.362628
1693.937000,-0.437517
1693.938000,-0.539027
1693.939000,-0.604286
1693.940000,-0.668775
1693.941000,-0.664421
1693.942000,-0.727621
1693.943000,-0.745272
1693.944000,-0.700777
1693.945000,-0.658850
1693.946000,-0.522971
1693.947000,-0.350968
1693.948000,-0.177376
1693.949000,-0.066489
1693.950000,0.092555
1693.951000,0.098682
1693.952000,0.109734
1693.953000,0.202930
1693.954000,0.166588
1693.955000,0.324264
1693.956000,0.272795
1693.957000,0.239519
1693.958000,0.150884
1693.959000,0.056596
1693.960000,0.113837
1693.961000,0.249094
1693.962000,0.173359
1693.963000,0.151523
1693.964000,0.139806
1693.965000,0.136448
1693.966000,0.246980
1693.967000,0.404026
1693.968000,0.378474
1693.969000,0.317187
1693.970000,0.317473
1693.971000,0.312162
1693.972000,0.278816
1693.973000,0.270960
1693.974000,0.130667
1693.975000,0.130670
1693.976000,-0.004376
1693.977000,-0.013312
1693.978000,-0.035547
1693.979000,-0.090742
1693.980000,-0.002424
1693.981000,-0.180381
1693.982000,-0.291362
1693.983000,-0.409665
1693.984000,-0.560603
1693.985000,-0.490995
1693.986000,-0.533560
1693.987000,-0.498175
1693.988000,-0.529027
1693.989000,-0.517109
1693.990000,-0.601560
1693.991000,-0.681967
1693.992000,-0.701085
1693.993000,-0.915469
1693.994000,-0.959479
1693.995000,-0.943697
1693.996000,-0.729183
1693.997000,-0.758186
1693.998000,-0.765213
1693.999000,-0.797817
1694.000000,-0.688719
1694.001000,-0.747135
1694.002000,-0.831088
1694.003000,-0.780908
1694.004000,-1.021125
1694.005000,-0.995433
1694.006000,-0.935510
1694.007000,-0.917288
1694.008000,-0.790727
1694.009000,-0.858606
1694.010000,-0.995023
1694.011000,-0.826272
1694.012000,-0.859686
1694.013000,-0.924130
1694.014000,-0.901688
1694.015000,-0.978172
1694.016000,-1.009857
1694.017000,-0.990706
1694.018000,-0.879117
1694.019000,-0.999441
1694.020000,-0.868374
1694.021000,-0.981698
1694.022000,-0.865636
1694.023000,-0.695709
1694.024000,-0.608537
1694.025000,-0.575924
1694.026000,-0.578532
1694.027000,-0.590375
1694.028000,-0.448189
1694.029000,-0.494571
1694.030000,-0.499042
1694.031000,-0.503579
1694.032000,-0.582417
1694.033000,-0.442363
1694.034000,-0.383473
1694.035000,-0.420208
1694.036000,-0.338325
1694.037000,-0.148677
1694.038000,-0.162831
1694.039000,-0.083979
1694.040000,-0.071307
1694.041000,-0.089054
1694.042000,-0.032214
1694.043000,-0.141345
1694.044000,-0.025167
1694.045000,0.039194
1694.046000,0.154748
1694.047000,0.214056
1694.048000,0.143869
1694.049000,0.029046
1694.050000,-0.001645
1694.051000,0.024274
1694.052000,-0.078234
1694.053000,0.040091
1694.054000,0.084586
1694.055000,0.134932
1694.056000,0.025722
1694.057000,0.083618
1694.058000,0.146660
1694.059000,0.274986
1694.060000,0.344928
1694.061000,0.396137
1694.062000,0.392003
1694.063000,0.388622
1694.064000,0.322522
1694.065000,0.245966
1694.066000,0.251313
1694.067000,0.335423
1694.068000,0.380399
1694.069000,0.495554
1694.070000,0.427918
1694.071000,0.393891
1694.072000,0.079812
1694.073000,0.169447
1694.074000,0.358222
1694.075000,0.369921
1694.076000,0.421667
1694.077000,0.579511
1694.078000,0.789165
1694.079000,0.928218
1694.080000,1.056529
1694.081000,1.097014
1694.082000,1.120402
1694.083000,0.906136
1694.084000,0.880286
1694.085000,0.720166
1694.086000,0.791180
1694.087000,0.689860
1694.088000,0.838729
1694.089000,0.637375
1694.090000,0.669875
1694.091000,0.737731
1694.092000,0.841771
1694.093000,0.858809
1694.094000,0.816172
1694.095000,0.883827
1694.096000,0.785750
1694.097000,0.632197
1694.098000,0.658853
1694.099000,0.629893
1694.100000,0.529202
1694.101000,0.524166
1694.102000,0.555511
1694.103000,0.702718
1694.104000,0.740168
1694.105000,0.556974
1694.106000,0.534633
1694.107000,0.585505
1694.108000,0.487201
1694.109000,0.606141
1694.110000,0.567197
1694.111000,0.524826
1694.112000,0.483259
1694.113000,0.388813
1694.114000,0.359345
1694.115000,0.323639
1694.116000,0.406601
1694.117000,0.399108
1694.118000,0.208417
1694.119000,0.215807
1694.120000,0.339030
1694.121000,0.236307
1694.122000,0.067342
1694.123000,0.103703
1694.124000,0.197504
1694.125000,-0.048457
1694.126000,-0.276407
1694.127000,-0.219136
1694.128000,-0.142778
1694.129000,-0.200536
1694.130000,-0.342800
1694.131000,-0.202628
1694.132000,-0.145511
1694.133000,-0.333118
1694.134000,-0.245685
1694.135000,-0.172562
1694.136000,-0.270407
1694.137000,-0.157147
1694.138000,-0.318099
1694.139000,-0.480779
1694.140000,-0.437457
1694.141000,-0.521613
1694.142000,-0.436667
1694.143000,-0.278800
1694.144000,-0.334597
1694.145000,-0.284041
1694.146000,-0.190870
1694.147000,-0.191958
1694.148000,-0.225898
1694.149000,-0.224526
1694.150000,-0.171010
1694.151000,-0.430755
1694.152000,-0.455004
1694.153000,-0.232040
1694.154000,-0.199662
1694.155000,-0.391113
1694.156000,-0.415833
1694.157000,-0.367458
1694.158000,-0.490308
1694.159000,-0.483446
1694.160000,-0.396530
1694.161000,-0.472888
1694.162000,-0.473659
1694.163000,-0.459923
1694.164000,-0.265559
1694.165000,-0.341895
1694.166000,-0.235801
1694.167000,-0.312237
1694.168000,-0.210680
1694.169000,-0.274917
1694.170000,-0.281306
1694.171000,-0.325334
1694.172000,-0.317246
1694.173000,-0.408023
1694.174000,-0.428165
1694.175000,-0.431953
1694.176000,-0.438931
1694.177000,-0.378970
1694.178000,-0.397643
1694.179000,-0.370818
1694.180000,-0.341179
1694.181000,-0.381058
1694.182000,-0.388010
1694.183000,-0.461866
1694.184000,-0.521890
1694.185000,-0.453201
1694.186000,-0.754379
1694.187000,-0.752455
1694.188000,-0.776911
1694.189000,-0.794804
1694.190000,-0.859964
1694.191000,-0.746861
1694.192000,-0.659440
1694.193000,-0.546127
1694.194000,-0.385012
1694.195000,-0.428702
1694.196000,-0.369838
1694.197000,-0.321851
1694.198000,-0.437997
1694.199000,-0.305329
1694.200000,-0.305540
1694.201000,-0.202901
1694.202000,-0.184349
1694.203000,-0.342208
1694.204000,-0.361137
1694.205000,-0.196527
1694.206000,-0.192185
1694.207000,-0.202087
1694.208000,-0.175526
1694.209000,-0.212401
1694.210000,-0.023287
1694.211000,0.046524
1694.212000,0.007272
1694.213000,0.144380
1694.214000,0.406851
1694.215000,0.417848
1694.216000,0.646573
1694.217000,0.557205
1694.218000,0.510399
1694.219000,0.383444
1694.220000,0.250367
1694.221000,0.226915
1694.222000,0.116876
1694.223000,0.064940
1694.224000,0.028677
1694.225000,0.135665
1694.226000,0.211223
1694.227000,0.079962
1694.228000,0.138372
1694.229000,0.034935
1694.230000,0.135503
1694.231000,0.255907
1694.232000,0.319507
1694.233000,0.376849
1694.234000,0.471070
1694.235000,0.619258
1694.236000,0.749466
1694.237000,0.592115
1694.238000,0.490610
1694.239000,0.409093
1694.240000,0.431085
1694.241000,0.469399
1694.242000,0.352494
1694.243000,0.311389
1694.244000,0.530050
1694.245000,0.538928
1694.246000,0.356356
1694.247000,0.367419
1694.248000,0.393691
1694.249000,0.257533
1694.250000,0.316059
1694.251000,0.122155
1694.252000,0.285969
1694.253000,0.282886
1694.254000,0.157920
1694.255000,0.090802
1694.256000,-0.000523
1694.257000,-0.099072
1694.258000,-0.237579
1694.259000,-0.200387
1694.260000,-0.216049
1694.261000,-0.308918
1694.262000,-0.393050
1694.263000,-0.354015
1694.264000,-0.400808
1694.265000,-0.372296
1694.266000,-0.419380
1694.267000,-0.289572
1694.268000,-0.228069
1694.269000,-0.080559
1694.270000,-0.043657
1694.271000,-0.108346
1694.272000,0.018304
1694.273000,-0.107403
1694.274000,-0.192249
1694.275000,0.041887
1694.276000,0.098447
1694.277000,0.275436
1694.278000,0.428826
1694.279000,0.328017
1694.280000,0.123048
1694.281000,0.056283
1694.282000,0.083370
1694.283000,0.036804
1694.284000,-0.211514
1694.285000,-0.298304
1694.286000,-0.250585
1694.287000,-0.115348
1694.288000,-0.085844
1694.289000,-0.118336
1694.290000,-0.126363
1694.291000,-0.158318
1694.292000,-0.181191
1694.293000,-0.203652
1694.294000,-0.177562
1694.295000,-0.164370
1694.296000,-0.330446
1694.297000,-0.182821
1694.298000,-0.245965
1694.299000,-0.147049
1694.300000,-0.116102
1694.301000,-0.237825
1694.302000,-0.189203
1694.303000,-0.097360
1694.304000,-0.111495
1694.305000,-0.181943
1694.306000,-0.134251
1694.307000,-0.036508
1694.308000,-0.168303
1694.309000,-0.259919
1694.310000,-0.284140
1694.311000,-0.353658
1694.312000,-0.406228
1694.313000,-0.481247
1694.314000,-0.492638
1694.315000,-0.340421
1694.316000,-0.321371
1694.317000,-0.324188
1694.318000,-0.177731
1694.319000,-0.075599
1694.320000,-0.099865
1694.321000,-0.053411
1694.322000,-0.047462
1694.323000,0.002222
1694.324000,-0.078734
1694.325000,-0.081695
1694.326000,-0.029999
1694.327000,0.108759
1694.328000,0.218712
1694.329000,0.074754
1694.330000,-0.036628
1694.331000,-0.120844
1694.332000,-0.084793
1694.333000,-0.101564
1694.334000,-0.244701
1694.335000,-0.235454
1694.336000,-0.118674
1694.337000,-0.287570
1694.338000,-0.131115
1694.339000,-0.116200
1694.340000,0.194526
1694.341000,0.210433
1694.342000,0.354906
1694.343000,0.448688
1694.344000,0.423262
1694.345000,0.260118
1694.346000,0.176392
1694.347000,0.282934
1694.348000,0.144223
1694.349000,0.062357
1694.350000,0.020502
1694.351000,-0.037629
1694.352000,-0.159288
1694.353000,0.037931
1694.354000,0.060431
1694.355000,0.077417
1694.356000,0.181388
1694.357000,0.256596
1694.358000,0.212612
1694.359000,0.239015
1694.360000,0.265878
1694.361000,0.159508
1694.362000,0.124260
1694.363000,0.010174
1694.364000,-0.055406
1694.365000,-0.000945
1694.366000,-0.065519
1694.367000,0.028462
1694.368000,-0.101878
1694.369000,-0.160364
1694.370000,-0.234306
1694.371000,-0.196265
1694.372000,-0.306663
1694.373000,-0.389320
1694.374000,-0.411693
1694.375000,-0.399985
1694.376000,-0.391315
1694.377000,-0.248204
1694.378000,-0.090920
1694.379000,-0.213450
1694.380000,-0.329370
1694.381000,-0.275185
1694.382000,-0.219204
1694.383000,-0.126460
1694.384000,-0.021063
1694.385000,-0.095465
1694.386000,-0.112685
1694.387000,-0.282536
1694.388000,-0.308967
1694.389000,-0.313320
1694.390000,-0.250416
1694.391000,-0.256478
1694.392000,-0.266692
1694.393000,-0.407727
1694.394000,-0.336092
1694.395000,-0.458639
1694.396000,-0.449450
1694.397000,-0.410231
1694.398000,-0.402881
1694.399000,-0.328137
1694.400000,-0.280143
1694.401000,-0.092480
1694.402000,0.010971
1694.403000,0.100202
1694.404000,0.034700
1694.405000,-0.047435
1694.406000,0.089375
1694.407000,-0.062793
1694.408000,-0.074475
1694.409000,-0.122349
1694.410000,0.079070
1694.411000,0.155800
1694.412000,0.214060
1694.413000,0.286054
1694.414000,0.389247
1694.415000,0.192234
1694.416000,0.096348
1694.417000,0.019880
1694.418000,0.039129
1694.419000,0.162611
1694.420000,0.188915
1694.421000,0.326462
1694.422000,0.161917
1694.423000,0.106061
1694.424000,0.158094
1694.425000,0.113775
1694.426000,-0.042141
1694.427000,0.020486
1694.428000,0.031530
1694.429000,-0.009025
1694.430000,-0.029809
1694.431000,-0.052410
1694.432000,-0.013121
1694.433000,0.020271
1694.434000,0.122486
1694.435000,0.017923
1694.436000,-0.083283
1694.437000,-0.161474
1694.438000,-0.016111
1694.439000,0.040371
1694.440000,0.104749
1694.441000,0.098006
1694.442000,0.072915
1694.443000,-0.024675
1694.444000,-0.003599
1694.445000,-0.016573
1694.446000,-0.354517
1694.447000,-0.282773
1694.448000,-0.369900
1694.449000,-0.377114
1694.450000,-0.251775
1694.451000,-0.371260
1694.452000,-0.373344
1694.453000,-0.466594
1694.454000,-0.440996
1694.455000,-0.535880
1694.456000,-0.576554
1694.457000,-0.582522
1694.458000,-0.524581
1694.459000,-0.401590
1694.460000,-0.395906
1694.461000,-0.366752
1694.462000,-0.253995
1694.463000,-0.200400
1694.464000,-0.089429
1694.465000,0.021666
1694.466000,0.070107
1694.467000,0.114592
1694.468000,0.344360
1694.469000,0.366845
1694.470000,0.272782
1694.471000,0.152817
1694.472000,0.162919
1694.473000,0.047070
1694.474000,-0.108328
1694.475000,0.093026
1694.476000,0.202937
1694.477000,0.154627
1694.478000,0.293015
1694.479000,0.306016
1694.480000,0.374816
1694.481000,0.362452
1694.482000,0.571590
1694.483000,0.524896
1694.484000,0.553259
1694.485000,0.485849
1694.486000,0.457211
1694.487000,0.213742
1694.488000,0.066318
1694.489000,0.154041
1694.490000,0.137119
1694.491000,0.046501
1694.492000,-0.049156
1694.493000,-0.100931
1694.494000,-0.168318
1694.495000,-0.270181
1694.496000,-0.185099
1694.497000,-0.235997
1694.498000,-0.039073
1694.499000,-0.080208
1694.500000,-0.017935
1694.501000,0.011601
1694.502000,-0.093592
1694.503000,0.015786
1694.504000,0.035447
1694.505000,-0.092580
1694.506000,0.002122
1694.507000,-0.078182
1694.508000,-0.108717
1694.509000,-0.055256
1694.510000,0.031609
1694.511000,-0.034415
1694.512000,0.039949
1694.513000,-0.078569
1694.514000,0.033296
1694.515000,-0.090462
1694.516000,-0.041913
1694.517000,0.023403
1694.518000,0.193721
1694.519000,0.108181
1694.520000,0.118386
1694.521000,-0.056802
1694.522000,-0.016305
1694.523000,0.085027
1694.524000,0.104733
1694.525000,0.259567
1694.526000,0.336130
1694.527000,0.482409
1694.528000,0.311133
1694.529000,0.227919
1694.530000,0.397273
1694.531000,0.397804
1694.532000,0.238453
1694.533000,0.146821
1694.534000,0.095637
1694.535000,0.053236
1694.536000,0.180713
1694.537000,0.221610
1694.538000,0.502166
1694.539000,0.662680
1694.540000,0.562729
1694.541000,0.662608
1694.542000,0.479661
1694.543000,0.368786
1694.544000,0.337614
1694.545000,0.421755
1694.546000,0.470843
1694.547000,0.539728
1694.548000,0.594004
1694.549000,0.670060
1694.550000,0.499350
1694.551000,0.571119
1694.552000,0.460186
1694.553000,0.590658
1694.554000,0.300907
1694.555000,0.347739
1694.556000,0.110483
1694.557000,-0.020200
1694.558000,-0.027727
1694.559000,-0.089802
1694.560000,-0.204476
1694.561000,-0.067794
1694.562000,0.120598
1694.563000,0.008796
1694.564000,0.250004
1694.565000,0.286117
1694.566000,0.137218
1694.567000,0.176180
1694.568000,0.244393
1694.569000,0.153953
1694.570000,0.108699
1694.571000,0.125845
1694.572000,0.305238
1694.573000,0.187604
1694.574000,0.270464
1694.575000,0.180547
1694.576000,0.204049
1694.577000,0.240699
1694.578000,0.297075
1694.579000,0.432747
1694.580000,0.301427
1694.581000,0.305696
1694.582000,0.319055
1694.583000,0.460185
1694.584000,0.455626
1694.585000,0.363612
1694.586000,0.397090
1694.587000,0.514175
1694.588000,0.644852
1694.589000,0.534155
1694.590000,0.482021
1694.591000,0.310309
1694.592000,0.272185
1694.593000,0.404433
1694.594000,0.425447
1694.595000,0.401298
1694.596000,0.493805
1694.597000,0.702089
1694.598000,0.683133
1694.599000,0.720116
1694.600000,0.799458
1694.601000,0.809405
1694.602000,0.719367
1694.603000,0.639755
1694.604000,0.616220
1694.605000,0.658695
1694.606000,0.618521
1694.607000,0.738415
1694.608000,0.840558
1694.609000,1.005823
1694.610000,0.901958
1694.611000,0.687718
1694.612000,0.712787
1694.613000,0.599658
1694.614000,0.506774
1694.615000,0.410258
1694.616000,0.460393
1694.617000,0.594496
1694.618000,0.722776
1694.619000,0.815416
1694.620000,0.820834
1694.621000,0.899000
1694.622000,0.861896
1694.623000,0.670991
1694.624000,0.549168
1694.625000,0.585107
1694.626000,0.411457
1694.627000,0.224867
1694.628000,0.211079
1694.629000,0.186618
1694.630000,0.096582
1694.631000,0.078055
1694.632000,0.445591
1694.633000,0.414574
1694.634000,0.410357
1694.635000,0.335251
1694.636000,0.241241
1694.637000,0.479941
1694.638000,0.391594
1694.639000,0.303697
1694.640000,0.436750
1694.641000,0.448818
1694.642000,0.243434
1694.643000,0.156886
1694.644000,0.259760
1694.645000,0.284067
1694.646000,0.176428
1694.647000,0.134955
1694.648000,0.035734
1694.649000,-0.184855
1694.650000,-0.280671
1694.651000,-0.373100
1694.652000,-0.243781
1694.653000,-0.330532
1694.654000,-0.433585
1694.655000,-0.309937
1694.656000,-0.320307
1694.657000,-0.279419
1694.658000,-0.403921
1694.659000,-0.360328
1694.660000,-0.368096
1694.661000,-0.412641
1694.662000,-0.509163
1694.663000,-0.462467
1694.664000,-0.383082
1694.665000,-0.352887
1694.666000,-0.241934
1694.667000,-0.146357
1694.668000,-0.297163
1694.669000,-0.415274
1694.670000,-0.335430
1694.671000,-0.254990
1694.672000,-0.212719
1694.673000,-0.193129
1694.674000,-0.259129
1694.675000,-0.185008
1694.676000,-0.180296
1694.677000,-0.224003
1694.678000,-0.262140
1694.679000,-0.134873
1694.680000,0.075086
1694.681000,-0.057949
1694.682000,-0.164828
1694.683000,-0.105802
1694.684000,-0.252259
1694.685000,-0.236635
1694.686000,-0.345918
1694.687000,-0.339545
1694.688000,-0.192875
1694.689000,-0.129762
1694.690000,-0.169882
1694.691000,-0.379329
1694.692000,-0.178849
1694.693000,-0.074375
1694.694000,-0.129988
1694.695000,-0.163335
1694.696000,-0.023661
1694.697000,-0.014034
1694.698000,-0.041209
1694.699000,-0.259013
1694.700000,-0.273254
1694.701000,-0.246825
1694.702000,-0.352976
1694.703000,-0.521192
1694.704000,-0.454745
1694.705000,-0.293881
1694.706000,-0.360538
1694.707000,-0.428425
1694.708000,-0.308234
1694.709000,-0.307217
1694.710000,-0.251355
1694.711000,-0.300911
1694.712000,-0.361208
1694.713000,-0.352966
1694.714000,-0.439315
1694.715000,-0.524899
1694.716000,-0.653615
1694.717000,-0.686752
1694.718000,-0.793498
1694.719000,-0.689878
1694.720000,-0.938854
1694.721000,-0.979356
1694.722000,-0.976138
1694.723000,-0.664602
1694.724000,-0.571160
1694.725000,-0.327240
1694.726000,-0.212330
1694.727000,-0.285004
1694.728000,-0.089383
1694.729000,-0.085388
1694.730000,-0.038056
1694.731000,-0.047195
1694.732000,-0.091539
1694.733000,-0.045065
1694.734000,-0.069561
1694.735000,-0.057160
1694.736000,0.017633
1694.737000,0.102341
1694.738000,0.114348
1694.739000,0.197184
1694.740000,-0.093537
1694.741000,0.023520
1694.742000,-0.036600
1694.743000,-0.013974
1694.744000,-0.074430
1694.745000,-0.079733
1694.746000,-0.078521
1694.747000,-0.181736
1694.748000,-0.174204
1694.749000,-0.242569
1694.750000,-0.232476
1694.751000,-0.116799
1694.752000,0.044061
1694.753000,-0.033308
1694.754000,-0.033417
1694.755000,0.105706
1694.756000,0.110833
1694.757000,0.107290
1694.758000,0.126352
1694.759000,0.144526
1694.760000,0.087620
1694.761000,-0.171662
1694.762000,-0.430355
1694.763000,-0.407694
1694.764000,-0.326366
1694.765000,-0.267789
1694.766000,-0.206303
1694.767000,-0.513005
1694.768000,-0.529004
1694.769000,-0.613619
1694.770000,-0.739182
1694.771000,-0.706674
1694.772000,-0.804921
1694.773000,-0.959797
1694.774000,-0.919194
1694.775000,-1.014828
1694.776000,-1.013284
1694.777000,-0.985577
1694.778000,-1.079747
1694.779000,-0.987018
1694.780000,-1.075959
1694.781000,-1.003048
1694.782000,-0.709853
1694.783000,-0.586329
1694.784000,-0.646263
1694.785000,-0.755983
1694.786000,-0.757539
1694.787000,-0.714171
1694.788000,-0.779069
1694.789000,-0.654282
1694.790000,-0.595753
1694.791000,-0.486679
1694.792000,-0.659826
1694.793000,-0.850094
1694.794000,-0.802669
1694.795000,-0.728500
1694.796000,-0.940114
1694.797000,-0.986565
1694.798000,-1.129637
1694.799000,-1.193197
1694.800000,-0.969064
1694.801000,-0.996052
1694.802000,-0.838346
1694.803000,-0.731634
1694.804000,-0.820291
1694.805000,-0.644908
1694.806000,-0.763944
1694.807000,-0.675376
1694.808000,-0.684298
1694.809000,-0.793678
1694.810000,-0.724762
1694.811000,-0.771134
1694.812000,-0.660359
1694.813000,-0.640757
1694.814000,-0.609564
1694.815000,-0.450789
1694.816000,-0.385549
1694.817000,-0.433046
1694.818000,-0.480309
1694.819000,-0.415555
1694.820000,-0.540699
1694.821000,-0.636800
1694.822000,-0.481771
1694.823000,-0.471265
1694.824000,-0.484658
1694.825000,-0.286055
1694.826000,-0.253596
1694.827000,-0.297267
1694.828000,-0.244409
1694.829000,-0.298895
1694.830000,-0.199681
1694.831000,-0.276112
1694.832000,-0.149276
1694.833000,0.082241
1694.834000,0.148663
1694.835000,0.265457
1694.836000,0.440225
1694.837000,0.473949
1694.838000,0.530786
1694.839000,0.545644
1694.840000,0.402848
1694.841000,0.312458
1694.842000,0.403167
1694.843000,0.207189
1694.844000,0.041369
1694.845000,0.097457
1694.846000,0.010754
1694.847000,0.041523
1694.848000,0.066464
1694.849000,0.076478
1694.850000,0.238117
1694.851000,0.294396
1694.852000,0.208101
1694.853000,0.363545
1694.854000,0.371789
1694.855000,0.559555
1694.856000,0.411415
1694.857000,0.229893
1694.858000,0.487486
1694.859000,0.628170
1694.860000,0.729376
1694.861000,0.585199
1694.862000,0.494944
1694.863000,0.510374
1694.864000,0.459539
1694.865000,0.579267
1694.866000,0.649022
1694.867000,0.696494
1694.868000,0.735836
1694.869000,0.726500
1694.870000,0.582700
1694.871000,0.479048
1694.872000,0.513335
1694.873000,0.562577
1694.874000,0.530276
1694.875000,0.624699
1694.876000,0.567501
1694.877000,0.281691
1694.878000,0.385157
1694.879000,0.505639
1694.880000,0.443741
1694.881000,0.322059
1694.882000,0.435411
1694.883000,0.431635
1694.884000,0.544905
1694.885000,0.556762
1694.886000,0.593386
1694.887000,0.723137
1694.888000,0.701471
1694.889000,0.651217
1694.890000,0.531248
1694.891000,0.668378
1694.892000,0.447572
1694.893000,0.440638
1694.894000,0.520701
1694.895000,0.522670
1694.896000,0.443314
1694.897000,0.504522
1694.898000,0.582000
1694.899000,0.691719
1694.900000,0.851996
1694.901000,0.902642
1694.902000,1.003059
1694.903000,1.089485
1694.904000,1.277520
1694.905000,0.969449
1694.906000,0.894130
1694.907000,0.824110
1694.908000,0.911997
1694.909000,0.722494
1694.910000,0.698675
1694.911000,0.864293
1694.912000,0.677528
1694.913000,0.514190
1694.914000,0.433158
1694.915000,0.504458
1694.916000,0.425591
1694.917000,0.300475
1694.918000,0.223180
1694.919000,0.289846
1694.920000,0.182461
1694.921000,0.283323
1694.922000,0.164373
1694.923000,-0.003365
1694.924000,0.078462
1694.925000,0.194680
1694.926000,0.215606
1694.927000,0.349857
1694.928000,0.381306
1694.929000,0.333784
1694.930000,0.223592
1694.931000,0.088748
1694.932000,0.114184
1694.933000,0.174721
1694.934000,0.301604
1694.935000,0.314341
1694.936000,0.313784
1694.937000,0.352980
1694.938000,0.283547
1694.939000,0.429620
1694.940000,0.296448
1694.941000,0.405784
1694.942000,0.364197
1694.943000,0.410827
1694.944000,0.377787
1694.945000,0.218616
1694.946000,0.210174
1694.947000,0.038115
1694.948000,0.129295
1694.949000,0.013056
1694.950000,0.011370
1694.951000,0.003055
1694.952000,-0.067555
1694.953000,-0.197888
1694.954000,-0.071747
1694.955000,-0.127655
1694.956000,-0.206441
1694.957000,0.015423
1694.958000,-0.091335
1694.959000,-0.203975
1694.960000,-0.180248
1694.961000,-0.071742
1694.962000,-0.278737
1694.963000,-0.243579
1694.964000,-0.283527
1694.965000,-0.445090
1694.966000,-0.511519
1694.967000,-0.617159
1694.968000,-0.722801
1694.969000,-0.638228
1694.970000,-0.537685
1694.971000,-0.473079
1694.972000,-0.530912
1694.973000,-0.461264
1694.974000,-0.309057
1694.975000,-0.360107
1694.976000,-0.316690
1694.977000,-0.261615
1694.978000,-0.179794
1694.979000,-0.249786
1694.980000,-0.352634
1694.981000,-0.299953
1694.982000,-0.343456
1694.983000,-0.415389
1694.984000,-0.345820
1694.985000,-0.326896
1694.986000,-0.348408
1694.987000,-0.212221
1694.988000,-0.260727
1694.989000,-0.307035
1694.990000,-0.351740
1694.991000,-0.518654
1694.992000,-0.478327
1694.993000,-0.390381
1694.994000,-0.363941
1694.995000,-0.252569
1694.996000,-0.455740
1694.997000,-0.214651
1694.998000,-0.151109
1694.999000,0.241293
1695.000000,0.399234
1695.001000,0.327128
1695.002000,0.292150
1695.003000,0.265323
1695.004000,0.355387
1695.005000,0.198868
1695.006000,0.226497
1695.007000,0.425806
1695.008000,0.367098
1695.009000,0.405011
1695.010000,0.514321
1695.011000,0.515803
1695.012000,0.431365
1695.013000,0.503718
1695.014000,0.565449
1695.015000,0.485689
1695.016000,0.547930
1695.017000,0.490294
1695.018000,0.593096
1695.019000,0.495667
1695.020000,0.230189
1695.021000,0.293637
1695.022000,0.242182
1695.023000,0.245340
1695.024000,0.211606
1695.025000,0.162802
1695.026000,0.042578
1695.027000,-0.014659
1695.028000,0.031348
1695.029000,-0.021790
1695.030000,-0.001960
1695.031000,-0.047616
1695.032000,-0.098854
1695.033000,-0.264897
1695.034000,-0.212916
1695.035000,-0.276875
1695.036000,-0.233278
1695.037000,-0.303767
1695.038000,-0.208649
1695.039000,-0.216825
1695.040000,-0.363589
1695.041000,-0.334395
1695.042000,-0.459692
1695.043000,-0.523914
1695.044000,-0.590807
1695.045000,-0.583002
1695.046000,-0.557430
1695.047000,-0.537037
1695.048000,-0.566607
1695.049000,-0.607877
1695.050000,-0.557079
1695.051000,-0.477361
1695.052000,-0.577349
1695.053000,-0.458419
1695.054000,-0.393564
1695.055000,-0.489575
1695.056000,-0.340841
1695.057000,-0.218343
1695.058000,-0.346873
1695.059000,-0.301374
1695.060000,-0.223160
1695.061000,-0.175325
1695.062000,-0.193606
1695.063000,-0.220000
1695.064000,-0.332552
1695.065000,-0.303870
1695.066000,-0.330420
1695.067000,-0.493572
1695.068000,-0.485796
1695.069000,-0.333949
1695.070000,-0.378489
1695.071000,-0.423850
1695.072000,-0.382245
1695.073000,-0.533303
1695.074000,-0.559748
1695.075000,-0.540804
1695.076000,-0.648310
1695.077000,-0.630219
1695.078000,-0.537618
1695.079000,-0.486714
1695.080000,-0.489858
1695.081000,-0.350839
1695.082000,-0.233165
1695.083000,-0.065082
1695.084000,-0.253747
1695.085000,-0.104393
1695.086000,-0.003890
1695.087000,0.114580
1695.088000,0.171817
1695.089000,0.206574
1695.090000,0.157900
1695.091000,0.147422
1695.092000,0.088171
1695.093000,-0.008341
1695.094000,0.182079
1695.095000,0.235921
1695.096000,0.125313
1695.097000,0.062599
1695.098000,0.159569
1695.099000,0.255927
1695.100000,0.299874
1695.101000,0.354525
1695.102000,0.428660
1695.103000,0.450978
1695.104000,0.520425
1695.105000,0.374958
1695.106000,0.673069
1695.107000,0.686579
1695.108000,0.823066
1695.109000,0.830112
1695.110000,1.006468
1695.111000,0.985594
1695.112000,1.044914
1695.113000,0.980419
1695.114000,0.991652
1695.115000,1.051517
1695.116000,1.155360
1695.117000,1.292936
1695.118000,1.249426
1695.119000,1.293251
1695.120000,1.237518
1695.121000,1.203439
1695.122000,1.048261
1695.123000,1.023558
1695.124000,0.959931
1695.125000,0.868844
1695.126000,0.774481
1695.127000,0.806581
1695.128000,0.841793
1695.129000,0.926647
1695.130000,0.843325
1695.131000,0.919215
1695.132000,0.984318
1695.133000,0.830774
1695.134000,0.855718
1695.135000,0.840907
1695.136000,0.972556
1695.137000,0.998514
1695.138000,1.051134
1695.139000,0.894579
1695.140000,0.980207
1695.141000,0.798109
1695.142000,0.769446
1695.143000,0.702324
1695.144000,0.599205
1695.145000,0.581966
1695.146000,0.709701
1695.147000,0.738270
1695.148000,0.848265
1695.149000,0.974961
1695.150000,1.104579
1695.151000,0.979690
1695.152000,0.928574
1695.153000,1.008176
1695.154000,0.975293
1695.155000,0.724580
1695.156000,0.538665
1695.157000,0.310131
1695.158000,0.331082
1695.159000,0.393733
1695.160000,0.289875
1695.161000,0.230710
1695.162000,0.206175
1695.163000,0.064512
1695.164000,-0.053232
1695.165000,-0.080009
1695.166000,0.039693
1695.167000,-0.015648
1695.168000,-0.021627
1695.169000,-0.102075
1695.170000,-0.133924
1695.171000,-0.123703
1695.172000,-0.123601
1695.173000,-0.265088
1695.174000,-0.163922
1695.175000,0.004479
1695.176000,-0.077028
1695.177000,-0.239980
1695.178000,-0.107638
1695.179000,-0.049813
1695.180000,-0.043628
1695.181000,-0.160251
1695.182000,-0.103495
1695.183000,-0.162158
1695.184000,-0.056501
1695.185000,0.044941
1695.186000,-0.131789
1695.187000,0.058634
1695.188000,0.010156
1695.189000,-0.049002
1695.190000,-0.035700
1695.191000,-0.039033
1695.192000,-0.189632
1695.193000,-0.182268
1695.194000,-0.176547
1695.195000,-0.391383
1695.196000,-0.439864
1695.197000,-0.495372
1695.198000,-0.353918
1695.199000,-0.312454
1695.200000,-0.193980
1695.201000,-0.126506
1695.202000,-0.218458
1695.203000,-0.239161
1695.204000,-0.388824
1695.205000,-0.455492
1695.206000,-0.741586
1695.207000,-0.808648
1695.208000,-0.867066
1695.209000,-0.903375
1695.210000,-0.806522
1695.211000,-0.721255
1695.212000,-0.732732
1695.213000,-0.853620
1695.214000,-0.818004
1695.215000,-0.711924
1695.216000,-0.796109
1695.217000,-0.577944
1695.218000,-0.448804
1695.219000,-0.328625
1695.220000,-0.271007
1695.221000,-0.442575
1695.222000,-0.350025
1695.223000,-0.381759
1695.224000,-0.309802
1695.225000,-0.327228
1695.226000,-0.236466
1695.227000,-0.228615
1695.228000,-0.110612
1695.229000,0.047437
1695.230000,-0.106423
1695.231000,-0.096363
1695.232000,-0.122909
1695.233000,0.000420
1695.234000,-0.025135
1695.235000,-0.065179
1695.236000,-0.214123
1695.237000,-0.203994
1695.238000,-0.134052
1695.239000,-0.162750
1695.240000,-0.108370
1695.241000,-0.058175
1695.242000,-0.119049
1695.243000,-0.169424
1695.244000,-0.153902
1695.245000,-0.202882
1695.246000,-0.111249
1695.247000,-0.072688
1695.248000,0.036481
1695.249000,-0.093982
1695.250000,0.094734
1695.251000,0.084822
1695.252000,0.053582
1695.253000,-0.023038
1695.254000,-0.007598
1695.255000,0.056321
1695.256000,0.104170
1695.257000,0.051596
1695.258000,0.179678
1695.259000,0.106118
1695.260000,-0.112390
1695.261000,-0.186986
1695.262000,-0.467730
1695.263000,-0.391560
1695.264000,-0.328695
1695.265000,-0.410261
1695.266000,-0.481972
1695.267000,-0.456665
1695.268000,-0.376670
1695.269000,-0.598159
1695.270000,-0.830074
1695.271000,-0.774282
1695.272000,-0.683973
1695.273000,-0.592742
1695.274000,-0.354004
1695.275000,-0.277793
1695.276000,-0.229563
1695.277000,-0.193539
1695.278000,-0.177461
1695.279000,-0.212798
1695.280000,-0.072012
1695.281000,-0.086451
1695.282000,0.017697
1695.283000,0.006157
1695.284000,0.072625
1695.285000,0.141335
1695.286000,0.033334
1695.287000,0.128081
1695.288000,0.148803
1695.289000,0.110382
1695.290000,-0.034150
1695.291000,-0.265688
1695.292000,-0.198394
1695.293000,-0.229936
1695.294000,-0.149325
1695.295000,-0.262624
1695.296000,-0.179367
1695.297000,-0.116989
1695.298000,-0.081475
1695.299000,-0.126852
1695.300000,0.025746
1695.301000,0.094447
1695.302000,0.043559
1695.303000,-0.024651
1695.304000,0.112505
1695.305000,0.103225
1695.306000,0.122458
1695.307000,0.046516
1695.308000,0.082956
1695.309000,0.105450
1695.310000,0.009407
1695.311000,-0.056500
1695.312000,-0.065059
1695.313000,-0.289422
1695.314000,-0.228026
1695.315000,-0.412410
1695.316000,-0.454724
1695.317000,-0.279950
1695.318000,-0.463515
1695.319000,-0.632387
1695.320000,-0.883154
1695.321000,-1.019458
1695.322000,-1.063623
1695.323000,-1.052948
1695.324000,-1.042794
1695.325000,-1.153847
1695.326000,-1.130807
1695.327000,-1.308261
1695.328000,-1.311458
1695.329000,-1.335970
1695.330000,-1.081564
1695.331000,-1.087811
1695.332000,-1.042500
1695.333000,-1.083330
1695.334000,-1.045309
1695.335000,-0.871438
1695.336000,-0.922596
1695.337000,-0.852382
1695.338000,-0.855808
1695.339000,-0.829789
1695.340000,-0.783020
1695.341000,-0.576888
1695.342000,-0.569788
1695.343000,-0.425508
1695.344000,-0.570519
1695.345000,-0.523238
1695.346000,-0.593881
1695.347000,-0.708904
1695.348000,-0.706545
1695.349000,-0.834904
1695.350000,-0.619453
1695.351000,-0.599864
1695.352000,-0.756222
1695.353000,-0.787678
1695.354000,-0.674058
1695.355000,-0.859837
1695.356000,-0.875245
1695.357000,-0.841954
1695.358000,-0.885800
1695.359000,-0.922948
1695.360000,-0.824778
1695.361000,-0.835414
1695.362000,-0.529758
1695.363000,-0.581638
1695.364000,-0.571075
1695.365000,-0.589687
1695.366000,-0.695612
1695.367000,-0.739043
1695.368000,-0.551183
1695.369000,-0.394749
1695.370000,-0.356806
1695.371000,-0.367554
1695.372000,-0.149152
1695.373000,-0.077462
1695.374000,-0.044697
1695.375000,0.042585
1695.376000,0.104622
1695.377000,0.112806
1695.378000,0.091193
1695.379000,0.150013
1695.380000,0.080960
1695.381000,0.047203
1695.382000,0.116438
1695.383000,0.173109
1695.384000,0.064995
1695.385000,0.284097
1695.386000,0.541513
1695.387000,0.589486
1695.388000,0.658034
1695.389000,0.606931
1695.390000,0.579973
1695.391000,0.690327
1695.392000,0.682291
1695.393000,0.859360
1695.394000,0.703167
1695.395000,0.749762
1695.396000,0.863226
1695.397000,1.037968
1695.398000,1.043732
1695.399000,1.010584
1695.400000,1.082594
1695.401000,1.063725
1695.402000,1.149896
1695.403000,1.033601
1695.404000,1.146482
1695.405000,1.080899
1695.406000,1.011925
1695.407000,1.121439
1695.408000,1.214450
1695.409000,1.012490
1695.410000,1.029997
1695.411000,1.105100
1695.412000,1.180106
1695.413000,1.303367
1695.414000,1.337169
1695.415000,1.354817
1695.416000,1.338102
1695.417000,1.330006
1695.418000,1.367466
1695.419000,1.337219
1695.420000,1.256278
1695.421000,1.308184
1695.422000,1.342736
1695.423000,1.301616
1695.424000,1.081119
1695.425000,0.973662
1695.426000,0.938249
1695.427000,0.995788
1695.428000,0.898336
1695.429000,1.006581
1695.430000,1.034488
1695.431000,0.957655
1695.432000,0.722463
1695.433000,0.721197
1695.434000,0.671414
1695.435000,0.437117
1695.436000,0.470698
1695.437000,0.318342
1695.438000,0.315649
1695.439000,0.247713
1695.440000,0.202818
1695.441000,0.189670
1695.442000,0.126743
1695.443000,0.062409
1695.444000,0.103277
1695.445000,0.042264
1695.446000,-0.081880
1695.447000,-0.072681
1695.448000,0.029172
1695.449000,0.082887
1695.450000,0.090269
1695.451000,0.028533
1695.452000,-0.110860
1695.453000,0.106719
1695.454000,0.134745
1695.455000,-0.025069
1695.456000,-0.072590
1695.457000,-0.164235
1695.458000,-0.075940
1695.459000,-0.120950
1695.460000,0.027206
1695.461000,0.033291
1695.462000,0.229268
1695.463000,0.191589
1695.464000,0.081651
1695.465000,0.021192
1695.466000,0.068725
1695.467000,0.086045
1695.468000,0.129485
1695.469000,0.055130
1695.470000,0.165865
1695.471000,-0.013184
1695.472000,0.037314
1695.473000,-0.066237
1695.474000,0.037374
1695.475000,0.078674
1695.476000,0.028141
1695.477000,0.111614
1695.478000,0.010864
1695.479000,0.179136
1695.480000,0.174633
1695.481000,0.217017
1695.482000,0.132163
1695.483000,-0.002268
1695.484000,-0.023321
1695.485000,0.015881
1695.486000,0.058589
1695.487000,0.097791
1695.488000,0.126841
1695.489000,0.210217
1695.490000,0.195674
1695.491000,0.098453
1695.492000,-0.021576
1695.493000,-0.050942
1695.494000,-0.049768
1695.495000,0.009722
1695.496000,0.004711
1695.497000,0.036556
1695.498000,-0.162459
1695.499000,-0.172940
1695.500000,-0.240573
1695.501000,-0.167632
1695.502000,-0.227163
1695.503000,-0.096035
1695.504000,-0.232518
1695.505000,-0.183900
1695.506000,-0.177308
1695.507000,-0.072891
1695.508000,0.078130
1695.509000,0.078030
1695.510000,-0.009249
1695.511000,-0.001954
1695.512000,-0.064084
1695.513000,-0.045776
1695.514000,0.032452
1695.515000,0.026746
1695.516000,-0.132889
1695.517000,-0.164839
1695.518000,-0.078084
1695.519000,0.207854
1695.520000,0.121167
1695.521000,0.265985
1695.522000,0.377777
1695.523000,0.362506
1695.524000,0.427702
1695.525000,0.307754
1695.526000,0.227961
1695.527000,0.296229
1695.528000,0.203912
1695.529000,0.254061
1695.530000,0.148483
1695.531000,-0.001070
1695.532000,0.155112
1695.533000,0.254713
1695.534000,0.175535
1695.535000,0.255781
1695.536000,0.156057
1695.537000,0.363125
1695.538000,0.361622
1695.539000,0.236985
1695.540000,0.579774
1695.541000,0.803266
1695.542000,0.681466
1695.543000,0.596005
1695.544000,0.574155
1695.545000,0.543478
1695.546000,0.616971
1695.547000,0.636437
1695.548000,0.572894
1695.549000,0.566204
1695.550000,0.560079
1695.551000,0.583489
1695.552000,0.617338
1695.553000,0.459760
1695.554000,0.425676
1695.555000,0.365540
1695.556000,0.187342
1695.557000,0.174085
1695.558000,0.239735
1695.559000,0.413282
1695.560000,0.364638
1695.561000,0.218487
1695.562000,0.109655
1695.563000,0.019198
1695.564000,-0.073678
1695.565000,0.063569
1695.566000,0.066210
1695.567000,0.001123
1695.568000,0.035679
1695.569000,-0.003917
1695.570000,-0.105465
1695.571000,0.033653
1695.572000,0.120179
1695.573000,0.232550
1695.574000,0.189258
1695.575000,0.315891
1695.576000,0.512311
1695.577000,0.583488
1695.578000,0.557507
1695.579000,0.504910
1695.580000,0.355747
1695.581000,0.427528
1695.582000,0.526835
1695.583000,0.527052
1695.584000,0.482088
1695.585000,0.421126
1695.586000,0.412938
1695.587000,0.306399
1695.588000,0.212874
1695.589000,0.294959
1695.590000,0.222215
1695.591000,0.138867
1695.592000,0.231284
1695.593000,0.219867
1695.594000,0.398827
1695.595000,0.266725
1695.596000,0.140553
1695.597000,-0.029089
1695.598000,-0.153794
1695.599000,-0.201043
1695.600000,-0.057282
1695.601000,-0.032459
1695.602000,-0.039213
1695.603000,-0.016396
1695.604000,-0.037081
1695.605000,-0.166307
1695.606000,-0.314642
1695.607000,-0.388869
1695.608000,-0.417279
1695.609000,-0.464002
1695.610000,-0.468718
1695.611000,-0.503067
1695.612000,-0.693933
1695.613000,-0.768906
1695.614000,-0.779249
1695.615000,-0.781136
1695.616000,-0.926107
1695.617000,-0.865040
1695.618000,-0.751616
1695.619000,-0.724987
1695.620000,-0.825186
1695.621000,-0.785541
1695.622000,-0.811604
1695.623000,-0.815268
1695.624000,-0.694502
1695.625000,-0.757172
1695.626000,-0.868813
1695.627000,-0.931539
1695.628000,-0.734067
1695.629000,-0.670938
1695.630000,-0.670100
1695.631000,-0.759755
1695.632000,-0.848479
1695.633000,-0.760511
1695.634000,-0.681815
1695.635000,-0.471722
1695.636000,-0.575409
1695.637000,-0.483687
1695.638000,-0.544600
1695.639000,-0.544086
1695.640000,-0.779138
1695.641000,-0.815557
1695.642000,-0.638555
1695.643000,-0.638455
1695.644000,-0.631535
1695.645000,-0.604590
1695.646000,-0.485196
1695.647000,-0.444111
1695.648000,-0.379473
1695.649000,-0.442480
1695.650000,-0.425958
1695.651000,-0.471903
1695.652000,-0.575457
1695.653000,-0.551165
1695.654000,-0.513467
1695.655000,-0.473543
1695.656000,-0.316592
1695.657000,-0.228161
1695.658000,-0.195423
1695.659000,-0.214693
1695.660000,-0.298604
1695.661000,-0.252129
1695.662000,-0.446531
1695.663000,-0.569295
1695.664000,-0.381146
1695.665000,-0.284349
1695.666000,-0.095847
1695.667000,-0.032502
1695.668000,0.075243
1695.669000,0.166843
1695.670000,0.075202
1695.671000,-0.090333
1695.672000,-0.068180
1695.673000,-0.188716
1695.674000,-0.138154
1695.675000,-0.012403
1695.676000,-0.064933
1695.677000,-0.004763
1695.678000,0.057064
1695.679000,0.130800
1695.680000,0.126192
1695.681000,0.139829
1695.682000,0.063066
1695.683000,0.098272
1695.684000,0.202816
1695.685000,0.223303
1695.686000,0.069672
1695.687000,-0.073982
1695.688000,-0.126432
1695.689000,-0.301317
1695.690000,-0.063002
1695.691000,-0.147621
1695.692000,-0.166633
1695.693000,-0.026551
1695.694000,-0.027315
1695.695000,0.134467
1695.696000,0.011062
1695.697000,-0.118376
1695.698000,-0.196528
1695.699000,-0.127237
1695.700000,-0.251187
1695.701000,-0.059990
1695.702000,-0.169860
1695.703000,-0.220366
1695.704000,-0.250367
1695.705000,-0.219965
1695.706000,-0.189684
1695.707000,-0.183285
1695.708000,-0.152833
1695.709000,-0.132021
1695.710000,-0.019441
1695.711000,0.095291
1695.712000,0.073221
1695.713000,0.216091
1695.714000,0.279775
1695.715000,0.194315
1695.716000,0.130119
1695.717000,0.115749
1695.718000,0.030304
1695.719000,0.039307
1695.720000,0.022959
1695.721000,0.139529
1695.722000,0.160624
1695.723000,0.061169
1695.724000,0.016123
1695.725000,-0.034396
1695.726000,-0.017060
1695.727000,-0.095019
1695.728000,-0.236970
1695.729000,-0.263057
1695.730000,-0.298848
1695.731000,-0.261284
1695.732000,-0.227092
1695.733000,-0.194698
1695.734000,-0.130612
1695.735000,-0.140784
1695.736000,-0.151274
1695.737000,-0.215823
1695.738000,-0.380393
1695.739000,-0.388394
1695.740000,-0.245788
1695.741000,-0.377950
1695.742000,-0.372057
1695.743000,-0.398669
1695.744000,-0.406241
1695.745000,-0.426881
1695.746000,-0.338507
1695.747000,-0.230179
1695.748000,0.128288
1695.749000,0.115953
1695.750000,0.107323
1695.751000,0.169150
1695.752000,-0.101046
1695.753000,-0.089084
1695.754000,-0.226118
1695.755000,-0.326111
1695.756000,-0.477603
1695.757000,-0.303535
1695.758000,-0.173606
1695.759000,-0.125234
1695.760000,-0.005259
1695.761000,0.112126
1695.762000,0.216230
1695.763000,0.085712
1695.764000,0.024337
1695.765000,0.099437
1695.766000,0.288735
1695.767000,0.063318
1695.768000,0.014568
1695.769000,-0.024128
1695.770000,-0.111938
1695.771000,-0.091048
1695.772000,-0.248053
1695.773000,-0.352468
1695.774000,-0.238431
1695.775000,-0.252342
1695.776000,-0.224998
1695.777000,-0.199841
1695.778000,-0.176905
1695.779000,-0.344946
1695.780000,-0.123828
1695.781000,-0.101713
1695.782000,-0.057635
1695.783000,-0.014065
1695.784000,-0.002938
1695.785000,0.008440
1695.786000,-0.065623
1695.787000,-0.021473
1695.788000,0.045041
1695.789000,0.284776
1695.790000,0.363093
1695.791000,0.403907
1695.792000,0.211924
1695.793000,0.175641
1695.794000,0.363345
1695.795000,0.252517
1695.796000,0.313858
1695.797000,0.164224
1695.798000,0.295999
1695.799000,0.253128
1695.800000,0.249597
1695.801000,0.141628
1695.802000,0.192299
1695.803000,0.314855
1695.804000,0.352141
1695.805000,0.216584
1695.806000,0.400270
1695.807000,0.423099
1695.808000,0.474659
1695.809000,0.517679
1695.810000,0.837707
1695.811000,0.962986
1695.812000,1.128024
1695.813000,0.996465
1695.814000,1.072330
1695.815000,1.105865
1695.816000,0.920609
1695.817000,0.881221
1695.818000,0.886548
1695.819000,0.673412
1695.820000,0.841569
1695.821000,1.030243
1695.822000,1.100897
1695.823000,0.729409
1695.824000,0.635268
1695.825000,0.543995
1695.826000,0.549560
1695.827000,0.642031
1695.828000,0.769247
1695.829000,0.800788
1695.830000,0.669669
1695.831000,0.667741
1695.832000,0.687058
1695.833000,0.583515
1695.834000,0.557100
1695.835000,0.731424
1695.836000,0.536860
1695.837000,0.511336
1695.838000,0.389574
1695.839000,0.396530
1695.840000,0.409376
1695.841000,0.383900
1695.842000,0.189805
1695.843000,0.348895
1695.844000,0.466893
1695.845000,0.296626
1695.846000,0.279214
1695.847000,0.379261
1695.848000,0.302092
1695.849000,0.444485
1695.850000,0.371182
1695.851000,0.476426
1695.852000,0.753255
1695.853000,0.948695
1695.854000,0.958433
1695.855000,0.981771
1695.856000,0.924827
1695.857000,0.915562
1695.858000,0.782941
1695.859000,0.527612
1695.860000,0.404224
1695.861000,0.395965
1695.862000,0.353902
1695.863000,0.213288
1695.864000,0.267095
1695.865000,0.180748
1695.866000,0.080636
1695.867000,0.016258
1695.868000,0.186375
1695.869000,0.159581
1695.870000,0.118061
1695.871000,0.225216
1695.872000,0.246877
1695.873000,0.085693
1695.874000,0.162734
1695.875000,0.234228
1695.876000,0.254819
1695.877000,0.209046
1695.878000,0.211964
1695.879000,0.343528
1695.880000,0.338784
1695.881000,0.409266
1695.882000,0.340020
1695.883000,0.222924
1695.884000,0.242518
1695.885000,0.168250
1695.886000,0.096674
1695.887000,0.084691
1695.888000,0.243909
1695.889000,0.154683
1695.890000,0.253501
1695.891000,0.118918
1695.892000,0.066288
1695.893000,0.018055
1695.894000,-0.078060
1695.895000,-0.124954
1695.896000,-0.203438
1695.897000,-0.268963
1695.898000,-0.172644
1695.899000,-0.212196
1695.900000,-0.207405
1695.901000,-0.234828
1695.902000,-0.430085
1695.903000,-0.580994
1695.904000,-0.545758
1695.905000,-0.656214
1695.906000,-0.581497
1695.907000,-0.718306
1695.908000,-0.628925
1695.909000,-0.612392
1695.910000,-0.678902
1695.911000,-0.631009
1695.912000,-0.506492
1695.913000,-0.502491
1695.914000,-0.432053
1695.915000,-0.370563
1695.916000,-0.429281
1695.917000,-0.545203
1695.918000,-0.450549
1695.919000,-0.379078
1695.920000,-0.356414
1695.921000,-0.348704
1695.922000,-0.287370
1695.923000,-0.312355
1695.924000,-0.315013
1695.925000,-0.213517
1695.926000,-0.165863
1695.927000,-0.186439
1695.928000,-0.082134
1695.929000,-0.170607
1695.930000,-0.057348
1695.931000,-0.095127
1695.932000,-0.084590
1695.933000,-0.102754
1695.934000,-0.173430
1695.935000,-0.260159
1695.936000,-0.240383
1695.937000,-0.197404
1695.938000,-0.155276
1695.939000,-0.141486
1695.940000,-0.092909
1695.941000,-0.192183
1695.942000,-0.046965
1695.943000,0.011834
1695.944000,-0.007566
1695.945000,-0.120591
1695.946000,-0.297667
1695.947000,-0.536365
1695.948000,-0.587409
1695.949000,-0.356411
1695.950000,-0.524744
1695.951000,-0.336189
1695.952000,-0.266934
1695.953000,-0.250098
1695.954000,-0.125413
1695.955000,-0.131520
1695.956000,-0.301462
1695.957000,-0.252986
1695.958000,-0.293461
1695.959000,-0.254998
1695.960000,-0.356419
1695.961000,-0.333981
1695.962000,-0.397283
1695.963000,-0.502587
1695.964000,-0.435789
1695.965000,-0.502398
1695.966000,-0.344797
1695.967000,-0.327461
1695.968000,-0.226797
1695.969000,-0.361306
1695.970000,-0.397780
1695.971000,-0.565208
1695.972000,-0.594861
1695.973000,-0.634861
1695.974000,-0.497390
1695.975000,-0.520663
1695.976000,-0.625669
1695.977000,-0.579495
1695.978000,-0.481603
1695.979000,-0.619905
1695.980000,-0.638999
1695.981000,-0.640830
1695.982000,-0.791429
1695.983000,-0.712834
1695.984000,-0.753191
1695.985000,-0.805450
1695.986000,-0.737018
1695.987000,-0.791844
1695.988000,-0.807521
1695.989000,-0.888809
1695.990000,-0.946771
1695.991000,-0.889500
1695.992000,-0.922815
1695.993000,-0.998831
1695.994000,-1.088081
1695.995000,-1.007766
1695.996000,-1.009634
1695.997000,-0.986209
1695.998000,-0.886238
1695.999000,-0.897089
1696.000000,-0.961049
1696.001000,-1.178347
1696.002000,-1.249755
1696.003000,-1.162442
1696.004000,-1.117161
1696.005000,-0.943223
1696.006000,-1.056217
1696.007000,-0.924349
1696.008000,-0.899630
1696.009000,-0.787251
1696.010000,-0.629735
1696.011000,-0.460935
1696.012000,-0.341630
1696.013000,-0.278781
1696.014000,-0.321723
1696.015000,-0.376170
1696.016000,-0.225555
1696.017000,-0.230394
1696.018000,-0.350807
1696.019000,-0.307549
1696.020000,-0.161428
1696.021000,-0.094675
1696.022000,-0.131414
1696.023000,-0.072518
1696.024000,-0.116889
1696.025000,0.026801
1696.026000,-0.025197
1696.027000,0.018720
1696.028000,-0.080652
1696.029000,0.158346
1696.030000,0.166805
1696.031000,0.347111
1696.032000,0.445813
1696.033000,0.408002
1696.034000,0.264584
1696.035000,0.256045
1696.036000,0.202527
1696.037000,0.131201
1696.038000,0.145044
1696.039000,0.241161
1696.040000,0.290698
1696.041000,0.252068
1696.042000,0.345872
1696.043000,0.456418
1696.044000,0.380606
1696.045000,0.305096
1696.046000,0.441636
1696.047000,0.325176
1696.048000,0.341070
1696.049000,0.279425
1696.050000,0.464637
1696.051000,0.334445
1696.052000,0.365634
1696.053000,0.339845
1696.054000,0.510137
1696.055000,0.558526
1696.056000,0.650845
1696.057000,0.488198
1696.058000,0.364479
1696.059000,0.465813
1696.060000,0.688053
1696.061000,0.753621
1696.062000,0.626285
1696.063000,0.708869
1696.064000,0.662003
1696.065000,0.644393
1696.066000,0.613200
1696.067000,0.516428
1696.068000,0.373445
1696.069000,0.162546
1696.070000,0.176773
1696.071000,0.234344
1696.072000,0.073066
1696.073000,0.097410
1696.074000,0.008688
1696.075000,0.022682
1696.076000,0.144475
1696.077000,0.191926
1696.078000,0.102500
1696.079000,0.106663
1696.080000,0.029260
1696.081000,-0.042781
1696.082000,-0.143071
1696.083000,-0.241644
1696.084000,-0.363827
1696.085000,-0.250331
1696.086000,-0.296056
1696.087000,-0.250284
1696.088000,-0.179477
1696.089000,-0.039285
1696.090000,-0.066046
1696.091000,-0.088581
1696.092000,-0.029217
1696.093000,-0.005833
1696.094000,0.033265
1696.095000,0.066030
1696.096000,0.051844
1696.097000,0.021865
1696.098000,0.195000
1696.099000,0.067052
1696.100000,0.013253
1696.101000,0.049752
1696.102000,-0.032578
1696.103000,0.086949
1696.104000,-0.046950
1696.105000,0.121631
1696.106000,0.195483
1696.107000,0.225181
1696.108000,0.192025
1696.109000,0.097974
1696.110000,0.107706
1696.111000,0.226989
1696.112000,0.214190
1696.113000,0.060683
1696.114000,-0.024867
1696.115000,0.138524
1696.116000,0.201492
1696.117000,0.229533
1696.118000,0.216195
1696.119000,0.069734
1696.120000,0.008836
1696.121000,0.078231
1696.122000,0.042039
1696.123000,-0.081469
1696.124000,0.090547
1696.125000,0.057751
1696.126000,0.043695
1696.127000,-0.041874
1696.128000,-0.186995
1696.129000,-0.228358
1696.130000,-0.301066
1696.131000,-0.371970
1696.132000,-0.409123
1696.133000,-0.551727
1696.134000,-0.499309
1696.135000,-0.498422
1696.136000,-0.497516
1696.137000,-0.642366
1696.138000,-0.649021
1696.139000,-0.642415
1696.140000,-0.533207
1696.141000,-0.529286
1696.142000,-0.201453
1696.143000,-0.144073
1696.144000,-0.157028
1696.145000,-0.057099
1696.146000,-0.106598
1696.147000,-0.168613
1696.148000,-0.352646
1696.149000,-0.226636
1696.150000,-0.091043
1696.151000,-0.204094
1696.152000,-0.212851
1696.153000,-0.252310
1696.154000,0.025091
1696.155000,0.207916
1696.156000,0.228140
1696.157000,0.281220
1696.158000,0.093304
1696.159000,0.142821
1696.160000,0.203313
1696.161000,-0.018400
1696.162000,-0.036570
1696.163000,0.010697
1696.164000,-0.200637
1696.165000,-0.115116
1696.166000,-0.066951
1696.167000,-0.055389
1696.168000,-0.063289
1696.169000,-0.054149
1696.170000,-0.086072
1696.171000,-0.246719
1696.172000,-0.029494
1696.173000,-0.002547
1696.174000,0.077823
1696.175000,0.097640
1696.176000,0.084837
1696.177000,0.255529
1696.178000,0.184159
1696.179000,0.180735
1696.180000,0.136510
1696.181000,0.083544
1696.182000,0.106304
1696.183000,0.145109
1696.184000,0.189733
1696.185000,0.314344
1696.186000,0.385957
1696.187000,0.327482
1696.188000,0.212907
1696.189000,0.382858
1696.190000,0.319867
1696.191000,0.198828
1696.192000,0.123261
1696.193000,0.040489
1696.194000,-0.048922
1696.195000,-0.103720
1696.196000,0.096922
1696.197000,0.228622
1696.198000,0.120120
1696.199000,0.270952
1696.200000,0.215227
1696.201000,0.273252
1696.202000,0.347056
1696.203000,0.465551
1696.204000,0.458921
1696.205000,0.449156
1696.206000,0.271046
1696.207000,0.368348
1696.208000,0.392843
1696.209000,0.385442
1696.210000,0.336872
1696.211000,0.251498
1696.212000,0.356470
1696.213000,0.350047
1696.214000,0.305638
1696.215000,0.363165
1696.216000,0.129798
1696.217000,0.158996
1696.218000,0.260643
1696.219000,0.008329
1696.220000,-0.092123
1696.221000,-0.025341
1696.222000,-0.105960
1696.223000,-0.185587
1696.224000,-0.157549
1696.225000,-0.260646
1696.226000,-0.214632
1696.227000,-0.017311
1696.228000,-0.094953
1696.229000,0.096194
1696.230000,0.130401
1696.231000,0.231228
1696.232000,0.245773
1696.233000,0.213338
1696.234000,0.242699
1696.235000,0.213515
1696.236000,-0.065458
1696.237000,-0.010950
1696.238000,0.080553
1696.239000,0.065661
1696.240000,0.269211
1696.241000,0.127760
1696.242000,0.341341
1696.243000,0.180514
1696.244000,0.166962
1696.245000,0.200227
1696.246000,0.316027
1696.247000,0.423795
1696.248000,0.377433
1696.249000,0.354901
1696.250000,0.328260
1696.251000,0.366608
1696.252000,0.133498
1696.253000,0.348572
1696.254000,0.318924
1696.255000,0.472229
1696.256000,0.298774
1696.257000,0.384671
1696.258000,0.443765
1696.259000,0.512064
1696.260000,0.455276
1696.261000,0.251928
1696.262000,0.140811
1696.263000,0.051051
1696.264000,0.077968
1696.265000,0.151253
1696.266000,0.174820
1696.267000,0.131656
1696.268000,-0.063274
1696.269000,-0.204405
1696.270000,-0.121582
1696.271000,-0.043964
1696.272000,0.072268
1696.273000,0.057271
1696.274000,0.043897
1696.275000,-0.049049
1696.276000,0.033145
1696.277000,-0.079520
1696.278000,0.035855
1696.279000,-0.048320
1696.280000,-0.111796
1696.281000,-0.154815
1696.282000,-0.273495
1696.283000,-0.256946
1696.284000,-0.220519
1696.285000,-0.136275
1696.286000,-0.254226
1696.287000,-0.280408
1696.288000,-0.210322
1696.289000,-0.128239
1696.290000,-0.260603
1696.291000,-0.216957
1696.292000,-0.344903
1696.293000,-0.450881
1696.294000,-0.470485
1696.295000,-0.279707
1696.296000,-0.277558
1696.297000,-0.414816
1696.298000,-0.371275
1696.299000,-0.316559
1696.300000,-0.487467
1696.301000,-0.245466
1696.302000,-0.202660
1696.303000,-0.186970
1696.304000,-0.207249
1696.305000,-0.110648
1696.306000,-0.021573
1696.307000,0.036422
1696.308000,0.104111
1696.309000,-0.043563
1696.310000,-0.079964
1696.311000,-0.043104
1696.312000,-0.044421
1696.313000,0.069382
1696.314000,-0.025698
1696.315000,-0.027455
1696.316000,-0.031135
1696.317000,0.061269
1696.318000,0.049484
1696.319000,-0.150412
1696.320000,-0.028452
1696.321000,0.012280
1696.322000,0.049766
1696.323000,0.047061
1696.324000,0.107894
1696.325000,0.005229
1696.326000,0.090534
1696.327000,0.107448
1696.328000,0.078534
1696.329000,0.055694
1696.330000,0.105289
1696.331000,0.136046
1696.332000,0.071852
1696.333000,0.043827
1696.334000,0.086110
1696.335000,-0.096684
1696.336000,0.018017
1696.337000,0.089018
1696.338000,-0.014106
1696.339000,0.093249
1696.340000,0.174243
1696.341000,0.011147
1696.342000,-0.034411
1696.343000,-0.049635
1696.344000,-0.112392
1696.345000,-0.044862
1696.346000,-0.061844
1696.347000,-0.167005
1696.348000,-0.198137
1696.349000,-0.271959
1696.350000,-0.285233
1696.351000,-0.357491
1696.352000,-0.259044
1696.353000,-0.191676
1696.354000,-0.243972
1696.355000,-0.391468
1696.356000,-0.462264
1696.357000,-0.376260
1696.358000,-0.235375
1696.359000,-0.271185
1696.360000,-0.339484
1696.361000,-0.083261
1696.362000,-0.090693
1696.363000,0.039808
1696.364000,0.023909
1696.365000,0.034742
1696.366000,0.103814
1696.367000,-0.032509
1696.368000,0.048142
1696.369000,0.154019
1696.370000,0.308659
1696.371000,0.323157
1696.372000,0.106125
1696.373000,0.110478
1696.374000,0.168457
1696.375000,0.087090
1696.376000,-0.021078
1696.377000,0.030370
1696.378000,-0.071420
1696.379000,0.000668
1696.380000,0.009551
1696.381000,-0.079766
1696.382000,0.022733
1696.383000,0.062989
1696.384000,0.101665
1696.385000,0.047883
1696.386000,-0.064871
1696.387000,0.037136
1696.388000,0.039754
1696.389000,0.085786
1696.390000,0.031500
1696.391000,0.015490
1696.392000,0.041410
1696.393000,0.086575
1696.394000,0.124510
1696.395000,-0.080609
1696.396000,-0.080748
1696.397000,-0.169221
1696.398000,-0.230121
1696.399000,-0.274916
1696.400000,-0.136916
1696.401000,0.100923
1696.402000,-0.057220
1696.403000,-0.115131
1696.404000,-0.077413
1696.405000,0.093871
1696.406000,0.124431
1696.407000,0.100746
1696.408000,-0.061633
1696.409000,-0.129278
1696.410000,-0.000166
1696.411000,0.025987
1696.412000,-0.003953
1696.413000,-0.063562
1696.414000,-0.124068
1696.415000,-0.178130
1696.416000,0.017503
1696.417000,0.012245
1696.418000,0.056212
1696.419000,-0.159801
1696.420000,-0.228568
1696.421000,-0.119091
1696.422000,-0.297191
1696.423000,-0.305031
1696.424000,-0.235011
1696.425000,-0.256041
1696.426000,-0.274986
1696.427000,-0.182082
1696.428000,-0.332744
1696.429000,-0.343504
1696.430000,-0.398606
1696.431000,-0.320191
1696.432000,-0.320487
1696.433000,-0.348816
1696.434000,-0.340309
1696.435000,-0.426354
1696.436000,-0.281709
1696.437000,-0.361051
1696.438000,-0.292603
1696.439000,-0.282902
1696.440000,-0.421336
1696.441000,-0.508173
1696.442000,-0.479614
1696.443000,-0.412316
1696.444000,-0.430048
1696.445000,-0.615285
1696.446000,-0.568633
1696.447000,-0.606307
1696.448000,-0.518566
1696.449000,-0.338860
1696.450000,-0.331606
1696.451000,-0.244066
1696.452000,-0.283541
1696.453000,-0.067145
1696.454000,-0.102574
1696.455000,0.005316
1696.456000,0.013297
1696.457000,0.055447
1696.458000,-0.045233
1696.459000,-0.243101
1696.460000,-0.130088
1696.461000,-0.128775
1696.462000,0.010601
1696.463000,-0.089988
1696.464000,0.036821
1696.465000,-0.093556
1696.466000,-0.144131
1696.467000,-0.145099
1696.468000,0.002580
1696.469000,0.059748
1696.470000,0.019590
1696.471000,0.043034
1696.472000,-0.070451
1696.473000,-0.491063
1696.474000,-0.480577
1696.475000,-0.654576
1696.476000,-0.716305
1696.477000,-0.705153
1696.478000,-0.713214
1696.479000,-0.493659
1696.480000,-0.599431
1696.481000,-0.611522
1696.482000,-0.553883
1696.483000,-0.471673
1696.484000,-0.348913
1696.485000,-0.178115
1696.486000,-0.213032
1696.487000,-0.225356
1696.488000,-0.128150
1696.489000,-0.079869
1696.490000,-0.091909
1696.491000,-0.091724
1696.492000,-0.237687
1696.493000,-0.136191
1696.494000,0.053954
1696.495000,0.181402
1696.496000,0.222819
1696.497000,0.198704
1696.498000,0.200405
1696.499000,0.203605
1696.500000,0.178054
1696.501000,0.187704
1696.502000,0.207944
1696.503000,0.136604
1696.504000,0.282078
1696.505000,0.243883
1696.506000,0.187910
1696.507000,0.160099
1696.508000,0.074931
1696.509000,0.083320
1696.510000,0.106497
1696.511000,0.123664
1696.512000,0.075751
1696.513000,0.120231
1696.514000,0.136745
1696.515000,0.174796
1696.516000,0.202256
1696.517000,0.123196
1696.518000,0.113668
1696.519000,0.206467
1696.520000,0.238188
1696.521000,0.198657
1696.522000,0.201614
1696.523000,0.273735
1696.524000,0.399905
1696.525000,0.276008
1696.526000,0.106515
1696.527000,0.157522
1696.528000,0.120714
1696.529000,0.239087
1696.530000,0.290141
1696.531000,0.233756
1696.532000,0.263781
1696.533000,0.211921
1696.534000,0.137464
1696.535000,0.154533
1696.536000,0.225283
1696.537000,0.194951
1696.538000,0.237753
1696.539000,0.363637
1696.540000,0.396840
1696.541000,0.461286
1696.542000,0.331666
1696.543000,0.427940
1696.544000,0.338267
1696.545000,0.331758
1696.546000,0.345592
1696.547000,0.374850
1696.548000,0.373942
1696.549000,0.324786
1696.550000,0.218135
1696.551000,0.173037
1696.552000,-0.123121
1696.553000,-0.269667
1696.554000,-0.126631
1696.555000,-0.040122
1696.556000,0.117252
1696.557000,0.380572
1696.558000,0.549191
1696.559000,0.573220
1696.560000,0.617994
1696.561000,0.436352
1696.562000,0.576013
1696.563000,0.463989
1696.564000,0.384007
1696.565000,0.377567
1696.566000,0.428476
1696.567000,0.347122
1696.568000,0.509554
1696.569000,0.398354
1696.570000,0.171525
1696.571000,0.312597
1696.572000,0.256185
1696.573000,0.155332
1696.574000,0.060324
1696.575000,0.053770
1696.576000,0.097699
1696.577000,0.086045
1696.578000,0.052648
1696.579000,0.112276
1696.580000,0.007005
1696.581000,-0.047460
1696.582000,-0.071846
1696.583000,-0.139905
1696.584000,-0.211131
1696.585000,-0.147920
1696.586000,-0.038510
1696.587000,-0.047129
1696.588000,0.003355
1696.589000,0.083158
1696.590000,0.133248
1696.591000,0.227413
1696.592000,0.364527
1696.593000,0.384860
1696.594000,0.353279
1696.595000,0.306923
1696.596000,0.358066
1696.597000,0.348398
1696.598000,0.382537
1696.599000,0.248713
1696.600000,0.234343
1696.601000,0.339274
1696.602000,0.684595
1696.603000,0.719035
1696.604000,0.846996
1696.605000,0.820827
1696.606000,0.743891
1696.607000,0.672510
1696.608000,0.476713
1696.609000,0.359653
1696.610000,0.272762
1696.611000,0.246516
1696.612000,0.175394
1696.613000,-0.007717
1696.614000,0.043504
1696.615000,-0.019054
1696.616000,0.051569
1696.617000,-0.022572
1696.618000,-0.085585
1696.619000,-0.201719
1696.620000,-0.230854
1696.621000,-0.502442
1696.622000,-0.395155
1696.623000,-0.462065
1696.624000,-0.348950
1696.625000,-0.376734
1696.626000,-0.300676
1696.627000,-0.483051
1696.628000,-0.261218
1696.629000,-0.149365
1696.630000,-0.197897
1696.631000,-0.086507
1696.632000,-0.103415
1696.633000,0.048002
1696.634000,0.122159
1696.635000,0.087741
1696.636000,0.063849
1696.637000,0.215644
1696.638000,0.138017
1696.639000,0.131103
1696.640000,0.023207
1696.641000,0.056222
1696.642000,0.106001
1696.643000,0.223235
1696.644000,-0.068499
1696.645000,-0.002895
1696.646000,0.104657
1696.647000,0.045543
1696.648000,0.099575
1696.649000,-0.020116
1696.650000,-0.097110
1696.651000,0.035865
1696.652000,0.085186
1696.653000,0.031392
1696.654000,0.102594
1696.655000,0.178758
1696.656000,0.276696
1696.657000,0.260664
1696.658000,0.306803
1696.659000,0.301122
1696.660000,0.320236
1696.661000,0.366581
1696.662000,0.434088
1696.663000,0.344718
1696.664000,0.416426
1696.665000,0.383834
1696.666000,0.454675
1696.667000,0.218734
1696.668000,0.230898
1696.669000,0.165857
1696.670000,0.216506
1696.671000,0.249319
1696.672000,0.247115
1696.673000,0.221827
1696.674000,0.291014
1696.675000,0.277036
1696.676000,0.329684
1696.677000,0.508078
1696.678000,0.504988
1696.679000,0.484525
1696.680000,0.559685
1696.681000,0.639830
1696.682000,0.725422
1696.683000,0.496236
1696.684000,0.670338
1696.685000,0.654145
1696.686000,0.705166
1696.687000,0.704174
1696.688000,0.563673
1696.689000,0.699068
1696.690000,0.741487
1696.691000,0.663161
1696.692000,0.631936
1696.693000,0.638166
1696.694000,0.628382
1696.695000,0.636725
1696.696000,0.744658
1696.697000,0.658998
1696.698000,0.474759
1696.699000,0.566328
1696.700000,0.644324
1696.701000,0.669425
1696.702000,0.779192
1696.703000,0.658983
1696.704000,0.506962
1696.705000,0.639249
1696.706000,0.549342
1696.707000,0.507897
1696.708000,0.621467
1696.709000,0.526014
1696.710000,0.858295
1696.711000,0.811062
1696.712000,0.741457
1696.713000,0.591265
1696.714000,0.612788
1696.715000,0.705297
1696.716000,0.600627
1696.717000,0.433904
1696.718000,0.454150
1696.719000,0.459865
1696.720000,0.445893
1696.721000,0.670695
1696.722000,0.622033
1696.723000,0.893146
1696.724000,0.905098
1696.725000,1.010599
1696.726000,0.903942
1696.727000,0.841197
1696.728000,0.800147
1696.729000,0.834783
1696.730000,0.938707
1696.731000,0.926312
1696.732000,0.848264
1696.733000,0.974851
1696.734000,0.899822
1696.735000,0.880524
1696.736000,0.687425
1696.737000,0.706447
1696.738000,0.515718
1696.739000,0.336119
1696.740000,0.453359
1696.741000,0.356646
1696.742000,0.425598
1696.743000,0.401730
1696.744000,0.495352
1696.745000,0.413448
1696.746000,0.456298
1696.747000,0.428628
1696.748000,0.310234
1696.749000,0.406518
1696.750000,0.412014
1696.751000,0.454827
1696.752000,0.404190
1696.753000,0.331154
1696.754000,0.305961
1696.755000,0.261757
1696.756000,0.260734
1696.757000,0.201141
1696.758000,0.131653
1696.759000,0.191462
1696.760000,-0.002949
1696.761000,-0.054054
1696.762000,0.019145
1696.763000,-0.255194
1696.764000,-0.048138
1696.765000,-0.279170
1696.766000,-0.324050
1696.767000,-0.425120
1696.768000,-0.415756
1696.769000,-0.322566
1696.770000,-0.250827
1696.771000,-0.383164
1696.772000,-0.389596
1696.773000,-0.363334
1696.774000,-0.295588
1696.775000,-0.296706
1696.776000,-0.327127
1696.777000,-0.370238
1696.778000,-0.340195
1696.779000,-0.449473
1696.780000,-0.442570
1696.781000,-0.477923
1696.782000,-0.439293
1696.783000,-0.337429
1696.784000,-0.328080
1696.785000,-0.256903
1696.786000,-0.346814
1696.787000,-0.520729
1696.788000,-0.618222
1696.789000,-0.554985
1696.790000,-0.354698
1696.791000,-0.361452
1696.792000,-0.331749
1696.793000,-0.348033
1696.794000,-0.249463
1696.795000,-0.229968
1696.796000,-0.236149
1696.797000,-0.250492
1696.798000,-0.180849
1696.799000,-0.217036
1696.800000,-0.188448
1696.801000,-0.281517
1696.802000,-0.596316
1696.803000,-0.571894
1696.804000,-0.678249
1696.805000,-0.489828
1696.806000,-0.586036
1696.807000,-0.539358
1696.808000,-0.382344
1696.809000,-0.256508
1696.810000,-0.294894
1696.811000,-0.156752
1696.812000,-0.214208
1696.813000,-0.077510
1696.814000,-0.131386
1696.815000,-0.353321
1696.816000,-0.235481
1696.817000,-0.427890
1696.818000,-0.423079
1696.819000,-0.235343
1696.820000,-0.090058
1696.821000,-0.239457
1696.822000,-0.263192
1696.823000,-0.354044
1696.824000,-0.429437
1696.825000,-0.447392
1696.826000,-0.477923
1696.827000,-0.443262
1696.828000,-0.401642
1696.829000,-0.214411
1696.830000,-0.197977
1696.831000,-0.116070
1696.832000,-0.077294
1696.833000,0.014977
1696.834000,0.120798
1696.835000,0.233607
1696.836000,0.300072
1696.837000,0.309662
1696.838000,0.385643
1696.839000,0.374088
1696.840000,0.377413
1696.841000,0.236549
1696.842000,0.279273
1696.843000,0.230384
1696.844000,0.242457
1696.845000,0.140429
1696.846000,0.187149
1696.847000,0.102694
1696.848000,0.106985
1696.849000,-0.008878
1696.850000,0.040325
1696.851000,0.043059
1696.852000,-0.007821
1696.853000,-0.111342
1696.854000,-0.073931
1696.855000,0.104272
1696.856000,0.087428
1696.857000,0.277439
1696.858000,0.301899
1696.859000,0.164450
1696.860000,0.071532
1696.861000,0.071579
1696.862000,-0.009809
1696.863000,0.061053
1696.864000,0.106832
1696.865000,0.163382
1696.866000,0.265025
1696.867000,0.169207
1696.868000,0.104516
1696.869000,0.180105
1696.870000,0.241785
1696.871000,0.367816
1696.872000,0.266591
1696.873000,0.339293
1696.874000,0.414701
1696.875000,0.289665
1696.876000,0.250774
1696.877000,0.199478
1696.878000,-0.072521
1696.879000,-0.130408
1696.880000,-0.031971
1696.881000,-0.030082
1696.882000,-0.020094
1696.883000,-0.154966
1696.884000,-0.078485
1696.885000,-0.023213
1696.886000,0.088659
1696.887000,0.444649
1696.888000,0.377109
1696.889000,0.143166
1696.890000,0.025367
1696.891000,-0.170145
1696.892000,-0.191750
1696.893000,-0.378755
1696.894000,-0.473048
1696.895000,-0.625389
1696.896000,-0.627260
1696.897000,-0.574816
1696.898000,-0.582625
1696.899000,-0.678312
1696.900000,-0.850115
1696.901000,-0.857366
1696.902000,-0.697906
1696.903000,-0.777446
1696.904000,-0.631197
1696.905000,-0.727394
1696.906000,-0.736991
1696.907000,-0.808162
1696.908000,-0.818804
1696.909000,-0.858760
1696.910000,-1.052162
1696.911000,-0.923480
1696.912000,-0.925346
1696.913000,-0.949465
1696.914000,-0.893082
1696.915000,-0.979442
1696.916000,-0.957942
1696.917000,-0.967680
1696.918000,-0.630464
1696.919000,-0.597984
1696.920000,-0.604812
1696.921000,-0.615874
1696.922000,-0.555718
1696.923000,-0.614304
1696.924000,-0.811611
1696.925000,-0.739276
1696.926000,-0.749960
1696.927000,-0.950953
1696.928000,-1.013332
1696.929000,-0.867056
1696.930000,-0.833900
1696.931000,-0.780623
1696.932000,-0.900361
1696.933000,-1.052300
1696.934000,-1.116179
1696.935000,-1.086759
1696.936000,-0.991453
1696.937000,-1.055842
1696.938000,-1.065540
1696.939000,-0.991491
1696.940000,-1.103588
1696.941000,-1.026025
1696.942000,-1.006159
1696.943000,-1.040873
1696.944000,-1.181422
1696.945000,-0.968462
1696.946000,-0.975937
1696.947000,-0.818743
1696.948000,-0.994436
1696.949000,-0.917742
1696.950000,-0.709809
1696.951000,-0.633796
1696.952000,-0.523137
1696.953000,-0.584650
1696.954000,-0.452344
1696.955000,-0.470094
1696.956000,-0.443790
1696.957000,-0.594733
1696.958000,-0.551562
1696.959000,-0.423287
1696.960000,-0.385486
1696.961000,-0.485446
1696.962000,-0.354036
1696.963000,-0.309164
1696.964000,-0.321296
1696.965000,-0.548536
1696.966000,-0.485257
1696.967000,-0.394522
1696.968000,-0.334603
1696.969000,-0.365238
1696.970000,-0.201399
1696.971000,-0.211676
1696.972000,-0.418438
1696.973000,-0.311784
1696.974000,-0.448744
1696.975000,-0.315529
1696.976000,-0.398014
1696.977000,-0.253159
1696.978000,-0.351107
1696.979000,-0.280230
1696.980000,-0.209783
1696.981000,-0.214823
1696.982000,-0.109380
1696.983000,-0.109222
1696.984000,0.021724
1696.985000,0.198355
1696.986000,0.066151
1696.987000,0.202947
1696.988000,0.056163
1696.989000,0.094705
1696.990000,0.287976
1696.991000,0.233241
1696.992000,0.211962
1696.993000,0.309443
1696.994000,0.420556
1696.995000,0.380700
1696.996000,0.574967
1696.997000,0.577756
1696.998000,0.421117
1696.999000,0.514409
1697.000000,0.556012
1697.001000,0.639196
1697.002000,0.452523
1697.003000,0.409326
1697.004000,0.276873
1697.005000,0.140717
1697.006000,0.070786
1697.007000,0.067912
1697.008000,0.050697
1697.009000,-0.148750
1697.010000,0.028283
1697.011000,0.203517
1697.012000,0.228732
1697.013000,0.318270
1697.014000,0.179133
1697.015000,0.154516
1697.016000,0.123202
1697.017000,-0.061410
1697.018000,0.076811
1697.019000,0.057982
1697.020000,-0.024406
1697.021000,0.075435
1697.022000,-0.065604
1697.023000,0.067892
1697.024000,0.075427
1697.025000,0.082287
1697.026000,-0.136490
1697.027000,-0.180638
1697.028000,-0.126919
1697.029000,-0.184194
1697.030000,-0.182506
1697.031000,-0.223146
1697.032000,-0.084923
1697.033000,0.092229
1697.034000,0.141997
1697.035000,0.004007
1697.036000,-0.145192
1697.037000,-0.059919
1697.038000,0.090170
1697.039000,0.085921
1697.040000,-0.008075
1697.041000,-0.004509
1697.042000,0.092724
1697.043000,-0.007567
1697.044000,-0.109325
1697.045000,0.015054
1697.046000,-0.107812
1697.047000,-0.047358
1697.048000,-0.041808
1697.049000,0.085766
1697.050000,-0.019828
1697.051000,-0.128741
1697.052000,-0.132023
1697.053000,-0.056263
1697.054000,-0.075187
1697.055000,0.022776
1697.056000,-0.107111
1697.057000,-0.141317
1697.058000,-0.148812
1697.059000,-0.062444
1697.060000,0.078201
1697.061000,0.250836
1697.062000,0.536497
1697.063000,0.491148
1697.064000,0.413174
1697.065000,0.310573
1697.066000,0.417965
1697.067000,0.407961
1697.068000,0.238521
1697.069000,0.187780
1697.070000,0.188391
1697.071000,0.024442
1697.072000,-0.035717
1697.073000,-0.241354
1697.074000,-0.382554
1697.075000,-0.247237
1697.076000,-0.193441
1697.077000,-0.050291
1697.078000,-0.147247
1697.079000,-0.297802
1697.080000,-0.204632
1697.081000,-0.357005
1697.082000,-0.369662
1697.083000,-0.268551
1697.084000,-0.400618
1697.085000,-0.301491
1697.086000,-0.161253
1697.087000,-0.292425
1697.088000,-0.350322
1697.089000,-0.428074
1697.090000,-0.199244
1697.091000,-0.231406
1697.092000,-0.011693
1697.093000,-0.022440
1697.094000,0.000927
1697.095000,0.078263
1697.096000,0.213750
1697.097000,0.223740
1697.098000,0.272792
1697.099000,0.345085
1697.100000,0.389225
1697.101000,0.304132
1697.102000,0.159297
1697.103000,0.191341
1697.104000,0.009602
1697.105000,0.013886
1697.106000,-0.018688
1697.107000,-0.200309
1697.108000,-0.200231
1697.109000,-0.292435
1697.110000,-0.270028
1697.111000,-0.250246
1697.112000,-0.362242
1697.113000,-0.341521
1697.114000,-0.512509
1697.115000,-0.551708
1697.116000,-0.397727
1697.117000,-0.517371
1697.118000,-0.487482
1697.119000,-0.496863
1697.120000,-0.499001
1697.121000,-0.364260
1697.122000,-0.529215
1697.123000,-0.458976
1697.124000,-0.474871
1697.125000,-0.535685
1697.126000,-0.374632
1697.127000,-0.473651
1697.128000,-0.452798
1697.129000,-0.441724
1697.130000,-0.343219
1697.131000,-0.478021
1697.132000,-0.583877
1697.133000,-0.501286
1697.134000,-0.385659
1697.135000,-0.433856
1697.136000,-0.292658
1697.137000,-0.227097
1697.138000,-0.283459
1697.139000,-0.192222
1697.140000,-0.171109
1697.141000,-0.090002
1697.142000,-0.260984
1697.143000,-0.135163
1697.144000,-0.012881
1697.145000,-0.090445
1697.146000,-0.105158
1697.147000,-0.087441
1697.148000,0.105658
1697.149000,-0.003732
1697.150000,-0.139754
1697.151000,-0.185471
1697.152000,0.016840
1697.153000,0.160554
1697.154000,0.193903
1697.155000,0.276030
1697.156000,0.341630
1697.157000,0.394639
1697.158000,0.381291
1697.159000,0.456542
1697.160000,0.627986
1697.161000,0.479559
1697.162000,0.508387
1697.163000,0.497481
1697.164000,0.437280
1697.165000,0.529804
1697.166000,0.498103
1697.167000,0.569953
1697.168000,0.487261
1697.169000,0.310886
1697.170000,0.253293
1697.171000,0.539251
1697.172000,0.363312
1697.173000,0.295870
1697.174000,0.280059
1697.175000,0.343307
1697.176000,0.294224
1697.177000,0.145005
1697.178000,0.240038
1697.179000,0.215283
1697.180000,0.233057
1697.181000,0.172043
1697.182000,0.307714
1697.183000,0.321761
1697.184000,0.299080
1697.185000,0.189474
1697.186000,0.292559
1697.187000,0.264496
1697.188000,0.338496
1697.189000,0.426438
1697.190000,0.400502
1697.191000,0.285872
1697.192000,0.305208
1697.193000,0.192995
1697.194000,0.120038
1697.195000,0.163967
1697.196000,0.157690
1697.197000,0.153637
1697.198000,0.194474
1697.199000,0.149421
1697.200000,0.302096
1697.201000,0.419021
1697.202000,0.213188
1697.203000,0.041921
1697.204000,-0.036267
1697.205000,-0.018032
1697.206000,-0.083388
1697.207000,0.062023
1697.208000,-0.027339
1697.209000,0.115005
1697.210000,0.167263
1697.211000,0.195132
1697.212000,0.145266
1697.213000,0.193103
1697.214000,0.325539
1697.215000,0.212523
1697.216000,0.087606
1697.217000,0.005386
1697.218000,-0.066098
1697.219000,-0.042701
1697.220000,-0.144468
1697.221000,-0.073371
1697.222000,-0.048449
1697.223000,0.065520
1697.224000,0.202784
1697.225000,0.134570
1697.226000,0.058454
1697.227000,-0.060496
1697.228000,-0.159176
1697.229000,-0.059769
1697.230000,-0.003549
1697.231000,-0.057568
1697.232000,0.006915
1697.233000,0.000541
1697.234000,0.031238
1697.235000,0.002006
1697.236000,0.163362
1697.237000,0.118866
1697.238000,0.032457
1697.239000,-0.013334
1697.240000,-0.042368
1697.241000,-0.023855
1697.242000,-0.114663
1697.243000,-0.160746
1697.244000,-0.111949
1697.245000,-0.063109
1697.246000,0.032189
1697.247000,0.098365
1697.248000,0.213188
1697.249000,0.096004
1697.250000,0.043954
1697.251000,-0.057693
1697.252000,-0.036148
1697.253000,-0.082501
1697.254000,-0.170917
1697.255000,-0.116986
1697.256000,-0.067933
1697.257000,-0.145761
1697.258000,-0.209349
1697.259000,-0.255478
1697.260000,-0.224030
1697.261000,-0.048856
1697.262000,-0.112688
1697.263000,-0.134085
1697.264000,0.109565
1697.265000,-0.044173
1697.266000,0.038863
1697.267000,0.303467
1697.268000,0.220452
1697.269000,0.260560
1697.270000,0.142091
1697.271000,0.056638
1697.272000,0.140129
1697.273000,0.079648
1697.274000,0.129193
1697.275000,0.243444
1697.276000,0.181575
1697.277000,0.314406
1697.278000,0.396595
1697.279000,0.253268
1697.280000,0.217475
1697.281000,0.254866
1697.282000,0.210883
1697.283000,0.261181
1697.284000,0.393824
1697.285000,0.411088
1697.286000,0.416963
1697.287000,0.441504
1697.288000,0.363256
1697.289000,0.405774
1697.290000,0.365695
1697.291000,0.462493
1697.292000,0.358147
1697.293000,0.284999
1697.294000,0.229137
1697.295000,0.249384
1697.296000,0.244831
1697.297000,0.404862
1697.298000,0.430580
1697.299000,0.357155
1697.300000,0.390964
1697.301000,0.581023
1697.302000,0.636238
1697.303000,0.655797
1697.304000,0.557341
1697.305000,0.529750
1697.306000,0.276403
1697.307000,0.227873
1697.308000,0.364397
1697.309000,0.335591
1697.310000,0.454249
1697.311000,0.363102
1697.312000,0.185932
1697.313000,0.162852
1697.314000,0.136945
1697.315000,0.217965
1697.316000,0.185856
1697.317000,0.115794
1697.318000,0.088674
1697.319000,0.155202
1697.320000,0.070280
1697.321000,0.052664
1697.322000,0.079874
1697.323000,0.139750
1697.324000,0.167626
1697.325000,0.073692
1697.326000,0.071604
1697.327000,0.155138
1697.328000,0.284693
1697.329000,0.286712
1697.330000,0.221667
1697.331000,0.212890
1697.332000,0.206016
1697.333000,0.125940
1697.334000,0.250841
1697.335000,0.337343
1697.336000,0.199836
1697.337000,0.064487
1697.338000,-0.186595
1697.339000,-0.238441
1697.340000,-0.314937
1697.341000,-0.333909
1697.342000,-0.359687
1697.343000,-0.515594
1697.344000,-0.521618
1697.345000,-0.521355
1697.346000,-0.488015
1697.347000,-0.411612
1697.348000,-0.383640
1697.349000,-0.498913
1697.350000,-0.412403
1697.351000,-0.344938
1697.352000,-0.358620
1697.353000,-0.496522
1697.354000,-0.749592
1697.355000,-0.802865
1697.356000,-0.809059
1697.357000,-0.765342
1697.358000,-0.926832
1697.359000,-1.138449
1697.360000,-1.262567
1697.361000,-1.130022
1697.362000,-1.156623
1697.363000,-1.159130
1697.364000,-1.358227
1697.365000,-1.443523
1697.366000,-1.399779
1697.367000,-1.378350
1697.368000,-1.489033
1697.369000,-1.724162
1697.370000,-1.534022
1697.371000,-1.626842
1697.372000,-1.434181
1697.373000,-1.180147
1697.374000,-1.178422
1697.375000,-0.976931
1697.376000,-0.857565
1697.377000,-0.745222
1697.378000,-0.698338
1697.379000,-0.730968
1697.380000,-0.943569
1697.381000,-0.720112
1697.382000,-0.714823
1697.383000,-0.831535
1697.384000,-0.683361
1697.385000,-0.555495
1697.386000,-0.607251
1697.387000,-0.540732
1697.388000,-0.528332
1697.389000,-0.469722
1697.390000,-0.362400
1697.391000,-0.258175
1697.392000,-0.306257
1697.393000,-0.191054
1697.394000,-0.220633
1697.395000,0.001255
1697.396000,0.062182
1697.397000,0.004553
1697.398000,-0.005280
1697.399000,-0.065740
1697.400000,-0.055482
1697.401000,-0.129197
1697.402000,0.025055
1697.403000,-0.156422
1697.404000,-0.030350
1697.405000,-0.029240
1697.406000,0.146266
1697.407000,0.155183
1697.408000,0.176641
1697.409000,0.161460
1697.410000,-0.013657
1697.411000,-0.070426
1697.412000,0.038766
1697.413000,0.218503
1697.414000,0.027079
1697.415000,0.143010
1697.416000,0.153964
1697.417000,0.056806
1697.418000,-0.026142
1697.419000,0.060011
1697.420000,0.120170
1697.421000,0.148463
1697.422000,0.090854
1697.423000,0.054235
1697.424000,-0.106129
1697.425000,0.013763
1697.426000,-0.105235
1697.427000,-0.164824
1697.428000,-0.290237
1697.429000,-0.362656
1697.430000,-0.384130
1697.431000,-0.378366
1697.432000,-0.389281
1697.433000,-0.574247
1697.434000,-0.422064
1697.435000,-0.542109
1697.436000,-0.318919
1697.437000,-0.152800
1697.438000,-0.005529
1697.439000,-0.139404
1697.440000,-0.138308
1697.441000,-0.187589
1697.442000,-0.155019
1697.443000,0.047997
1697.444000,0.203274
1697.445000,0.143973
1697.446000,0.123812
1697.447000,0.018180
1697.448000,0.190374
1697.449000,0.081432
1697.450000,-0.019911
1697.451000,-0.131505
1697.452000,-0.322904
1697.453000,-0.441205
1697.454000,-0.231438
1697.455000,-0.208549
1697.456000,-0.072392
1697.457000,0.069433
1697.458000,0.163727
1697.459000,0.143431
1697.460000,0.253731
1697.461000,0.231881
1697.462000,0.150444
1697.463000,0.166520
1697.464000,0.098746
1697.465000,0.081362
1697.466000,0.190131
1697.467000,0.265827
1697.468000,0.218385
1697.469000,0.245694
1697.470000,0.234475
1697.471000,0.333529
1697.472000,0.269577
1697.473000,0.161266
1697.474000,-0.006330
1697.475000,0.068398
1697.476000,-0.123206
1697.477000,0.066405
1697.478000,0.218840
1697.479000,0.364631
1697.480000,0.397807
1697.481000,0.245115
1697.482000,0.182440
1697.483000,0.397422
1697.484000,0.382278
1697.485000,0.431154
1697.486000,0.607621
1697.487000,0.595105
1697.488000,0.551053
1697.489000,0.508393
1697.490000,0.606355
1697.491000,0.665249
1697.492000,0.794301
1697.493000,0.883674
1697.494000,0.881598
1697.495000,0.872266
1697.496000,0.938921
1697.497000,0.977376
1697.498000,0.973370
1697.499000,0.814018
1697.500000,0.826881
1697.501000,0.850586
1697.502000,0.926869
1697.503000,1.053623
1697.504000,0.949498
1697.505000,0.661882
1697.506000,0.665531
1697.507000,0.646169
1697.508000,0.865787
1697.509000,0.927114
1697.510000,0.994982
1697.511000,0.992501
1697.512000,0.976806
1697.513000,1.052334
1697.514000,1.162994
1697.515000,1.045001
1697.516000,0.861942
1697.517000,0.761108
1697.518000,0.678293
1697.519000,0.515698
1697.520000,0.510736
1697.521000,0.586641
1697.522000,0.503688
1697.523000,0.662317
1697.524000,0.616409
1697.525000,0.578679
1697.526000,0.684096
1697.527000,0.730260
1697.528000,0.669288
1697.529000,0.622723
1697.530000,0.699574
1697.531000,0.754206
1697.532000,0.829030
1697.533000,1.018269
1697.534000,0.930495
1697.535000,0.952124
1697.536000,0.972725
1697.537000,0.902420
1697.538000,0.918543
1697.539000,0.768528
1697.540000,0.668661
1697.541000,0.769726
1697.542000,0.624285
1697.543000,0.678698
1697.544000,0.583160
1697.545000,0.630548
1697.546000,0.830441
1697.547000,0.770435
1697.548000,0.861963
1697.549000,0.704800
1697.550000,0.549354
1697.551000,0.576496
1697.552000,0.617372
1697.553000,0.478948
1697.554000,0.520180
1697.555000,0.451991
1697.556000,0.315900
1697.557000,0.102873
1697.558000,0.112244
1697.559000,-0.046942
1697.560000,-0.143695
1697.561000,-0.204072
1697.562000,-0.181759
1697.563000,-0.111176
1697.564000,-0.182117
1697.565000,-0.329312
1697.566000,-0.310720
1697.567000,-0.236542
1697.568000,-0.253342
1697.569000,-0.273434
1697.570000,-0.291237
1697.571000,-0.164091
1697.572000,-0.309277
1697.573000,-0.258701
1697.574000,-0.353681
1697.575000,-0.397639
1697.576000,-0.186094
1697.577000,-0.252227
1697.578000,-0.275497
1697.579000,-0.167969
1697.580000,-0.106115
1697.581000,-0.164492
1697.582000,-0.210106
1697.583000,-0.251530
1697.584000,-0.268276
1697.585000,-0.269193
1697.586000,-0.149795
1697.587000,-0.106854
1697.588000,-0.050412
1697.589000,-0.014118
1697.590000,0.167148
1697.591000,0.116207
1697.592000,0.269128
1697.593000,0.355106
1697.594000,0.435265
1697.595000,0.215737
1697.596000,0.368971
1697.597000,0.193227
1697.598000,0.103248
1697.599000,0.031722
1697.600000,0.179720
1697.601000,0.161691
1697.602000,0.119044
1697.603000,-0.053361
1697.604000,0.013543
1697.605000,0.084908
1697.606000,0.210411
1697.607000,0.224716
1697.608000,0.284201
1697.609000,0.207830
1697.610000,0.245792
1697.611000,0.317732
1697.612000,0.273133
1697.613000,0.279580
1697.614000,0.362773
1697.615000,0.403904
1697.616000,0.280901
1697.617000,0.392715
1697.618000,0.423365
1697.619000,0.264401
1697.620000,0.325162
1697.621000,0.175677
1697.622000,0.045313
1697.623000,0.159376
1697.624000,0.112986
1697.625000,0.090868
1697.626000,0.143547
1697.627000,0.070858
1697.628000,-0.084572
1697.629000,-0.178395
1697.630000,-0.318332
1697.631000,-0.334588
1697.632000,-0.408857
1697.633000,-0.371070
1697.634000,-0.306232
1697.635000,-0.470728
1697.636000,-0.527619
1697.637000,-0.711382
1697.638000,-0.663943
1697.639000,-0.552286
1697.640000,-0.592262
1697.641000,-0.623765
1697.642000,-0.513993
1697.643000,-0.656811
1697.644000,-0.685204
1697.645000,-0.655634
1697.646000,-0.699303
1697.647000,-0.638136
1697.648000,-0.556695
1697.649000,-0.510091
1697.650000,-0.484105
1697.651000,-0.512355
1697.652000,-0.618482
1697.653000,-0.599807
1697.654000,-0.583986
1697.655000,-0.540485
1697.656000,-0.649284
1697.657000,-0.754534
1697.658000,-0.624777
1697.659000,-0.510254
1697.660000,-0.427583
1697.661000,-0.358485
1697.662000,-0.347260
1697.663000,-0.347669
1697.664000,-0.508982
1697.665000,-0.453853
1697.666000,-0.328674
1697.667000,-0.422931
1697.668000,-0.567965
1697.669000,-0.728326
1697.670000,-0.620083
1697.671000,-0.671577
1697.672000,-0.657070
1697.673000,-0.683898
1697.674000,-0.513170
1697.675000,-0.465994
1697.676000,-0.343449
1697.677000,-0.239799
1697.678000,-0.324987
1697.679000,-0.471143
1697.680000,-0.677538
1697.681000,-0.632047
1697.682000,-0.539029
1697.683000,-0.369685
1697.684000,-0.345241
1697.685000,-0.210685
1697.686000,-0.030197
1697.687000,-0.177070
1697.688000,-0.217219
1697.689000,-0.235101
1697.690000,-0.218762
1697.691000,-0.283843
1697.692000,-0.263922
1697.693000,-0.174263
1697.694000,-0.171658
1697.695000,-0.248579
1697.696000,-0.380200
1697.697000,-0.213170
1697.698000,-0.276538
1697.699000,-0.351075
1697.700000,-0.638208
1697.701000,-0.672904
1697.702000,-0.710612
1697.703000,-0.822483
1697.704000,-1.041988
1697.705000,-0.895076
1697.706000,-0.982352
1697.707000,-0.799817
1697.708000,-0.786746
1697.709000,-0.652506
1697.710000,-0.601357
1697.711000,-0.744091
1697.712000,-0.583114
1697.713000,-0.410251
1697.714000,-0.513431
1697.715000,-0.398477
1697.716000,-0.294164
1697.717000,-0.232158
1697.718000,-0.181519
1697.719000,-0.235143
1697.720000,-0.210957
1697.721000,-0.168592
1697.722000,-0.184228
1697.723000,0.000900
1697.724000,0.109699
1697.725000,0.248487
1697.726000,0.225996
1697.727000,0.227806
1697.728000,0.115605
1697.729000,-0.006226
1697.730000,-0.009250
1697.731000,-0.054364
1697.732000,-0.060542
1697.733000,-0.023983
1697.734000,-0.026238
1697.735000,-0.245669
1697.736000,-0.070009
1697.737000,-0.210049
1697.738000,-0.212800
1697.739000,-0.196798
1697.740000,-0.301935
1697.741000,-0.297373
1697.742000,-0.236945
1697.743000,-0.278072
1697.744000,-0.202313
1697.745000,-0.206137
1697.746000,-0.266351
1697.747000,-0.192448
1697.748000,-0.246417
1697.749000,-0.306462
1697.750000,-0.451003
1697.751000,-0.504159
1697.752000,-0.406275
1697.753000,-0.406484
1697.754000,-0.664636
1697.755000,-0.838328
1697.756000,-0.767610
1697.757000,-0.675252
1697.758000,-0.697710
1697.759000,-0.647670
1697.760000,-0.610661
1697.761000,-0.709773
1697.762000,-0.666026
1697.763000,-0.743909
1697.764000,-0.790057
1697.765000,-0.593559
1697.766000,-0.750060
1697.767000,-0.872991
1697.768000,-0.571498
1697.769000,-0.351861
1697.770000,-0.368704
1697.771000,-0.419337
1697.772000,-0.475648
1697.773000,-0.434750
1697.774000,-0.402800
1697.775000,-0.260561
1697.776000,-0.181352
1697.777000,-0.273002
1697.778000,-0.268741
1697.779000,-0.502961
1697.780000,-0.430547
1697.781000,-0.422634
1697.782000,-0.462152
1697.783000,-0.492570
1697.784000,-0.489869
1697.785000,-0.486845
1697.786000,-0.560467
1697.787000,-0.378549
1697.788000,-0.359162
1697.789000,-0.424035
1697.790000,-0.404436
1697.791000,-0.337159
1697.792000,-0.420441
1697.793000,-0.464469
1697.794000,-0.340058
1697.795000,-0.256688
1697.796000,-0.262260
1697.797000,-0.284518
1697.798000,-0.364067
1697.799000,-0.306769
1697.800000,-0.220126
1697.801000,-0.335620
1697.802000,-0.283432
1697.803000,-0.172968
1697.804000,-0.150510
1697.805000,0.110430
1697.806000,0.108134
1697.807000,0.030431
1697.808000,-0.081962
1697.809000,-0.087922
1697.810000,-0.168060
1697.811000,-0.258651
1697.812000,-0.295975
1697.813000,-0.228201
1697.814000,-0.286243
1697.815000,-0.228295
1697.816000,-0.169897
1697.817000,-0.127032
1697.818000,-0.019799
1697.819000,0.111949
1697.820000,0.122602
1697.821000,0.124014
1697.822000,0.011131
1697.823000,-0.025605
1697.824000,-0.127425
1697.825000,0.032209
1697.826000,0.197166
1697.827000,0.356338
1697.828000,0.303465
1697.829000,0.318516
1697.830000,0.474462
1697.831000,0.443621
1697.832000,0.415643
1697.833000,0.404779
1697.834000,0.366896
1697.835000,0.492646
1697.836000,0.624065
1697.837000,0.592249
1697.838000,0.715141
1697.839000,0.691718
1697.840000,0.783538
1697.841000,0.749941
1697.842000,0.750881
1697.843000,0.811082
1697.844000,0.648670
1697.845000,0.774151
1697.846000,0.925026
1697.847000,0.763728
1697.848000,0.580389
1697.849000,0.695057
1697.850000,0.551192
1697.851000,0.547212
1697.852000,0.516158
1697.853000,0.571033
1697.854000,0.309719
1697.855000,0.309460
1697.856000,0.381149
1697.857000,0.511087
1697.858000,0.515659
1697.859000,0.580736
1697.860000,0.515475
1697.861000,0.632140
1697.862000,0.449218
1697.863000,0.286962
1697.864000,0.508940
1697.865000,0.631427
1697.866000,0.726994
1697.867000,0.900575
1697.868000,0.769705
1697.869000,0.854920
1697.870000,0.850802
1697.871000,0.945209
1697.872000,0.867548
1697.873000,0.762431
1697.874000,0.601621
1697.875000,0.570382
1697.876000,0.519463
1697.877000,0.579173
1697.878000,0.684848
1697.879000,0.688272
1697.880000,0.671916
1697.881000,0.940955
1697.882000,0.872881
1697.883000,0.721434
1697.884000,0.714736
1697.885000,0.588003
1697.886000,0.691081
1697.887000,0.669686
1697.888000,0.720901
1697.889000,0.595477
1697.890000,0.655520
1697.891000,0.713966
1697.892000,0.771539
1697.893000,0.705631
1697.894000,0.637038
1697.895000,0.660906
1697.896000,0.603304
1697.897000,0.735194
1697.898000,0.725057
1697.899000,0.662300
1697.900000,0.649553
1697.901000,0.575127
1697.902000,0.652002
1697.903000,0.608784
1697.904000,0.679519
1697.905000,0.599465
1697.906000,0.501702
1697.907000,0.538010
1697.908000,0.681529
1697.909000,0.542499
1697.910000,0.434416
1697.911000,0.410253
1697.912000,0.343959
1697.913000,0.092795
1697.914000,0.022770
1697.915000,0.051826
1697.916000,-0.046854
1697.917000,-0.072597
1697.918000,0.063043
1697.919000,0.158076
1697.920000,0.078382
1697.921000,0.137543
1697.922000,0.205141
1697.923000,0.120950
1697.924000,0.236243
1697.925000,0.349774
1697.926000,0.437647
1697.927000,0.250867
1697.928000,0.169695
1697.929000,0.191832
1697.930000,0.014093
1697.931000,-0.040529
1697.932000,-0.143534
1697.933000,-0.059172
1697.934000,0.008359
1697.935000,0.112782
1697.936000,-0.051150
1697.937000,-0.119126
1697.938000,-0.014391
1697.939000,0.025345
1697.940000,-0.011356
1697.941000,-0.001434
1697.942000,0.014430
1697.943000,0.154033
1697.944000,-0.024693
1697.945000,-0.005887
1697.946000,-0.058275
1697.947000,-0.227477
1697.948000,-0.222788
1697.949000,-0.362531
1697.950000,-0.269866
1697.951000,-0.197587
1697.952000,-0.355514
1697.953000,-0.346386
1697.954000,-0.384418
1697.955000,-0.257829
1697.956000,-0.348699
1697.957000,-0.392388
1697.958000,-0.262184
1697.959000,-0.388389
1697.960000,-0.238643
1697.961000,-0.069515
1697.962000,-0.120022
1697.963000,-0.188021
1697.964000,-0.100515
1697.965000,-0.122386
1697.966000,0.064345
1697.967000,0.131442
1697.968000,0.059091
1697.969000,0.115751
1697.970000,0.188352
1697.971000,0.143848
1697.972000,0.064993
1697.973000,0.064695
1697.974000,-0.014674
1697.975000,-0.105696
1697.976000,-0.041935
1697.977000,0.011832
1697.978000,0.120076
1697.979000,0.289795
1697.980000,0.313300
1697.981000,0.329256
1697.982000,0.223646
1697.983000,0.355210
1697.984000,0.351194
1697.985000,0.280121
1697.986000,0.282065
1697.987000,0.253413
1697.988000,0.241082
1697.989000,0.171662
1697.990000,0.317397
1697.991000,0.261701
1697.992000,0.318753
1697.993000,0.220202
1697.994000,0.274097
1697.995000,0.304728
1697.996000,0.625489
1697.997000,0.517442
1697.998000,0.565388
1697.999000,0.612564
1698.000000,0.659171
1698.001000,0.668894
1698.002000,0.776336
1698.003000,0.788947
1698.004000,0.788253
1698.005000,0.844222
1698.006000,0.718265
1698.007000,0.858269
1698.008000,0.792567
1698.009000,0.577997
1698.010000,0.668642
1698.011000,0.585253
1698.012000,0.497364
1698.013000,0.509690
1698.014000,0.369890
1698.015000,0.427048
1698.016000,0.428324
1698.017000,0.481270
1698.018000,0.183169
1698.019000,0.052527
1698.020000,0.024011
1698.021000,-0.033972
1698.022000,-0.052805
1698.023000,-0.056706
1698.024000,-0.026904
1698.025000,-0.015224
1698.026000,-0.117229
1698.027000,-0.299796
1698.028000,-0.294715
1698.029000,-0.362700
1698.030000,-0.414956
1698.031000,-0.474705
1698.032000,-0.399834
1698.033000,-0.366821
1698.034000,-0.189241
1698.035000,-0.379053
1698.036000,-0.451974
1698.037000,-0.419831
1698.038000,-0.644416
1698.039000,-0.483153
1698.040000,-0.449981
1698.041000,-0.381080
1698.042000,-0.378031
1698.043000,-0.347244
1698.044000,-0.395913
1698.045000,-0.457002
1698.046000,-0.564408
1698.047000,-0.593521
1698.048000,-0.694553
1698.049000,-0.698872
1698.050000,-0.707236
1698.051000,-0.493773
1698.052000,-0.390066
1698.053000,-0.308810
1698.054000,-0.234802
1698.055000,-0.129209
1698.056000,-0.075280
1698.057000,-0.085297
1698.058000,0.018346
1698.059000,-0.092210
1698.060000,-0.206438
1698.061000,0.028974
1698.062000,0.028891
1698.063000,-0.082230
1698.064000,0.011094
1698.065000,-0.003583
1698.066000,-0.010438
1698.067000,-0.271961
1698.068000,-0.360055
1698.069000,-0.413121
1698.070000,-0.326497
1698.071000,-0.473438
1698.072000,-0.660407
1698.073000,-0.804416
1698.074000,-1.038700
1698.075000,-0.919741
1698.076000,-0.906714
1698.077000,-0.818347
1698.078000,-0.855911
1698.079000,-0.799391
1698.080000,-0.571414
1698.081000,-0.670001
1698.082000,-0.696488
1698.083000,-0.691798
1698.084000,-0.523657
1698.085000,-0.560161
1698.086000,-0.525159
1698.087000,-0.490476
1698.088000,-0.464792
1698.089000,-0.254842
1698.090000,-0.266533
1698.091000,-0.248236
1698.092000,-0.140830
1698.093000,0.104293
1698.094000,0.144986
1698.095000,-0.001697
1698.096000,0.057657
1698.097000,-0.051312
1698.098000,-0.080305
1698.099000,0.000321
1698.100000,0.089951
1698.101000,0.147341
1698.102000,0.146988
1698.103000,0.068833
1698.104000,0.056328
1698.105000,-0.110742
1698.106000,-0.146863
1698.107000,-0.222518
1698.108000,-0.190018
1698.109000,-0.427979
1698.110000,-0.290068
1698.111000,-0.400964
1698.112000,-0.385838
1698.113000,-0.325689
1698.114000,-0.319308
1698.115000,-0.229589
1698.116000,-0.133752
1698.117000,-0.159091
1698.118000,-0.391025
1698.119000,-0.509355
1698.120000,-0.649483
1698.121000,-0.480799
1698.122000,-0.483577
1698.123000,-0.446547
1698.124000,-0.267455
1698.125000,-0.260696
1698.126000,-0.231581
1698.127000,-0.211362
1698.128000,-0.431910
1698.129000,-0.501329
1698.130000,-0.544293
1698.131000,-0.518807
1698.132000,-0.526665
1698.133000,-0.490742
1698.134000,-0.388209
1698.135000,-0.374621
1698.136000,-0.381977
1698.137000,-0.221688
1698.138000,-0.056310
1698.139000,-0.086580
1698.140000,-0.112695
1698.141000,-0.256474
1698.142000,-0.365365
1698.143000,-0.291483
1698.144000,-0.443559
1698.145000,-0.475484
1698.146000,-0.379707
1698.147000,-0.241169
1698.148000,-0.194489
1698.149000,-0.001975
1698.150000,0.204427
1698.151000,0.302310
1698.152000,0.277244
1698.153000,0.390193
1698.154000,0.251083
1698.155000,0.273986
1698.156000,0.161308
1698.157000,0.167443
1698.158000,0.196476
1698.159000,0.277268
1698.160000,0.177657
1698.161000,0.287730
1698.162000,0.339013
1698.163000,0.356744
1698.164000,0.314214
1698.165000,0.309029
1698.166000,0.247083
1698.167000,0.167083
1698.168000,0.098862
1698.169000,0.213885
1698.170000,0.244518
1698.171000,0.377907
1698.172000,0.412214
1698.173000,0.292664
1698.174000,0.405253
1698.175000,0.529092
1698.176000,0.413480
1698.177000,0.445263
1698.178000,0.293163
1698.179000,0.258578
1698.180000,0.223680
1698.181000,0.261502
1698.182000,0.232382
1698.183000,0.327456
1698.184000,0.376201
1698.185000,0.408056
1698.186000,0.375480
1698.187000,0.344183
1698.188000,0.485024
1698.189000,0.376666
1698.190000,0.178451
1698.191000,0.208307
1698.192000,0.319707
1698.193000,0.503805
1698.194000,0.523227
1698.195000,0.689852
1698.196000,0.509702
1698.197000,0.422789
1698.198000,0.571662
1698.199000,0.602207
1698.200000,0.620942
1698.201000,0.732239
1698.202000,0.764458
1698.203000,0.771101
1698.204000,0.975574
1698.205000,0.862423
1698.206000,0.943285
1698.207000,0.973737
1698.208000,0.820112
1698.209000,0.968673
1698.210000,0.966720
1698.211000,1.053318
1698.212000,1.126702
1698.213000,1.061738
1698.214000,0.981342
1698.215000,1.069744
1698.216000,1.064616
1698.217000,1.040278
1698.218000,0.816966
1698.219000,0.717522
1698.220000,0.655177
1698.221000,0.686106
1698.222000,0.709656
1698.223000,0.664875
1698.224000,0.566158
1698.225000,0.544162
1698.226000,0.463561
1698.227000,0.503282
1698.228000,0.280560
1698.229000,0.065103
1698.230000,0.066486
1698.231000,0.069282
1698.232000,-0.018168
1698.233000,-0.190467
1698.234000,-0.069749
1698.235000,0.052004
1698.236000,0.171576
1698.237000,0.251475
1698.238000,0.200094
1698.239000,0.233031
1698.240000,0.489839
1698.241000,0.403182
1698.242000,0.187499
1698.243000,0.130870
1698.244000,0.135768
1698.245000,0.380737
1698.246000,0.489620
1698.247000,0.367147
1698.248000,0.351942
1698.249000,0.240568
1698.250000,0.317914
1698.251000,0.166401
1698.252000,0.212544
1698.253000,0.208762
1698.254000,0.169529
1698.255000,0.207487
1698.256000,0.189150
1698.257000,0.112286
1698.258000,0.108417
1698.259000,0.187092
1698.260000,0.187040
1698.261000,0.202127
1698.262000,0.028268
1698.263000,0.041525
1698.264000,-0.142040
1698.265000,-0.052553
1698.266000,0.286487
1698.267000,0.393389
1698.268000,0.520310
1698.269000,0.601646
1698.270000,0.563127
1698.271000,0.684671
1698.272000,0.670788
1698.273000,0.564247
1698.274000,0.387355
1698.275000,0.410184
1698.276000,0.421130
1698.277000,0.337216
1698.278000,-0.016794
1698.279000,-0.071085
1698.280000,-0.011164
1698.281000,-0.008787
1698.282000,0.102551
1698.283000,0.240000
1698.284000,0.263448
1698.285000,0.185710
1698.286000,0.167821
1698.287000,0.219607
1698.288000,0.192405
1698.289000,0.143519
1698.290000,0.119430
1698.291000,-0.152513
1698.292000,-0.071079
1698.293000,-0.290368
1698.294000,-0.297740
1698.295000,-0.198769
1698.296000,-0.391060
1698.297000,-0.541712
1698.298000,-0.624381
1698.299000,-0.700876
